20 100
10000.0 4 14400.0 79200.0
2000.0 8 14400.0 79200.0
2000.0 6 14400.0 79200.0
7000.0 0 14400.0 79200.0
7000.0 8 14400.0 79200.0
5000.0 4 14400.0 79200.0
7000.0 0 14400.0 79200.0
2000.0 4 14400.0 79200.0
10000.0 7 14400.0 79200.0
2000.0 5 14400.0 79200.0
7000.0 1 14400.0 79200.0
2000.0 9 14400.0 79200.0
2000.0 5 14400.0 79200.0
10000.0 6 14400.0 79200.0
2000.0 7 14400.0 79200.0
10000.0 9 14400.0 79200.0
10000.0 1 14400.0 79200.0
10000.0 2 14400.0 79200.0
2000.0 7 14400.0 79200.0
2000.0 7 14400.0 79200.0
553.4062577873428 13 23204.0 26458.0 300.0 300.0 17 39000.0 42041.0 300.0 300.0
768.2124269694203 52 52792.0 54864.0 300.0 300.0 42 71136.0 73179.0 300.0 300.0
555.8268421458336 34 43827.0 47224.0 300.0 300.0 46 64724.0 68174.0 300.0 300.0
557.3715953073576 29 53906.0 56738.0 300.0 300.0 22 67775.0 70897.0 300.0 300.0
169.04465663868916 10 50327.0 53514.0 300.0 300.0 34 68013.0 70448.0 300.0 300.0
312.69266153393573 25 18479.0 20914.0 300.0 300.0 47 35051.0 38126.0 300.0 300.0
143.2157703489002 48 34126.0 36726.0 300.0 300.0 43 54603.0 56708.0 300.0 300.0
110.3813168614971 30 28799.0 31943.0 300.0 300.0 17 44877.0 47649.0 300.0 300.0
993.0630740695441 54 30239.0 32081.0 300.0 300.0 28 48498.0 51180.0 300.0 300.0
318.9229861751294 25 49475.0 51557.0 300.0 300.0 19 66720.0 69391.0 300.0 300.0
248.66907752794532 27 46720.0 49761.0 300.0 300.0 23 64598.0 66719.0 300.0 300.0
220.36768393754556 24 40976.0 43495.0 300.0 300.0 34 55692.0 58396.0 300.0 300.0
771.9920213206657 46 46642.0 49369.0 300.0 300.0 18 64885.0 67580.0 300.0 300.0
603.2391138354564 24 28032.0 30908.0 300.0 300.0 12 45864.0 47711.0 300.0 300.0
456.5162134035328 31 46091.0 48523.0 300.0 300.0 55 60218.0 63420.0 300.0 300.0
219.50149216934366 25 29319.0 31699.0 300.0 300.0 55 48287.0 51374.0 300.0 300.0
987.1930769484719 41 34220.0 36434.0 300.0 300.0 27 49219.0 51154.0 300.0 300.0
130.3140343379926 31 32804.0 35971.0 300.0 300.0 25 50188.0 53032.0 300.0 300.0
112.06371116256086 45 53979.0 56606.0 300.0 300.0 17 72299.0 74831.0 300.0 300.0
991.0950225339943 25 33188.0 35383.0 300.0 300.0 54 49539.0 51464.0 300.0 300.0
269.78012143139506 18 52572.0 54854.0 300.0 300.0 33 65875.0 67902.0 300.0 300.0
848.2408962437156 36 35645.0 38342.0 300.0 300.0 15 49291.0 52087.0 300.0 300.0
992.1360241966681 60 34474.0 37140.0 300.0 300.0 30 50730.0 53812.0 300.0 300.0
624.6163157994415 23 41357.0 44641.0 300.0 300.0 57 56358.0 58716.0 300.0 300.0
430.53182636209687 52 31523.0 33369.0 300.0 300.0 21 46510.0 48459.0 300.0 300.0
979.9383019145806 44 28657.0 32194.0 300.0 300.0 26 45001.0 47171.0 300.0 300.0
672.2572403271109 48 34698.0 37811.0 300.0 300.0 22 52697.0 54866.0 300.0 300.0
951.0830115368117 13 40675.0 44128.0 300.0 300.0 18 58566.0 61213.0 300.0 300.0
358.18267166168914 27 28072.0 31553.0 300.0 300.0 47 46785.0 48694.0 300.0 300.0
746.1897963104402 41 51485.0 54368.0 300.0 300.0 21 65762.0 68980.0 300.0 300.0
988.88073982387 58 48450.0 50615.0 300.0 300.0 28 64685.0 66818.0 300.0 300.0
309.6355851632874 45 39641.0 41933.0 300.0 300.0 19 59740.0 62608.0 300.0 300.0
321.70674789908725 29 18666.0 20732.0 300.0 300.0 17 34737.0 37230.0 300.0 300.0
51.29236537181014 33 25672.0 29023.0 300.0 300.0 38 40640.0 43252.0 300.0 300.0
386.67547348053455 41 36592.0 38726.0 300.0 300.0 14 50826.0 53155.0 300.0 300.0
186.12834424205982 39 44284.0 47841.0 300.0 300.0 17 60950.0 63294.0 300.0 300.0
963.1846619705877 14 48878.0 51195.0 300.0 300.0 13 63307.0 65676.0 300.0 300.0
936.70390135045 46 35561.0 38084.0 300.0 300.0 57 51138.0 54288.0 300.0 300.0
301.22869387187677 40 45218.0 47737.0 300.0 300.0 33 62373.0 65706.0 300.0 300.0
873.3659796691956 43 47927.0 50489.0 300.0 300.0 23 61483.0 64106.0 300.0 300.0
487.57092534151815 24 47749.0 50842.0 300.0 300.0 53 65967.0 68414.0 300.0 300.0
601.2426380182345 11 23828.0 27402.0 300.0 300.0 35 43734.0 46598.0 300.0 300.0
56.627047604791755 18 30855.0 32773.0 300.0 300.0 24 44145.0 47084.0 300.0 300.0
30.152482219738317 11 26357.0 29372.0 300.0 300.0 57 42880.0 45973.0 300.0 300.0
244.15525311657981 21 50190.0 53743.0 300.0 300.0 39 67067.0 69425.0 300.0 300.0
498.3063677125936 10 22133.0 25380.0 300.0 300.0 41 39044.0 42524.0 300.0 300.0
55.2291705384117 42 18912.0 21005.0 300.0 300.0 43 33863.0 35684.0 300.0 300.0
962.6080090209535 47 29862.0 32752.0 300.0 300.0 31 48330.0 50895.0 300.0 300.0
51.73842985899613 14 53775.0 56962.0 300.0 300.0 13 73103.0 75160.0 300.0 300.0
451.2429934432702 39 21735.0 24095.0 300.0 300.0 59 39635.0 42328.0 300.0 300.0
303.5445136886131 25 23581.0 25690.0 300.0 300.0 28 38035.0 40452.0 300.0 300.0
616.2489354564234 13 49298.0 52245.0 300.0 300.0 44 69313.0 72466.0 300.0 300.0
245.51912211177984 15 26150.0 29035.0 300.0 300.0 45 40630.0 42545.0 300.0 300.0
877.4178050808606 21 37067.0 39054.0 300.0 300.0 15 50701.0 52722.0 300.0 300.0
553.4849456365278 26 28116.0 31588.0 300.0 300.0 12 45015.0 47088.0 300.0 300.0
651.1146206065174 36 25012.0 27783.0 300.0 300.0 51 42481.0 45381.0 300.0 300.0
518.4152927253713 12 31943.0 34131.0 300.0 300.0 21 47415.0 50048.0 300.0 300.0
79.68770794338509 49 31365.0 34420.0 300.0 300.0 35 45718.0 48127.0 300.0 300.0
542.3568187592064 60 24098.0 27181.0 300.0 300.0 29 38914.0 40840.0 300.0 300.0
574.7642692262051 56 40932.0 42794.0 300.0 300.0 60 54791.0 57078.0 300.0 300.0
193.02020987067903 58 43734.0 45878.0 300.0 300.0 25 63463.0 65472.0 300.0 300.0
150.90559896888846 45 45372.0 47905.0 300.0 300.0 39 61741.0 65305.0 300.0 300.0
987.813126708235 52 40858.0 43361.0 300.0 300.0 36 55846.0 58751.0 300.0 300.0
729.2555910087104 44 49534.0 52431.0 300.0 300.0 46 64420.0 66357.0 300.0 300.0
592.6193678871446 46 36039.0 39019.0 300.0 300.0 27 51280.0 54656.0 300.0 300.0
342.7432481267932 37 37953.0 41246.0 300.0 300.0 11 58355.0 61204.0 300.0 300.0
135.58682287783364 52 45574.0 48167.0 300.0 300.0 45 61776.0 64842.0 300.0 300.0
968.2566442095563 52 34619.0 36626.0 300.0 300.0 25 51557.0 53620.0 300.0 300.0
680.6714694225163 48 50671.0 53372.0 300.0 300.0 45 70668.0 72672.0 300.0 300.0
774.5342135521164 42 31158.0 34175.0 300.0 300.0 53 51375.0 54080.0 300.0 300.0
768.1778058661026 45 28926.0 32137.0 300.0 300.0 33 44510.0 47026.0 300.0 300.0
119.2310108313055 10 45992.0 48418.0 300.0 300.0 21 64707.0 66943.0 300.0 300.0
107.88331791461103 57 18028.0 21060.0 300.0 300.0 11 38783.0 41505.0 300.0 300.0
101.00297005529357 43 47820.0 51376.0 300.0 300.0 27 63139.0 65844.0 300.0 300.0
661.767776362526 29 34266.0 37489.0 300.0 300.0 19 50430.0 53290.0 300.0 300.0
803.1753424771995 17 37128.0 40547.0 300.0 300.0 20 58292.0 60833.0 300.0 300.0
244.48432108972906 19 41979.0 43844.0 300.0 300.0 12 56777.0 59098.0 300.0 300.0
219.660148178097 43 33246.0 36540.0 300.0 300.0 11 48136.0 51248.0 300.0 300.0
526.4886834567427 24 32380.0 34866.0 300.0 300.0 13 52572.0 55072.0 300.0 300.0
880.6779655207108 47 31778.0 33819.0 300.0 300.0 15 45037.0 47419.0 300.0 300.0
682.5341261270405 41 41957.0 44811.0 300.0 300.0 56 56690.0 59679.0 300.0 300.0
279.3081741584074 27 51830.0 53829.0 300.0 300.0 18 66002.0 69121.0 300.0 300.0
481.7722391916578 10 28756.0 30561.0 300.0 300.0 13 42747.0 45726.0 300.0 300.0
708.1054360358929 44 38241.0 40368.0 300.0 300.0 37 57799.0 60499.0 300.0 300.0
69.07174827765672 22 42763.0 45876.0 300.0 300.0 31 62535.0 64890.0 300.0 300.0
150.51516501612085 47 40665.0 43545.0 300.0 300.0 51 59843.0 62205.0 300.0 300.0
103.85893029570958 59 32108.0 34420.0 300.0 300.0 41 50329.0 53099.0 300.0 300.0
521.5140268504467 23 28643.0 31046.0 300.0 300.0 22 47557.0 51051.0 300.0 300.0
975.6431225537765 21 46274.0 49122.0 300.0 300.0 15 64937.0 68153.0 300.0 300.0
137.07954502555197 36 29234.0 31434.0 300.0 300.0 15 43903.0 46764.0 300.0 300.0
36.64749451151739 23 31545.0 34107.0 300.0 300.0 53 51499.0 53450.0 300.0 300.0
618.4210729049419 13 37074.0 39233.0 300.0 300.0 41 52857.0 56179.0 300.0 300.0
823.2185987169244 47 21842.0 24725.0 300.0 300.0 33 37259.0 39355.0 300.0 300.0
44.42167725350177 58 21268.0 23158.0 300.0 300.0 25 36903.0 40221.0 300.0 300.0
79.91637951249608 22 53297.0 56643.0 300.0 300.0 37 68562.0 71737.0 300.0 300.0
578.8612628678577 56 48811.0 51345.0 300.0 300.0 51 62658.0 65101.0 300.0 300.0
663.7400829847468 30 29683.0 31544.0 300.0 300.0 20 43659.0 46938.0 300.0 300.0
776.5025320701144 37 53618.0 56955.0 300.0 300.0 10 70640.0 72730.0 300.0 300.0
560.5509754544978 24 20361.0 22993.0 300.0 300.0 42 35391.0 38004.0 300.0 300.0
557.1911276384272 55 41107.0 43970.0 300.0 300.0 16 55266.0 57834.0 300.0 300.0
