20 100
5000.0 7 14400.0 79200.0
5000.0 9 14400.0 79200.0
5000.0 9 14400.0 79200.0
10000.0 5 14400.0 79200.0
7000.0 9 14400.0 79200.0
5000.0 0 14400.0 79200.0
2000.0 9 14400.0 79200.0
5000.0 5 14400.0 79200.0
10000.0 0 14400.0 79200.0
10000.0 0 14400.0 79200.0
10000.0 4 14400.0 79200.0
7000.0 7 14400.0 79200.0
10000.0 8 14400.0 79200.0
7000.0 5 14400.0 79200.0
2000.0 3 14400.0 79200.0
5000.0 0 14400.0 79200.0
5000.0 5 14400.0 79200.0
5000.0 9 14400.0 79200.0
7000.0 9 14400.0 79200.0
7000.0 8 14400.0 79200.0
457.7138984754965 34 40351.0 42535.0 300.0 300.0 60 56101.0 57945.0 300.0 300.0
510.01427708026984 12 48277.0 51860.0 300.0 300.0 46 68771.0 71676.0 300.0 300.0
792.7435823108499 40 26121.0 28762.0 300.0 300.0 48 45966.0 49018.0 300.0 300.0
347.30445451947026 37 26031.0 27847.0 300.0 300.0 43 45817.0 48777.0 300.0 300.0
147.03301587817353 60 41165.0 44710.0 300.0 300.0 53 57854.0 60086.0 300.0 300.0
278.3128452510939 15 35008.0 38230.0 300.0 300.0 29 52707.0 54959.0 300.0 300.0
18.155393131252918 25 33628.0 36179.0 300.0 300.0 30 48944.0 52303.0 300.0 300.0
581.9811138688265 51 38310.0 41031.0 300.0 300.0 28 53297.0 55258.0 300.0 300.0
356.0726308526578 27 28773.0 31886.0 300.0 300.0 57 43695.0 45832.0 300.0 300.0
111.21551843897915 21 26848.0 28961.0 300.0 300.0 32 43953.0 46018.0 300.0 300.0
152.2618131918161 13 46234.0 48931.0 300.0 300.0 41 66585.0 69399.0 300.0 300.0
401.3990423129686 34 32864.0 34728.0 300.0 300.0 33 50159.0 52419.0 300.0 300.0
432.47323000234695 21 28825.0 32030.0 300.0 300.0 44 44982.0 48150.0 300.0 300.0
894.2793855540547 13 45236.0 47407.0 300.0 300.0 16 62224.0 65050.0 300.0 300.0
252.5363214360732 51 34905.0 37282.0 300.0 300.0 20 51656.0 53754.0 300.0 300.0
801.8303529114191 35 40580.0 42763.0 300.0 300.0 33 60716.0 63880.0 300.0 300.0
729.2510651821237 10 30144.0 33042.0 300.0 300.0 11 43911.0 46595.0 300.0 300.0
276.3798916587189 35 53820.0 55704.0 300.0 300.0 18 67949.0 70719.0 300.0 300.0
835.1224932006274 33 40898.0 43977.0 300.0 300.0 30 58752.0 61360.0 300.0 300.0
828.7240038064355 16 23243.0 25537.0 300.0 300.0 19 42862.0 46079.0 300.0 300.0
6.866660988401496 19 27726.0 30875.0 300.0 300.0 15 42188.0 44192.0 300.0 300.0
853.8871856711999 57 42166.0 44215.0 300.0 300.0 55 61994.0 64089.0 300.0 300.0
782.9646348801459 48 36880.0 40441.0 300.0 300.0 23 54873.0 56961.0 300.0 300.0
677.8135851902979 20 52838.0 55788.0 300.0 300.0 25 67583.0 69933.0 300.0 300.0
24.167749520354832 10 50274.0 53489.0 300.0 300.0 21 70018.0 72427.0 300.0 300.0
455.11625333329397 56 50069.0 53246.0 300.0 300.0 29 69732.0 72375.0 300.0 300.0
471.2398192007584 41 48332.0 50696.0 300.0 300.0 20 62151.0 64434.0 300.0 300.0
239.98974793151373 25 26742.0 29831.0 300.0 300.0 54 43665.0 46833.0 300.0 300.0
754.2109205735959 53 30511.0 32359.0 300.0 300.0 16 45453.0 47393.0 300.0 300.0
565.7922681819352 20 22729.0 24621.0 300.0 300.0 26 41220.0 43409.0 300.0 300.0
644.2403259991083 12 51943.0 55199.0 300.0 300.0 28 72226.0 75026.0 300.0 300.0
334.2917932977576 33 53087.0 55800.0 300.0 300.0 32 66755.0 70263.0 300.0 300.0
599.4434309035468 50 29633.0 32621.0 300.0 300.0 56 48992.0 51489.0 300.0 300.0
898.186050011669 53 36553.0 38576.0 300.0 300.0 15 50627.0 54186.0 300.0 300.0
125.70750615510696 12 49711.0 52840.0 300.0 300.0 60 68518.0 71598.0 300.0 300.0
69.66112498780363 30 49429.0 52432.0 300.0 300.0 13 63926.0 66626.0 300.0 300.0
387.9528640979014 47 35201.0 37648.0 300.0 300.0 27 51588.0 54475.0 300.0 300.0
787.2385484289306 54 40587.0 43977.0 300.0 300.0 15 55666.0 59042.0 300.0 300.0
961.2190946458586 27 32381.0 34208.0 300.0 300.0 15 49227.0 51556.0 300.0 300.0
191.1397389096544 60 40649.0 42809.0 300.0 300.0 12 56136.0 58371.0 300.0 300.0
808.4688948210884 35 30657.0 32569.0 300.0 300.0 24 43583.0 46502.0 300.0 300.0
496.4077642711263 58 39846.0 42420.0 300.0 300.0 43 55783.0 57744.0 300.0 300.0
76.58402913415952 58 29651.0 32012.0 300.0 300.0 23 48520.0 51884.0 300.0 300.0
899.9844625099672 49 30589.0 34135.0 300.0 300.0 50 45607.0 48237.0 300.0 300.0
286.52831754084764 39 28347.0 30492.0 300.0 300.0 19 48225.0 51634.0 300.0 300.0
634.1352619986579 12 51821.0 55112.0 300.0 300.0 15 69249.0 71639.0 300.0 300.0
990.300065135773 48 45210.0 47164.0 300.0 300.0 35 60825.0 63098.0 300.0 300.0
489.70785680730955 30 20497.0 23563.0 300.0 300.0 38 38726.0 42057.0 300.0 300.0
117.69021549832803 11 46529.0 49840.0 300.0 300.0 32 62680.0 65649.0 300.0 300.0
718.7433504393938 49 28415.0 31042.0 300.0 300.0 32 44269.0 46222.0 300.0 300.0
540.9811991252049 19 48232.0 51307.0 300.0 300.0 43 68489.0 70751.0 300.0 300.0
211.34523927201977 43 23656.0 25555.0 300.0 300.0 36 42111.0 44957.0 300.0 300.0
955.9160979055699 25 46345.0 48804.0 300.0 300.0 20 64269.0 67701.0 300.0 300.0
485.23854960632997 50 48362.0 51533.0 300.0 300.0 43 66430.0 69210.0 300.0 300.0
982.2635506958162 56 43348.0 45355.0 300.0 300.0 40 58983.0 61012.0 300.0 300.0
71.28646910730951 49 19911.0 23041.0 300.0 300.0 56 36466.0 39456.0 300.0 300.0
506.204851444921 35 23046.0 25904.0 300.0 300.0 49 40813.0 42951.0 300.0 300.0
801.9106127030225 31 53884.0 56906.0 300.0 300.0 44 71949.0 74717.0 300.0 300.0
158.04963096477144 25 36405.0 39653.0 300.0 300.0 22 56470.0 58699.0 300.0 300.0
773.8000195465783 31 21844.0 24762.0 300.0 300.0 25 36447.0 38882.0 300.0 300.0
490.29994953348853 49 47010.0 48966.0 300.0 300.0 10 64467.0 66953.0 300.0 300.0
57.78056538929888 54 45893.0 48806.0 300.0 300.0 57 64979.0 68497.0 300.0 300.0
800.0527606784916 39 29482.0 32428.0 300.0 300.0 54 43970.0 46534.0 300.0 300.0
747.9164279673539 45 30449.0 33989.0 300.0 300.0 55 51759.0 53633.0 300.0 300.0
642.7627695083763 12 46180.0 48558.0 300.0 300.0 33 62266.0 65790.0 300.0 300.0
593.8653032506568 47 24509.0 26617.0 300.0 300.0 39 42557.0 45240.0 300.0 300.0
287.45493366265106 32 43663.0 46807.0 300.0 300.0 20 60873.0 62928.0 300.0 300.0
144.62646717722072 33 45951.0 49366.0 300.0 300.0 19 65256.0 68017.0 300.0 300.0
651.9319630536951 18 52521.0 54400.0 300.0 300.0 47 69795.0 72888.0 300.0 300.0
181.89034260561522 44 41954.0 44264.0 300.0 300.0 11 58769.0 61526.0 300.0 300.0
475.09290269203086 55 49995.0 53512.0 300.0 300.0 57 66456.0 68846.0 300.0 300.0
855.3894344942464 34 29218.0 31688.0 300.0 300.0 52 44240.0 46580.0 300.0 300.0
586.2659499326862 32 44942.0 46900.0 300.0 300.0 24 59725.0 62344.0 300.0 300.0
703.4964387030608 42 23102.0 26593.0 300.0 300.0 25 37821.0 40336.0 300.0 300.0
431.9385018146489 52 19812.0 22223.0 300.0 300.0 31 36462.0 39322.0 300.0 300.0
986.7351137357906 44 40837.0 43987.0 300.0 300.0 52 61263.0 64309.0 300.0 300.0
441.2916881463444 39 25857.0 29193.0 300.0 300.0 58 45220.0 47588.0 300.0 300.0
51.14965608193822 24 32999.0 36235.0 300.0 300.0 12 50266.0 52154.0 300.0 300.0
135.7418954827312 58 41307.0 43414.0 300.0 300.0 59 54800.0 57926.0 300.0 300.0
828.2823432878562 11 26414.0 28623.0 300.0 300.0 46 41169.0 44176.0 300.0 300.0
5.8601054843731015 38 24154.0 27454.0 300.0 300.0 48 43058.0 45400.0 300.0 300.0
858.8788434465391 43 38644.0 41405.0 300.0 300.0 49 54562.0 57595.0 300.0 300.0
342.5562987881665 22 21723.0 23679.0 300.0 300.0 60 39697.0 42962.0 300.0 300.0
172.78685678499272 18 36042.0 38084.0 300.0 300.0 14 52984.0 54797.0 300.0 300.0
278.6341119433562 35 31813.0 33993.0 300.0 300.0 22 49048.0 51169.0 300.0 300.0
976.6281377592413 52 44114.0 47623.0 300.0 300.0 47 61070.0 63755.0 300.0 300.0
991.4660031598102 59 27993.0 30496.0 300.0 300.0 11 41947.0 44796.0 300.0 300.0
886.8685736872762 17 23148.0 25330.0 300.0 300.0 22 37715.0 40165.0 300.0 300.0
166.712704753313 35 50753.0 52572.0 300.0 300.0 52 69245.0 71312.0 300.0 300.0
626.4266043861346 43 41807.0 43927.0 300.0 300.0 14 57918.0 59856.0 300.0 300.0
615.1898307527248 26 52904.0 55564.0 300.0 300.0 24 68844.0 70653.0 300.0 300.0
889.8595719454717 14 27042.0 29978.0 300.0 300.0 39 41555.0 43401.0 300.0 300.0
168.0207813009471 12 18732.0 21280.0 300.0 300.0 20 33310.0 36767.0 300.0 300.0
921.7409219334032 30 26162.0 28936.0 300.0 300.0 24 41678.0 45055.0 300.0 300.0
306.33439053184964 11 29036.0 32274.0 300.0 300.0 54 49182.0 51925.0 300.0 300.0
175.75097440590716 14 24503.0 27406.0 300.0 300.0 48 40424.0 43103.0 300.0 300.0
177.57048449015844 16 18209.0 21347.0 300.0 300.0 23 32544.0 34969.0 300.0 300.0
893.2910359533062 47 47638.0 50925.0 300.0 300.0 18 63309.0 65173.0 300.0 300.0
836.9227543935984 14 48773.0 51222.0 300.0 300.0 55 64562.0 68055.0 300.0 300.0
209.50797124991027 31 50619.0 52531.0 300.0 300.0 47 64827.0 67149.0 300.0 300.0
