20 100
7000.0 9 14400.0 79200.0
2000.0 1 14400.0 79200.0
2000.0 0 14400.0 79200.0
10000.0 7 14400.0 79200.0
2000.0 3 14400.0 79200.0
2000.0 9 14400.0 79200.0
7000.0 4 14400.0 79200.0
7000.0 4 14400.0 79200.0
10000.0 6 14400.0 79200.0
2000.0 9 14400.0 79200.0
10000.0 2 14400.0 79200.0
10000.0 9 14400.0 79200.0
2000.0 3 14400.0 79200.0
2000.0 7 14400.0 79200.0
7000.0 2 14400.0 79200.0
5000.0 8 14400.0 79200.0
10000.0 4 14400.0 79200.0
7000.0 4 14400.0 79200.0
5000.0 9 14400.0 79200.0
7000.0 3 14400.0 79200.0
130.30421979117492 21 25834.0 27933.0 300.0 300.0 34 41439.0 44898.0 300.0 300.0
89.13398087593616 58 45761.0 47818.0 300.0 300.0 12 62797.0 65531.0 300.0 300.0
845.2154178412989 10 24577.0 27911.0 300.0 300.0 59 43988.0 46845.0 300.0 300.0
896.0895166451083 43 53133.0 55565.0 300.0 300.0 14 72766.0 75507.0 300.0 300.0
131.45828775060554 28 29146.0 32722.0 300.0 300.0 56 45385.0 48684.0 300.0 300.0
936.7451619298915 28 30594.0 34064.0 300.0 300.0 58 45661.0 49025.0 300.0 300.0
141.09135975367758 32 34452.0 37301.0 300.0 300.0 25 54814.0 57940.0 300.0 300.0
597.749121860678 48 19263.0 21320.0 300.0 300.0 52 32275.0 34518.0 300.0 300.0
557.5980039287718 16 52608.0 54778.0 300.0 300.0 49 70140.0 73113.0 300.0 300.0
66.20361043066492 49 19116.0 21491.0 300.0 300.0 30 34383.0 36321.0 300.0 300.0
437.09886420067454 16 51298.0 53780.0 300.0 300.0 50 66957.0 70452.0 300.0 300.0
319.3625378275958 29 22619.0 26004.0 300.0 300.0 10 43788.0 47332.0 300.0 300.0
988.014251080469 51 30538.0 33481.0 300.0 300.0 14 50302.0 53297.0 300.0 300.0
983.9605349510219 45 32650.0 36118.0 300.0 300.0 58 50462.0 53040.0 300.0 300.0
304.8834843915664 52 42252.0 45501.0 300.0 300.0 55 59099.0 61406.0 300.0 300.0
481.40255191976433 11 41600.0 44169.0 300.0 300.0 20 60826.0 64401.0 300.0 300.0
488.5556653323521 57 35663.0 38569.0 300.0 300.0 23 50557.0 53718.0 300.0 300.0
863.907751081032 28 20327.0 23276.0 300.0 300.0 24 40142.0 42565.0 300.0 300.0
710.8855779127546 40 35234.0 38238.0 300.0 300.0 33 51181.0 54758.0 300.0 300.0
2.1069917188519804 57 22308.0 25663.0 300.0 300.0 39 37947.0 40047.0 300.0 300.0
852.751295487518 13 29437.0 32542.0 300.0 300.0 44 49606.0 51957.0 300.0 300.0
690.3284788512982 43 53650.0 57010.0 300.0 300.0 40 68276.0 70961.0 300.0 300.0
454.3819367929023 37 20892.0 24470.0 300.0 300.0 17 36383.0 39729.0 300.0 300.0
660.0344415808105 52 29510.0 32262.0 300.0 300.0 57 46402.0 48894.0 300.0 300.0
70.74794132430596 47 24891.0 27880.0 300.0 300.0 20 44773.0 48032.0 300.0 300.0
37.13303622788744 11 21590.0 24943.0 300.0 300.0 32 36786.0 39908.0 300.0 300.0
285.5974064552559 46 23708.0 27263.0 300.0 300.0 25 38706.0 42015.0 300.0 300.0
32.098582330453596 59 51512.0 54505.0 300.0 300.0 20 71787.0 74072.0 300.0 300.0
778.4731484602122 10 20886.0 23169.0 300.0 300.0 25 37887.0 40746.0 300.0 300.0
434.27620553278524 22 20533.0 23294.0 300.0 300.0 60 35800.0 39101.0 300.0 300.0
991.9418255795437 40 23359.0 25193.0 300.0 300.0 34 42242.0 44805.0 300.0 300.0
99.09146746489772 31 22986.0 24907.0 300.0 300.0 33 36305.0 39534.0 300.0 300.0
252.9111341483814 51 39273.0 41114.0 300.0 300.0 55 56501.0 59755.0 300.0 300.0
109.16843422885303 36 38300.0 41478.0 300.0 300.0 55 56148.0 58768.0 300.0 300.0
163.27924980440324 36 32931.0 35864.0 300.0 300.0 30 51313.0 53120.0 300.0 300.0
681.9953988996022 59 50145.0 52178.0 300.0 300.0 56 68178.0 71617.0 300.0 300.0
801.6056785037098 43 19910.0 21974.0 300.0 300.0 21 36340.0 38412.0 300.0 300.0
446.555262169522 55 20316.0 23542.0 300.0 300.0 45 40672.0 42698.0 300.0 300.0
738.7380321550795 57 23017.0 25726.0 300.0 300.0 48 41242.0 43505.0 300.0 300.0
162.4221890979689 54 52960.0 56477.0 300.0 300.0 12 68419.0 70465.0 300.0 300.0
145.4808367867766 51 46842.0 49175.0 300.0 300.0 33 63391.0 66618.0 300.0 300.0
784.7550900687058 18 50662.0 53704.0 300.0 300.0 49 68376.0 70675.0 300.0 300.0
797.9220263883057 16 40012.0 42338.0 300.0 300.0 46 58096.0 60955.0 300.0 300.0
449.30721126489357 57 31200.0 33415.0 300.0 300.0 25 50721.0 53614.0 300.0 300.0
613.7961674253581 51 44187.0 46152.0 300.0 300.0 19 60386.0 63752.0 300.0 300.0
159.30834520679414 14 41340.0 44126.0 300.0 300.0 56 56406.0 59185.0 300.0 300.0
388.48419614759143 41 31067.0 33330.0 300.0 300.0 10 46204.0 48145.0 300.0 300.0
881.5250862608098 43 39111.0 42369.0 300.0 300.0 13 55826.0 58980.0 300.0 300.0
658.5305159190779 38 20335.0 23816.0 300.0 300.0 17 35642.0 38179.0 300.0 300.0
317.00580510826506 30 43503.0 45858.0 300.0 300.0 16 58622.0 62068.0 300.0 300.0
479.87641358598387 28 49213.0 52663.0 300.0 300.0 22 67540.0 70563.0 300.0 300.0
702.3830611220362 54 25400.0 28595.0 300.0 300.0 16 45519.0 47875.0 300.0 300.0
352.71448993798606 44 26087.0 28499.0 300.0 300.0 60 42214.0 45163.0 300.0 300.0
753.927506687117 45 26720.0 29831.0 300.0 300.0 27 43849.0 46243.0 300.0 300.0
399.68955025407104 53 26068.0 29250.0 300.0 300.0 16 44182.0 46596.0 300.0 300.0
906.9864588056885 50 36980.0 38898.0 300.0 300.0 16 56565.0 60066.0 300.0 300.0
163.2084386333783 19 30151.0 33103.0 300.0 300.0 38 51064.0 54327.0 300.0 300.0
680.5380107915181 38 32550.0 34822.0 300.0 300.0 55 48286.0 51296.0 300.0 300.0
344.3510328529313 29 34322.0 37093.0 300.0 300.0 57 48449.0 51058.0 300.0 300.0
647.2605999139323 44 32514.0 35190.0 300.0 300.0 23 46068.0 48365.0 300.0 300.0
383.1494282836564 33 52197.0 54158.0 300.0 300.0 20 70599.0 72569.0 300.0 300.0
685.0476478982141 59 40745.0 42669.0 300.0 300.0 46 55039.0 56842.0 300.0 300.0
760.0469560550537 18 41873.0 45275.0 300.0 300.0 43 59934.0 62339.0 300.0 300.0
981.9520066351621 28 25359.0 27384.0 300.0 300.0 18 42517.0 45309.0 300.0 300.0
172.76701437048803 54 21217.0 23921.0 300.0 300.0 48 39358.0 42369.0 300.0 300.0
453.1636786834988 41 26375.0 29304.0 300.0 300.0 28 42530.0 44739.0 300.0 300.0
562.5888724886688 54 35993.0 38185.0 300.0 300.0 43 55907.0 59061.0 300.0 300.0
580.2208811545704 36 38823.0 42263.0 300.0 300.0 33 53705.0 56808.0 300.0 300.0
189.49444109059533 56 41439.0 43566.0 300.0 300.0 17 59805.0 61851.0 300.0 300.0
208.018975546147 23 33941.0 37171.0 300.0 300.0 18 53217.0 55418.0 300.0 300.0
306.5460474362828 37 49341.0 51472.0 300.0 300.0 59 63688.0 65548.0 300.0 300.0
27.476075176622984 48 53957.0 56130.0 300.0 300.0 11 67489.0 69424.0 300.0 300.0
289.278224976086 25 45386.0 47867.0 300.0 300.0 43 65851.0 68056.0 300.0 300.0
558.480343093617 42 26273.0 28739.0 300.0 300.0 41 44622.0 47605.0 300.0 300.0
524.3156702812389 43 53915.0 57004.0 300.0 300.0 22 74921.0 77141.0 300.0 300.0
640.8927359439763 10 25215.0 28667.0 300.0 300.0 45 46288.0 49715.0 300.0 300.0
750.716062011892 46 33887.0 36849.0 300.0 300.0 34 49625.0 51998.0 300.0 300.0
187.20233780061835 53 33557.0 36206.0 300.0 300.0 28 48752.0 51618.0 300.0 300.0
534.9054217818345 36 32180.0 35153.0 300.0 300.0 35 46089.0 49304.0 300.0 300.0
179.59179545222693 45 32299.0 35446.0 300.0 300.0 23 46562.0 48739.0 300.0 300.0
912.1287002516622 41 37952.0 40343.0 300.0 300.0 23 52964.0 55833.0 300.0 300.0
271.7065967005656 49 31280.0 33529.0 300.0 300.0 52 47715.0 49689.0 300.0 300.0
70.0540266923605 49 30677.0 33868.0 300.0 300.0 26 50645.0 52877.0 300.0 300.0
530.7498508778019 48 43409.0 46593.0 300.0 300.0 25 63021.0 65858.0 300.0 300.0
18.899180303459275 47 39393.0 41228.0 300.0 300.0 38 53057.0 55683.0 300.0 300.0
712.4308993487724 23 47189.0 50099.0 300.0 300.0 14 64044.0 67321.0 300.0 300.0
81.9170628692002 29 18292.0 21554.0 300.0 300.0 49 34625.0 37013.0 300.0 300.0
367.9463648480996 27 33878.0 36523.0 300.0 300.0 18 53090.0 56328.0 300.0 300.0
454.38834284709884 22 35915.0 37913.0 300.0 300.0 10 53944.0 57254.0 300.0 300.0
141.1059448608647 54 24585.0 27877.0 300.0 300.0 35 42934.0 45876.0 300.0 300.0
81.89694846644657 37 53178.0 55061.0 300.0 300.0 56 66912.0 68814.0 300.0 300.0
911.8450719895743 46 50762.0 52628.0 300.0 300.0 12 66408.0 68278.0 300.0 300.0
372.46259495668954 48 24140.0 27005.0 300.0 300.0 18 44390.0 46301.0 300.0 300.0
300.9821845632209 30 20283.0 23616.0 300.0 300.0 48 38477.0 40389.0 300.0 300.0
314.2974646219755 17 52965.0 55395.0 300.0 300.0 35 67523.0 70553.0 300.0 300.0
275.8448839469755 28 18512.0 21200.0 300.0 300.0 18 38518.0 41299.0 300.0 300.0
63.14642496419032 23 52596.0 54424.0 300.0 300.0 53 69846.0 72462.0 300.0 300.0
727.3429229095477 44 34567.0 37338.0 300.0 300.0 23 52484.0 54871.0 300.0 300.0
991.3347497893975 12 42440.0 44372.0 300.0 300.0 34 59282.0 61509.0 300.0 300.0
450.6248676646661 16 31180.0 34471.0 300.0 300.0 37 50957.0 53040.0 300.0 300.0
