20 100
10000.0 2 14400.0 79200.0
10000.0 5 14400.0 79200.0
2000.0 4 14400.0 79200.0
7000.0 2 14400.0 79200.0
2000.0 7 14400.0 79200.0
2000.0 0 14400.0 79200.0
2000.0 3 14400.0 79200.0
10000.0 6 14400.0 79200.0
7000.0 4 14400.0 79200.0
5000.0 0 14400.0 79200.0
7000.0 8 14400.0 79200.0
10000.0 6 14400.0 79200.0
2000.0 4 14400.0 79200.0
10000.0 9 14400.0 79200.0
2000.0 5 14400.0 79200.0
7000.0 9 14400.0 79200.0
10000.0 0 14400.0 79200.0
5000.0 4 14400.0 79200.0
10000.0 6 14400.0 79200.0
2000.0 2 14400.0 79200.0
619.8473227303277 55 52342.0 55520.0 300.0 300.0 33 67814.0 70484.0 300.0 300.0
133.2777799772542 23 21555.0 24418.0 300.0 300.0 12 38986.0 41570.0 300.0 300.0
181.6117657295765 29 19704.0 23013.0 300.0 300.0 16 36546.0 39738.0 300.0 300.0
726.2715202440429 22 27255.0 29269.0 300.0 300.0 44 40656.0 43384.0 300.0 300.0
169.06102430816605 15 34758.0 36792.0 300.0 300.0 18 52890.0 56482.0 300.0 300.0
888.5738742426656 43 36542.0 38572.0 300.0 300.0 39 50433.0 53136.0 300.0 300.0
751.1725604991393 44 30759.0 33651.0 300.0 300.0 14 49181.0 52534.0 300.0 300.0
693.3993667944636 33 22378.0 25868.0 300.0 300.0 58 37544.0 39786.0 300.0 300.0
21.26612165229014 53 20529.0 23739.0 300.0 300.0 34 35557.0 38358.0 300.0 300.0
190.18421756980652 32 24440.0 27821.0 300.0 300.0 29 42442.0 45536.0 300.0 300.0
818.9782416207345 58 51602.0 53424.0 300.0 300.0 41 70746.0 72935.0 300.0 300.0
764.9751176861489 54 49320.0 52038.0 300.0 300.0 11 64022.0 66875.0 300.0 300.0
591.6107497298865 32 29337.0 32260.0 300.0 300.0 12 47711.0 50828.0 300.0 300.0
488.03233471421913 35 25660.0 28304.0 300.0 300.0 59 46019.0 48088.0 300.0 300.0
636.2667621968816 25 35745.0 38947.0 300.0 300.0 42 52978.0 54898.0 300.0 300.0
214.56924996709736 26 43398.0 46439.0 300.0 300.0 30 60679.0 63628.0 300.0 300.0
73.10217411596243 56 52611.0 55505.0 300.0 300.0 47 67336.0 69884.0 300.0 300.0
191.09637222988496 54 53628.0 56805.0 300.0 300.0 45 70564.0 72681.0 300.0 300.0
655.4570072815956 28 18671.0 21827.0 300.0 300.0 42 33123.0 36094.0 300.0 300.0
100.65806028837198 46 50065.0 52326.0 300.0 300.0 13 65575.0 67845.0 300.0 300.0
416.1890559110293 33 30543.0 32472.0 300.0 300.0 27 46528.0 49844.0 300.0 300.0
145.38473001740647 50 37159.0 39408.0 300.0 300.0 20 50755.0 53832.0 300.0 300.0
932.1902262838313 48 50069.0 52980.0 300.0 300.0 22 65797.0 68456.0 300.0 300.0
188.6457972816189 37 18014.0 19913.0 300.0 300.0 40 32648.0 35137.0 300.0 300.0
21.174258849628092 58 50139.0 52985.0 300.0 300.0 29 66038.0 68072.0 300.0 300.0
670.4681369616492 30 39795.0 42164.0 300.0 300.0 15 59353.0 61651.0 300.0 300.0
186.10958756476748 33 37972.0 41481.0 300.0 300.0 50 53360.0 55736.0 300.0 300.0
961.9455096978683 34 43613.0 46501.0 300.0 300.0 23 58793.0 61789.0 300.0 300.0
422.23637669455326 42 51571.0 55106.0 300.0 300.0 58 66358.0 69293.0 300.0 300.0
764.645280986739 46 34070.0 36024.0 300.0 300.0 56 52302.0 55163.0 300.0 300.0
787.9254233983756 21 39596.0 41516.0 300.0 300.0 18 56571.0 59546.0 300.0 300.0
801.4341344607351 32 23205.0 25843.0 300.0 300.0 17 40176.0 42993.0 300.0 300.0
711.5643147128367 41 28344.0 31595.0 300.0 300.0 58 46930.0 48987.0 300.0 300.0
331.9827789988755 52 50241.0 52249.0 300.0 300.0 22 63143.0 65688.0 300.0 300.0
519.4154393447465 11 22810.0 26361.0 300.0 300.0 44 39607.0 43183.0 300.0 300.0
390.1357862096171 35 20771.0 23081.0 300.0 300.0 48 36374.0 39563.0 300.0 300.0
390.5865486159986 38 19861.0 21808.0 300.0 300.0 42 37158.0 39074.0 300.0 300.0
246.38477201613097 42 44471.0 46357.0 300.0 300.0 37 63135.0 65484.0 300.0 300.0
500.86059369116 43 48210.0 51532.0 300.0 300.0 10 63043.0 65017.0 300.0 300.0
596.2767327874313 56 31379.0 34001.0 300.0 300.0 55 50967.0 54157.0 300.0 300.0
742.5024405109019 25 26966.0 29960.0 300.0 300.0 45 47914.0 51126.0 300.0 300.0
748.5108330494593 49 28733.0 32239.0 300.0 300.0 52 48922.0 52403.0 300.0 300.0
197.01885267362752 37 20689.0 23939.0 300.0 300.0 15 38799.0 41148.0 300.0 300.0
502.8942868176809 10 43558.0 47041.0 300.0 300.0 11 62851.0 64893.0 300.0 300.0
696.3002241833059 15 19878.0 22152.0 300.0 300.0 33 37248.0 39147.0 300.0 300.0
70.77574300026556 43 49944.0 52998.0 300.0 300.0 15 67539.0 70108.0 300.0 300.0
898.0907596143385 45 47155.0 49428.0 300.0 300.0 52 62058.0 65563.0 300.0 300.0
885.9711978252037 31 24384.0 27342.0 300.0 300.0 43 42120.0 45435.0 300.0 300.0
497.1723439183997 53 29646.0 33058.0 300.0 300.0 58 44099.0 47257.0 300.0 300.0
303.8281619541299 29 26864.0 29438.0 300.0 300.0 36 43180.0 45371.0 300.0 300.0
526.2322589621506 56 21749.0 25137.0 300.0 300.0 24 37663.0 40859.0 300.0 300.0
295.60591509207666 40 33572.0 36267.0 300.0 300.0 54 54025.0 57188.0 300.0 300.0
311.7157388067845 18 26880.0 28979.0 300.0 300.0 14 43893.0 46313.0 300.0 300.0
354.8194604460284 40 26261.0 29112.0 300.0 300.0 26 40700.0 43490.0 300.0 300.0
41.021742823684534 14 25403.0 27569.0 300.0 300.0 39 38386.0 40960.0 300.0 300.0
966.0184410930917 53 21227.0 24681.0 300.0 300.0 60 38086.0 39887.0 300.0 300.0
178.53096267793134 58 46954.0 49989.0 300.0 300.0 20 67516.0 70038.0 300.0 300.0
403.4380983811139 36 52643.0 55646.0 300.0 300.0 21 71431.0 74695.0 300.0 300.0
108.88971871244657 21 25036.0 27050.0 300.0 300.0 41 43432.0 45588.0 300.0 300.0
70.23009762179966 25 38187.0 40277.0 300.0 300.0 10 53258.0 56286.0 300.0 300.0
465.8108956378213 23 47249.0 50067.0 300.0 300.0 55 64308.0 67829.0 300.0 300.0
536.0990079214808 21 22563.0 25064.0 300.0 300.0 10 40050.0 42578.0 300.0 300.0
61.87145877146838 20 32921.0 36297.0 300.0 300.0 40 52746.0 54704.0 300.0 300.0
344.04533365044165 32 51995.0 54938.0 300.0 300.0 44 69225.0 71210.0 300.0 300.0
217.23594026223014 46 23199.0 25649.0 300.0 300.0 17 42023.0 45432.0 300.0 300.0
231.84128688054807 27 39062.0 41294.0 300.0 300.0 58 52792.0 56158.0 300.0 300.0
500.14411173439953 10 42974.0 46280.0 300.0 300.0 25 63334.0 66492.0 300.0 300.0
831.5018396410587 60 39562.0 42747.0 300.0 300.0 47 58321.0 60311.0 300.0 300.0
455.9696429396921 49 42041.0 45545.0 300.0 300.0 54 60140.0 62708.0 300.0 300.0
85.40196056662919 31 30250.0 32291.0 300.0 300.0 32 49090.0 51747.0 300.0 300.0
190.66161890389276 25 41686.0 43772.0 300.0 300.0 52 61492.0 63435.0 300.0 300.0
450.24524391703915 25 47449.0 50600.0 300.0 300.0 55 66091.0 69482.0 300.0 300.0
673.774820726909 18 28098.0 31045.0 300.0 300.0 32 42701.0 45648.0 300.0 300.0
583.5970877663128 25 48368.0 50274.0 300.0 300.0 39 68051.0 70498.0 300.0 300.0
180.80204824114765 58 21393.0 24192.0 300.0 300.0 37 41575.0 43644.0 300.0 300.0
240.3228424252003 48 36449.0 39649.0 300.0 300.0 50 54968.0 56885.0 300.0 300.0
358.2471604031352 30 27312.0 29898.0 300.0 300.0 56 47371.0 49689.0 300.0 300.0
900.5563207317887 49 49819.0 51899.0 300.0 300.0 48 64332.0 67522.0 300.0 300.0
281.29409168925235 20 38312.0 41267.0 300.0 300.0 39 52726.0 54648.0 300.0 300.0
543.6805810352836 13 18790.0 20952.0 300.0 300.0 54 34426.0 36979.0 300.0 300.0
505.8896076890219 33 51433.0 54228.0 300.0 300.0 34 71308.0 73995.0 300.0 300.0
545.5201099950211 54 44779.0 48272.0 300.0 300.0 19 62925.0 66237.0 300.0 300.0
276.7900461073805 54 21469.0 24817.0 300.0 300.0 16 36177.0 38766.0 300.0 300.0
964.18624683209 11 21778.0 23862.0 300.0 300.0 24 39002.0 40854.0 300.0 300.0
632.2274109864352 10 33884.0 36292.0 300.0 300.0 11 50220.0 52926.0 300.0 300.0
283.8237531625032 55 52887.0 56080.0 300.0 300.0 39 70495.0 73340.0 300.0 300.0
395.30544727137897 46 51150.0 54188.0 300.0 300.0 12 70429.0 73066.0 300.0 300.0
779.2907386494608 24 47066.0 50637.0 300.0 300.0 54 64278.0 66469.0 300.0 300.0
822.3905745104798 16 23806.0 26487.0 300.0 300.0 22 41784.0 44810.0 300.0 300.0
57.355890972029975 40 53373.0 56821.0 300.0 300.0 20 71827.0 74980.0 300.0 300.0
709.3458362237654 26 46947.0 50216.0 300.0 300.0 18 67106.0 69728.0 300.0 300.0
514.478884014397 49 28016.0 31347.0 300.0 300.0 60 46716.0 50173.0 300.0 300.0
866.5665480328041 13 50107.0 53361.0 300.0 300.0 30 65068.0 68387.0 300.0 300.0
655.1935360265005 21 49635.0 52932.0 300.0 300.0 48 66097.0 68557.0 300.0 300.0
251.8935122914454 16 39718.0 41736.0 300.0 300.0 30 58640.0 60592.0 300.0 300.0
650.4495082547223 13 42718.0 45781.0 300.0 300.0 43 61931.0 64884.0 300.0 300.0
494.4528737639471 48 47582.0 51084.0 300.0 300.0 45 69073.0 71631.0 300.0 300.0
628.2792979047883 34 19889.0 22780.0 300.0 300.0 15 35541.0 38238.0 300.0 300.0
709.5285572979948 13 24992.0 27941.0 300.0 300.0 57 39533.0 41340.0 300.0 300.0
910.5046200302913 59 25266.0 28235.0 300.0 300.0 43 41184.0 43722.0 300.0 300.0
