20 100
2000.0 0 14400.0 79200.0
7000.0 9 14400.0 79200.0
10000.0 7 14400.0 79200.0
5000.0 4 14400.0 79200.0
5000.0 4 14400.0 79200.0
5000.0 3 14400.0 79200.0
5000.0 9 14400.0 79200.0
7000.0 8 14400.0 79200.0
5000.0 1 14400.0 79200.0
7000.0 2 14400.0 79200.0
10000.0 1 14400.0 79200.0
2000.0 1 14400.0 79200.0
10000.0 3 14400.0 79200.0
10000.0 4 14400.0 79200.0
5000.0 5 14400.0 79200.0
2000.0 5 14400.0 79200.0
5000.0 8 14400.0 79200.0
5000.0 6 14400.0 79200.0
10000.0 8 14400.0 79200.0
5000.0 6 14400.0 79200.0
243.36064620935193 30 37933.0 41100.0 300.0 300.0 50 53407.0 55267.0 300.0 300.0
824.6419894073877 28 50268.0 53264.0 300.0 300.0 29 67186.0 70338.0 300.0 300.0
66.92060670417999 11 42755.0 44858.0 300.0 300.0 42 56278.0 58882.0 300.0 300.0
504.04339178327984 52 40373.0 42967.0 300.0 300.0 35 56585.0 58456.0 300.0 300.0
905.2192476493517 31 37153.0 40148.0 300.0 300.0 39 53351.0 55351.0 300.0 300.0
918.8068537015145 22 28785.0 30734.0 300.0 300.0 26 46285.0 49849.0 300.0 300.0
219.4830412421388 36 33184.0 36665.0 300.0 300.0 24 52753.0 56302.0 300.0 300.0
364.18152978594685 37 39562.0 42230.0 300.0 300.0 40 57275.0 59927.0 300.0 300.0
316.2855148384366 29 20785.0 23563.0 300.0 300.0 55 39226.0 42766.0 300.0 300.0
428.1869254764843 58 26828.0 29006.0 300.0 300.0 54 40134.0 42666.0 300.0 300.0
587.6216672895193 27 52195.0 55190.0 300.0 300.0 48 72361.0 74689.0 300.0 300.0
138.94247198350828 43 48986.0 51394.0 300.0 300.0 49 68606.0 71269.0 300.0 300.0
547.4508432156974 14 49656.0 52181.0 300.0 300.0 24 67657.0 70597.0 300.0 300.0
749.7152265419587 18 53492.0 56238.0 300.0 300.0 44 70394.0 73714.0 300.0 300.0
340.24311740414595 50 22187.0 24753.0 300.0 300.0 44 38783.0 41808.0 300.0 300.0
22.838478498561578 35 21020.0 24033.0 300.0 300.0 14 38325.0 41269.0 300.0 300.0
7.2973405695834215 19 24395.0 26270.0 300.0 300.0 48 42693.0 45699.0 300.0 300.0
18.157935897018863 16 39623.0 42676.0 300.0 300.0 32 58092.0 61281.0 300.0 300.0
626.0099097997191 48 22045.0 25178.0 300.0 300.0 18 36323.0 39051.0 300.0 300.0
546.8484217455824 21 37147.0 39547.0 300.0 300.0 15 57371.0 59833.0 300.0 300.0
814.962025742464 57 29640.0 33109.0 300.0 300.0 52 49280.0 51502.0 300.0 300.0
344.84929941948286 37 35668.0 38830.0 300.0 300.0 11 51844.0 54150.0 300.0 300.0
712.138996397919 10 18616.0 21141.0 300.0 300.0 53 37873.0 40113.0 300.0 300.0
363.70779963664677 45 45559.0 48153.0 300.0 300.0 52 59160.0 61287.0 300.0 300.0
682.6454637229673 57 50006.0 53425.0 300.0 300.0 59 70521.0 72671.0 300.0 300.0
316.58221844255354 36 20806.0 23092.0 300.0 300.0 42 35171.0 38294.0 300.0 300.0
853.1667833278221 24 41527.0 44149.0 300.0 300.0 43 56826.0 58788.0 300.0 300.0
184.20831814766382 12 43703.0 46316.0 300.0 300.0 19 63342.0 66653.0 300.0 300.0
369.7463692389854 55 25915.0 29051.0 300.0 300.0 43 41842.0 44959.0 300.0 300.0
944.8096218413865 47 49862.0 53248.0 300.0 300.0 37 70806.0 72695.0 300.0 300.0
659.1807465196969 31 36807.0 38852.0 300.0 300.0 34 56011.0 59421.0 300.0 300.0
492.6501533079848 54 47686.0 50324.0 300.0 300.0 11 67498.0 70434.0 300.0 300.0
177.82934791878057 45 33348.0 36499.0 300.0 300.0 49 50067.0 52063.0 300.0 300.0
935.9755159474133 55 33773.0 36277.0 300.0 300.0 30 52066.0 55168.0 300.0 300.0
249.62039758621358 11 37705.0 41106.0 300.0 300.0 35 58524.0 61465.0 300.0 300.0
84.62974674430757 20 45184.0 48243.0 300.0 300.0 50 59949.0 62994.0 300.0 300.0
831.6107431075158 37 50442.0 52639.0 300.0 300.0 24 69163.0 72248.0 300.0 300.0
553.2090570768685 55 50607.0 52584.0 300.0 300.0 57 64204.0 66697.0 300.0 300.0
964.1012978452875 30 46870.0 48946.0 300.0 300.0 56 61355.0 63331.0 300.0 300.0
104.1340468183255 17 37150.0 40699.0 300.0 300.0 42 57377.0 59317.0 300.0 300.0
435.87291305297293 11 35570.0 37937.0 300.0 300.0 59 54931.0 57056.0 300.0 300.0
457.7788808067272 53 21183.0 24349.0 300.0 300.0 44 36390.0 39566.0 300.0 300.0
855.8174553009128 30 28719.0 31063.0 300.0 300.0 60 48560.0 51934.0 300.0 300.0
109.45202562294898 16 28089.0 30887.0 300.0 300.0 21 42864.0 44765.0 300.0 300.0
11.694871272989849 36 34140.0 35946.0 300.0 300.0 43 50410.0 52648.0 300.0 300.0
755.6186526875256 23 28279.0 30294.0 300.0 300.0 11 45413.0 48243.0 300.0 300.0
615.9292938243253 24 28362.0 30469.0 300.0 300.0 57 44478.0 46533.0 300.0 300.0
768.7029514002915 57 37089.0 40079.0 300.0 300.0 21 54475.0 57640.0 300.0 300.0
397.6128505584538 39 30826.0 33948.0 300.0 300.0 34 46753.0 48736.0 300.0 300.0
29.899643446995583 19 43232.0 45944.0 300.0 300.0 44 58727.0 62064.0 300.0 300.0
968.9455019933047 10 31854.0 34997.0 300.0 300.0 17 49417.0 52762.0 300.0 300.0
75.81993034486423 59 44008.0 46302.0 300.0 300.0 52 58587.0 60441.0 300.0 300.0
52.301857650297265 56 18279.0 20405.0 300.0 300.0 34 34896.0 37393.0 300.0 300.0
415.0393957021027 31 32450.0 35098.0 300.0 300.0 43 49265.0 52703.0 300.0 300.0
939.4590454766513 34 21841.0 23718.0 300.0 300.0 56 35048.0 38209.0 300.0 300.0
486.6165916529178 50 49372.0 52728.0 300.0 300.0 52 65691.0 69199.0 300.0 300.0
515.0948415584097 16 30619.0 33847.0 300.0 300.0 25 45441.0 47900.0 300.0 300.0
760.6999805735697 57 32879.0 36451.0 300.0 300.0 52 49597.0 52949.0 300.0 300.0
719.6989266742617 13 26807.0 30064.0 300.0 300.0 33 48001.0 49896.0 300.0 300.0
102.10350649811784 11 32550.0 35982.0 300.0 300.0 29 48650.0 50594.0 300.0 300.0
969.133622770114 33 30059.0 31905.0 300.0 300.0 42 43615.0 46802.0 300.0 300.0
646.2436449852962 28 29947.0 31982.0 300.0 300.0 48 44175.0 46773.0 300.0 300.0
165.2110161278305 34 43187.0 45989.0 300.0 300.0 48 57832.0 59719.0 300.0 300.0
972.5102868546262 34 52612.0 56088.0 300.0 300.0 45 71106.0 73160.0 300.0 300.0
509.1715575401994 40 34028.0 37485.0 300.0 300.0 37 54747.0 57672.0 300.0 300.0
436.7769744650365 11 47802.0 50791.0 300.0 300.0 58 63158.0 65844.0 300.0 300.0
212.5825679334048 47 23510.0 26185.0 300.0 300.0 15 37661.0 40796.0 300.0 300.0
760.5079924489722 56 34076.0 36057.0 300.0 300.0 29 52177.0 54476.0 300.0 300.0
342.0248126794277 26 35998.0 38351.0 300.0 300.0 56 50649.0 53591.0 300.0 300.0
721.3298284594426 36 41864.0 43961.0 300.0 300.0 57 57249.0 59190.0 300.0 300.0
748.4769985030075 54 22518.0 24626.0 300.0 300.0 46 41979.0 44264.0 300.0 300.0
385.9162121365611 19 47354.0 49283.0 300.0 300.0 51 63090.0 66090.0 300.0 300.0
242.39589476990096 25 21907.0 23953.0 300.0 300.0 31 37145.0 39156.0 300.0 300.0
341.87805830978914 11 27775.0 31347.0 300.0 300.0 29 43145.0 44983.0 300.0 300.0
663.3466644222586 41 40873.0 43330.0 300.0 300.0 14 61118.0 63583.0 300.0 300.0
876.7172825570782 16 19206.0 21218.0 300.0 300.0 49 37403.0 40419.0 300.0 300.0
150.26893867328627 38 51734.0 54377.0 300.0 300.0 13 69220.0 71194.0 300.0 300.0
808.8344734003755 41 40756.0 43125.0 300.0 300.0 22 60284.0 63794.0 300.0 300.0
996.0433003574026 53 46595.0 48447.0 300.0 300.0 30 61557.0 63734.0 300.0 300.0
472.4901532052851 50 27909.0 30026.0 300.0 300.0 12 46000.0 48182.0 300.0 300.0
828.3035977474561 30 42184.0 44595.0 300.0 300.0 52 56018.0 57840.0 300.0 300.0
204.2953439740084 28 19236.0 21468.0 300.0 300.0 55 34173.0 37462.0 300.0 300.0
217.14693715882362 33 27797.0 30710.0 300.0 300.0 31 42132.0 45246.0 300.0 300.0
66.41484168221213 37 47093.0 50045.0 300.0 300.0 10 62409.0 64895.0 300.0 300.0
998.6306293488738 22 27843.0 29971.0 300.0 300.0 25 46622.0 49499.0 300.0 300.0
698.7448072889961 26 34255.0 37330.0 300.0 300.0 40 50620.0 52732.0 300.0 300.0
809.1861079132295 37 40541.0 43863.0 300.0 300.0 21 56401.0 58609.0 300.0 300.0
330.78755554653407 47 21313.0 23725.0 300.0 300.0 56 36321.0 39747.0 300.0 300.0
348.1785366579714 54 46357.0 49206.0 300.0 300.0 40 66404.0 69558.0 300.0 300.0
550.0827346469168 15 37760.0 40849.0 300.0 300.0 40 57594.0 61111.0 300.0 300.0
381.0234457947714 55 18828.0 21522.0 300.0 300.0 11 38353.0 40449.0 300.0 300.0
348.5259855356213 56 33454.0 35723.0 300.0 300.0 23 49155.0 51205.0 300.0 300.0
230.13773118669957 33 40291.0 42234.0 300.0 300.0 49 55711.0 58828.0 300.0 300.0
915.7563476171284 41 50331.0 52351.0 300.0 300.0 20 66464.0 68871.0 300.0 300.0
601.5323656330821 46 49758.0 52469.0 300.0 300.0 21 67362.0 69530.0 300.0 300.0
269.43274727283404 31 18919.0 20887.0 300.0 300.0 28 38788.0 42204.0 300.0 300.0
796.394861174346 12 46304.0 48557.0 300.0 300.0 41 63611.0 66749.0 300.0 300.0
989.4396093251698 22 44173.0 47319.0 300.0 300.0 32 59547.0 61692.0 300.0 300.0
254.29214783382082 33 33798.0 36135.0 300.0 300.0 43 48897.0 50975.0 300.0 300.0
425.0248044043874 19 38328.0 41512.0 300.0 300.0 21 53783.0 56434.0 300.0 300.0
