20 100
7000.0 2 14400.0 79200.0
10000.0 0 14400.0 79200.0
5000.0 7 14400.0 79200.0
5000.0 4 14400.0 79200.0
5000.0 6 14400.0 79200.0
5000.0 8 14400.0 79200.0
7000.0 0 14400.0 79200.0
10000.0 6 14400.0 79200.0
7000.0 9 14400.0 79200.0
7000.0 0 14400.0 79200.0
7000.0 5 14400.0 79200.0
5000.0 2 14400.0 79200.0
7000.0 7 14400.0 79200.0
7000.0 7 14400.0 79200.0
7000.0 2 14400.0 79200.0
5000.0 9 14400.0 79200.0
7000.0 6 14400.0 79200.0
2000.0 2 14400.0 79200.0
7000.0 7 14400.0 79200.0
2000.0 4 14400.0 79200.0
330.0796130554851 31 43370.0 46848.0 300.0 300.0 41 61033.0 63227.0 300.0 300.0
241.42259879810578 25 35437.0 38447.0 300.0 300.0 50 50531.0 53492.0 300.0 300.0
102.48175236013046 24 19491.0 22385.0 300.0 300.0 33 39959.0 42418.0 300.0 300.0
503.0130122450328 56 38694.0 40559.0 300.0 300.0 10 56820.0 58689.0 300.0 300.0
978.7560887468188 43 23528.0 26624.0 300.0 300.0 29 40154.0 42749.0 300.0 300.0
132.11622144831824 38 48399.0 50535.0 300.0 300.0 21 66473.0 69916.0 300.0 300.0
53.907638324313 40 37994.0 40394.0 300.0 300.0 10 57157.0 60745.0 300.0 300.0
951.2215628947813 31 21744.0 24432.0 300.0 300.0 25 36160.0 38311.0 300.0 300.0
78.67404149622803 38 27272.0 29115.0 300.0 300.0 56 44277.0 46738.0 300.0 300.0
997.2270654123691 60 46019.0 47920.0 300.0 300.0 20 59287.0 62773.0 300.0 300.0
477.7241815366899 52 23045.0 25070.0 300.0 300.0 20 37399.0 40114.0 300.0 300.0
337.619090935367 52 49814.0 53149.0 300.0 300.0 30 69062.0 72030.0 300.0 300.0
477.61642115138216 36 19222.0 22462.0 300.0 300.0 38 38535.0 41671.0 300.0 300.0
809.0395965123541 14 21923.0 25254.0 300.0 300.0 24 41416.0 43595.0 300.0 300.0
508.3096605115781 34 47129.0 49860.0 300.0 300.0 36 64747.0 68185.0 300.0 300.0
788.8213624762717 29 18307.0 20284.0 300.0 300.0 54 37676.0 39670.0 300.0 300.0
473.90930865945234 46 42009.0 44605.0 300.0 300.0 53 58432.0 62002.0 300.0 300.0
608.457770425181 41 28801.0 31971.0 300.0 300.0 52 48076.0 51369.0 300.0 300.0
477.2863472970685 24 19104.0 21767.0 300.0 300.0 59 38367.0 40713.0 300.0 300.0
174.30680259533503 23 47801.0 49995.0 300.0 300.0 20 63512.0 66468.0 300.0 300.0
302.0838604720794 21 20159.0 23714.0 300.0 300.0 31 41052.0 44630.0 300.0 300.0
596.3981576680762 21 38068.0 41116.0 300.0 300.0 43 52177.0 54059.0 300.0 300.0
436.6470463543025 18 39716.0 41746.0 300.0 300.0 44 56529.0 59498.0 300.0 300.0
446.6809921548996 33 50057.0 52675.0 300.0 300.0 47 69919.0 73244.0 300.0 300.0
809.1824674687421 27 52315.0 55790.0 300.0 300.0 23 68641.0 70997.0 300.0 300.0
713.4578005012063 43 53932.0 57208.0 300.0 300.0 39 71153.0 73705.0 300.0 300.0
192.94529678932105 56 46175.0 48562.0 300.0 300.0 29 65053.0 67139.0 300.0 300.0
613.5110929155212 29 49476.0 51358.0 300.0 300.0 30 63529.0 66247.0 300.0 300.0
544.8233547480069 60 24282.0 26946.0 300.0 300.0 26 44699.0 47225.0 300.0 300.0
426.33184763609677 58 35432.0 38170.0 300.0 300.0 51 56060.0 58824.0 300.0 300.0
330.05755563984593 33 32318.0 35397.0 300.0 300.0 46 53394.0 56787.0 300.0 300.0
169.06873260581756 35 20161.0 23062.0 300.0 300.0 42 39738.0 41635.0 300.0 300.0
239.11385020346077 43 37690.0 39690.0 300.0 300.0 35 55904.0 59479.0 300.0 300.0
713.8705730032049 18 20694.0 22762.0 300.0 300.0 60 39822.0 43173.0 300.0 300.0
58.3777457555471 60 18170.0 20122.0 300.0 300.0 14 31437.0 34719.0 300.0 300.0
323.10898818478387 28 26885.0 28979.0 300.0 300.0 30 40046.0 43045.0 300.0 300.0
862.2296852536917 14 50302.0 53050.0 300.0 300.0 35 66063.0 67962.0 300.0 300.0
238.8292350632153 53 40224.0 43013.0 300.0 300.0 40 54502.0 56685.0 300.0 300.0
57.40568772095689 18 50869.0 54058.0 300.0 300.0 54 66636.0 69146.0 300.0 300.0
91.35246310207945 34 20274.0 22233.0 300.0 300.0 33 34526.0 37449.0 300.0 300.0
147.9542020964505 35 36106.0 38906.0 300.0 300.0 42 55348.0 58813.0 300.0 300.0
403.2780885001144 22 46492.0 49593.0 300.0 300.0 51 63632.0 67007.0 300.0 300.0
776.5425270631956 33 23963.0 26407.0 300.0 300.0 47 40080.0 42627.0 300.0 300.0
258.62588573068547 27 32378.0 34675.0 300.0 300.0 22 46003.0 49452.0 300.0 300.0
620.6971539003066 16 24284.0 27362.0 300.0 300.0 10 43245.0 46077.0 300.0 300.0
416.3045103714045 18 51386.0 53945.0 300.0 300.0 38 65964.0 68309.0 300.0 300.0
925.5082858597566 36 27993.0 30388.0 300.0 300.0 29 47977.0 50868.0 300.0 300.0
390.65642629141064 47 24570.0 27856.0 300.0 300.0 39 42769.0 46022.0 300.0 300.0
791.4906094440388 49 18005.0 20837.0 300.0 300.0 32 32187.0 35415.0 300.0 300.0
652.0525319470496 22 23297.0 26697.0 300.0 300.0 17 39987.0 43101.0 300.0 300.0
121.14750248935313 41 44060.0 46609.0 300.0 300.0 13 61816.0 64350.0 300.0 300.0
454.3035351149317 51 51341.0 54066.0 300.0 300.0 30 65164.0 67870.0 300.0 300.0
283.18484151631054 39 38722.0 41393.0 300.0 300.0 47 59105.0 61061.0 300.0 300.0
444.309727950597 48 47664.0 49994.0 300.0 300.0 13 63874.0 67337.0 300.0 300.0
861.4912866625835 15 47737.0 51192.0 300.0 300.0 45 63920.0 66121.0 300.0 300.0
208.55139373837184 49 33052.0 35682.0 300.0 300.0 29 48982.0 51796.0 300.0 300.0
208.54447414539666 48 29223.0 32771.0 300.0 300.0 40 47956.0 51268.0 300.0 300.0
50.76515664805248 14 18768.0 21906.0 300.0 300.0 59 34457.0 37417.0 300.0 300.0
170.79480527928425 45 47231.0 49191.0 300.0 300.0 14 65726.0 68183.0 300.0 300.0
349.8737904122964 12 38090.0 40019.0 300.0 300.0 44 52139.0 54237.0 300.0 300.0
157.17104096449353 37 23203.0 25182.0 300.0 300.0 59 39042.0 41173.0 300.0 300.0
825.7260891077187 55 34342.0 36246.0 300.0 300.0 48 52366.0 54503.0 300.0 300.0
400.8717447599345 12 33078.0 35796.0 300.0 300.0 37 46663.0 49933.0 300.0 300.0
435.62278380961703 59 44140.0 46885.0 300.0 300.0 43 63883.0 67018.0 300.0 300.0
648.1556247786117 24 42419.0 44823.0 300.0 300.0 18 61247.0 63095.0 300.0 300.0
664.495792791264 35 40297.0 43470.0 300.0 300.0 27 55188.0 58185.0 300.0 300.0
784.3979121967511 58 34985.0 37946.0 300.0 300.0 14 50852.0 53436.0 300.0 300.0
867.8814725687375 23 23387.0 26426.0 300.0 300.0 48 37877.0 41289.0 300.0 300.0
875.0904429753714 31 34766.0 37763.0 300.0 300.0 60 55157.0 56972.0 300.0 300.0
525.7778254911266 45 20402.0 23970.0 300.0 300.0 42 37201.0 39822.0 300.0 300.0
414.9584917506407 18 32563.0 34485.0 300.0 300.0 28 49225.0 52027.0 300.0 300.0
697.7595139670498 31 37497.0 40096.0 300.0 300.0 23 56095.0 59507.0 300.0 300.0
8.546255714776851 47 45651.0 48524.0 300.0 300.0 36 64830.0 67834.0 300.0 300.0
300.3872797457999 11 29207.0 31214.0 300.0 300.0 28 46389.0 48958.0 300.0 300.0
376.4644796426057 48 42723.0 45448.0 300.0 300.0 57 61528.0 64955.0 300.0 300.0
706.400489222406 42 47077.0 50597.0 300.0 300.0 22 61966.0 64344.0 300.0 300.0
228.34805863352082 10 45083.0 47292.0 300.0 300.0 30 63315.0 66586.0 300.0 300.0
475.21287228366526 16 41818.0 44283.0 300.0 300.0 24 60091.0 62373.0 300.0 300.0
761.1656117185793 54 39454.0 42522.0 300.0 300.0 53 53726.0 56341.0 300.0 300.0
134.0079527820638 60 49095.0 51737.0 300.0 300.0 33 65332.0 68551.0 300.0 300.0
33.958300089719565 25 41680.0 45117.0 300.0 300.0 58 62692.0 64600.0 300.0 300.0
940.7880670524582 17 25326.0 27749.0 300.0 300.0 35 42581.0 45119.0 300.0 300.0
300.8387629341467 45 43447.0 46918.0 300.0 300.0 52 61685.0 64036.0 300.0 300.0
561.9866329396399 26 38332.0 41395.0 300.0 300.0 23 58911.0 62346.0 300.0 300.0
226.00370226596044 59 18555.0 20392.0 300.0 300.0 31 36650.0 39528.0 300.0 300.0
908.9935109038909 59 31733.0 33534.0 300.0 300.0 53 47543.0 50485.0 300.0 300.0
289.83212959396286 46 49712.0 52677.0 300.0 300.0 40 66957.0 70190.0 300.0 300.0
805.8346701570862 45 33501.0 36907.0 300.0 300.0 55 53871.0 57275.0 300.0 300.0
265.45814420150737 47 36635.0 38672.0 300.0 300.0 48 53361.0 56587.0 300.0 300.0
244.32694802140776 53 19202.0 21652.0 300.0 300.0 15 33300.0 36100.0 300.0 300.0
401.49712863864283 32 32873.0 36171.0 300.0 300.0 36 51507.0 54937.0 300.0 300.0
247.7109444793233 18 26971.0 30496.0 300.0 300.0 22 42008.0 44532.0 300.0 300.0
499.2203853698174 60 40431.0 42774.0 300.0 300.0 18 53728.0 56588.0 300.0 300.0
567.8411034534524 34 31246.0 33863.0 300.0 300.0 39 48326.0 51491.0 300.0 300.0
891.1418189960243 52 30206.0 32874.0 300.0 300.0 49 44491.0 47498.0 300.0 300.0
827.641509152001 39 45363.0 47512.0 300.0 300.0 44 63353.0 65956.0 300.0 300.0
991.8024456155488 56 33627.0 36178.0 300.0 300.0 48 53165.0 56297.0 300.0 300.0
267.2637892671795 34 26155.0 29565.0 300.0 300.0 24 42442.0 44910.0 300.0 300.0
538.9905610098988 24 43820.0 46769.0 300.0 300.0 44 57898.0 60671.0 300.0 300.0
921.1175463254438 48 34358.0 36588.0 300.0 300.0 17 52294.0 54472.0 300.0 300.0
