20 100
7000.0 9 14400.0 79200.0
2000.0 6 14400.0 79200.0
2000.0 7 14400.0 79200.0
10000.0 9 14400.0 79200.0
10000.0 1 14400.0 79200.0
7000.0 5 14400.0 79200.0
5000.0 5 14400.0 79200.0
2000.0 1 14400.0 79200.0
7000.0 4 14400.0 79200.0
5000.0 6 14400.0 79200.0
7000.0 3 14400.0 79200.0
2000.0 1 14400.0 79200.0
2000.0 4 14400.0 79200.0
5000.0 2 14400.0 79200.0
2000.0 8 14400.0 79200.0
2000.0 7 14400.0 79200.0
10000.0 2 14400.0 79200.0
10000.0 2 14400.0 79200.0
7000.0 7 14400.0 79200.0
10000.0 0 14400.0 79200.0
458.2660125105219 58 19167.0 21759.0 300.0 300.0 47 33203.0 35246.0 300.0 300.0
184.1599149884029 11 38995.0 41228.0 300.0 300.0 19 53284.0 55670.0 300.0 300.0
495.9886008292591 36 50135.0 53183.0 300.0 300.0 38 69550.0 72062.0 300.0 300.0
159.83963728744655 56 53593.0 55738.0 300.0 300.0 26 73564.0 75556.0 300.0 300.0
284.33057187885015 59 53675.0 55889.0 300.0 300.0 20 70395.0 72921.0 300.0 300.0
205.57688302930288 21 28807.0 31372.0 300.0 300.0 15 49163.0 51708.0 300.0 300.0
428.8786230864545 37 34531.0 36460.0 300.0 300.0 12 52555.0 54450.0 300.0 300.0
546.6028936429902 23 45091.0 47750.0 300.0 300.0 58 61571.0 64609.0 300.0 300.0
497.71864154662313 40 25416.0 28143.0 300.0 300.0 32 42328.0 44873.0 300.0 300.0
281.6154106962542 28 27863.0 30181.0 300.0 300.0 21 48175.0 50665.0 300.0 300.0
427.38764665323936 38 20532.0 23271.0 300.0 300.0 46 40166.0 42897.0 300.0 300.0
122.34571532208727 28 20762.0 23482.0 300.0 300.0 41 37246.0 40826.0 300.0 300.0
193.0977416922317 15 53291.0 55844.0 300.0 300.0 39 71133.0 73850.0 300.0 300.0
97.03437299603601 43 22543.0 25506.0 300.0 300.0 58 41519.0 44422.0 300.0 300.0
758.3133226109919 47 45823.0 47634.0 300.0 300.0 50 63002.0 65204.0 300.0 300.0
126.2170834240307 37 24477.0 27773.0 300.0 300.0 13 39895.0 43154.0 300.0 300.0
735.514262978121 28 20278.0 22366.0 300.0 300.0 16 34276.0 36316.0 300.0 300.0
249.19020473322618 31 44340.0 47264.0 300.0 300.0 47 59817.0 63003.0 300.0 300.0
218.4858257112995 13 18722.0 21249.0 300.0 300.0 40 39054.0 42333.0 300.0 300.0
974.6283977720451 27 24017.0 27438.0 300.0 300.0 59 42726.0 45495.0 300.0 300.0
184.5891964378521 10 30556.0 33570.0 300.0 300.0 51 46701.0 49761.0 300.0 300.0
695.3527173787023 37 36448.0 39769.0 300.0 300.0 45 52954.0 55064.0 300.0 300.0
870.4151174569733 35 20907.0 23290.0 300.0 300.0 37 35107.0 38525.0 300.0 300.0
775.8610132072637 52 30313.0 32952.0 300.0 300.0 48 47866.0 50576.0 300.0 300.0
862.6052687657764 21 40210.0 42853.0 300.0 300.0 53 56739.0 59871.0 300.0 300.0
956.9723605659161 38 25285.0 27537.0 300.0 300.0 35 42027.0 44110.0 300.0 300.0
943.4205424622346 17 44074.0 46907.0 300.0 300.0 60 62111.0 64703.0 300.0 300.0
274.2175108390454 44 37079.0 38906.0 300.0 300.0 28 53983.0 57456.0 300.0 300.0
223.19302367446105 44 18343.0 20196.0 300.0 300.0 13 35433.0 37524.0 300.0 300.0
139.21787375551952 54 43492.0 45950.0 300.0 300.0 56 62248.0 64540.0 300.0 300.0
873.8453931445039 53 39622.0 42560.0 300.0 300.0 15 55827.0 59002.0 300.0 300.0
454.39853672168783 32 20238.0 23645.0 300.0 300.0 38 35198.0 37098.0 300.0 300.0
53.300518452643054 34 18257.0 21675.0 300.0 300.0 49 33453.0 36968.0 300.0 300.0
223.51756016475633 23 24150.0 26686.0 300.0 300.0 51 39615.0 42762.0 300.0 300.0
943.3100800660364 15 24315.0 27818.0 300.0 300.0 32 42655.0 45597.0 300.0 300.0
670.5772292021697 18 37189.0 40124.0 300.0 300.0 22 53144.0 56600.0 300.0 300.0
385.8571383200884 34 44085.0 45988.0 300.0 300.0 47 57949.0 60262.0 300.0 300.0
209.00122989899285 21 19004.0 21419.0 300.0 300.0 39 35576.0 38862.0 300.0 300.0
428.05940572322 30 53478.0 56511.0 300.0 300.0 53 68673.0 71980.0 300.0 300.0
17.181296862629036 34 40429.0 43176.0 300.0 300.0 17 55902.0 59253.0 300.0 300.0
314.0193263501113 20 30885.0 33579.0 300.0 300.0 60 46914.0 50308.0 300.0 300.0
515.6543944417227 41 46439.0 49052.0 300.0 300.0 38 61085.0 63155.0 300.0 300.0
595.3109065771263 57 30849.0 33599.0 300.0 300.0 31 45980.0 49490.0 300.0 300.0
729.6824715586024 25 24468.0 27055.0 300.0 300.0 36 40889.0 43820.0 300.0 300.0
180.1120119996904 28 39625.0 42935.0 300.0 300.0 36 59679.0 62601.0 300.0 300.0
617.659747215856 45 31778.0 34765.0 300.0 300.0 21 46228.0 48830.0 300.0 300.0
274.11285297386934 28 38622.0 40911.0 300.0 300.0 20 54837.0 56745.0 300.0 300.0
693.7319166403785 16 31189.0 33290.0 300.0 300.0 17 45223.0 48099.0 300.0 300.0
363.35638712178775 46 46892.0 49620.0 300.0 300.0 57 61680.0 64577.0 300.0 300.0
149.8154656891356 45 27135.0 29367.0 300.0 300.0 30 46772.0 49058.0 300.0 300.0
88.57192168958372 48 46464.0 49097.0 300.0 300.0 12 66869.0 68722.0 300.0 300.0
649.7694707376546 52 18965.0 22009.0 300.0 300.0 59 36448.0 38721.0 300.0 300.0
110.20126244407325 58 38341.0 40933.0 300.0 300.0 22 56165.0 59063.0 300.0 300.0
723.083944245149 20 18647.0 20687.0 300.0 300.0 36 32361.0 35264.0 300.0 300.0
770.4123026930538 33 46506.0 49889.0 300.0 300.0 26 62462.0 64998.0 300.0 300.0
407.77313059185195 31 34831.0 38105.0 300.0 300.0 37 54116.0 57280.0 300.0 300.0
539.5515100804491 21 31016.0 33214.0 300.0 300.0 42 45737.0 48205.0 300.0 300.0
397.23816907515743 50 25351.0 28015.0 300.0 300.0 54 39221.0 42101.0 300.0 300.0
265.67941469809233 52 50293.0 53091.0 300.0 300.0 42 69957.0 72411.0 300.0 300.0
333.1047849810607 53 40886.0 43965.0 300.0 300.0 27 58089.0 61254.0 300.0 300.0
112.41401237087744 44 40642.0 43870.0 300.0 300.0 30 60018.0 62531.0 300.0 300.0
189.2375220774556 58 42260.0 44843.0 300.0 300.0 42 55826.0 58493.0 300.0 300.0
617.0030792241463 36 21611.0 23582.0 300.0 300.0 20 40187.0 43636.0 300.0 300.0
529.4471027591604 26 23872.0 27341.0 300.0 300.0 42 40401.0 43402.0 300.0 300.0
481.4579319304638 52 39842.0 43263.0 300.0 300.0 18 60051.0 63537.0 300.0 300.0
145.37883026178798 15 36426.0 39488.0 300.0 300.0 26 54677.0 57383.0 300.0 300.0
838.1864633601272 59 41894.0 44321.0 300.0 300.0 30 61891.0 64604.0 300.0 300.0
528.6155603940277 11 52489.0 55126.0 300.0 300.0 54 72695.0 75364.0 300.0 300.0
730.7125435735056 22 53942.0 56016.0 300.0 300.0 36 72719.0 75191.0 300.0 300.0
373.43194554530135 43 40806.0 43683.0 300.0 300.0 22 60743.0 62762.0 300.0 300.0
201.98871976216282 55 20579.0 24110.0 300.0 300.0 53 38122.0 40413.0 300.0 300.0
899.5682273899638 14 52506.0 55094.0 300.0 300.0 37 69410.0 71666.0 300.0 300.0
579.1028622040818 39 28631.0 31063.0 300.0 300.0 47 47103.0 50279.0 300.0 300.0
17.88402894806218 52 18708.0 21939.0 300.0 300.0 57 33384.0 35895.0 300.0 300.0
534.8207305876198 29 31284.0 33316.0 300.0 300.0 19 45881.0 48651.0 300.0 300.0
10.225929558219882 19 29132.0 32287.0 300.0 300.0 53 49240.0 51876.0 300.0 300.0
153.74920780283986 23 30233.0 32944.0 300.0 300.0 53 46834.0 49079.0 300.0 300.0
467.08023653315 57 31413.0 33473.0 300.0 300.0 52 47971.0 50055.0 300.0 300.0
253.6753110229576 43 36136.0 39287.0 300.0 300.0 32 51076.0 54499.0 300.0 300.0
215.75348710014475 54 39334.0 41656.0 300.0 300.0 13 54764.0 56814.0 300.0 300.0
439.9341428826963 23 32658.0 35156.0 300.0 300.0 51 46815.0 50395.0 300.0 300.0
105.46265874437877 49 21249.0 23612.0 300.0 300.0 54 34472.0 37912.0 300.0 300.0
990.9639341682102 43 30823.0 33341.0 300.0 300.0 21 49875.0 53084.0 300.0 300.0
5.742363761741198 21 47941.0 51042.0 300.0 300.0 44 64244.0 67496.0 300.0 300.0
484.3661872228585 57 45356.0 48262.0 300.0 300.0 34 63131.0 66241.0 300.0 300.0
667.2735242249972 43 45958.0 48032.0 300.0 300.0 51 64660.0 66585.0 300.0 300.0
732.0347954527825 27 42135.0 45501.0 300.0 300.0 33 59116.0 62091.0 300.0 300.0
120.27401483096068 18 46358.0 48525.0 300.0 300.0 41 63987.0 67358.0 300.0 300.0
866.8465646927688 17 27689.0 29731.0 300.0 300.0 54 42368.0 44910.0 300.0 300.0
710.002799049825 19 19661.0 23156.0 300.0 300.0 37 37033.0 39664.0 300.0 300.0
437.9973115227691 12 21770.0 24836.0 300.0 300.0 53 38470.0 40423.0 300.0 300.0
341.13220073562536 27 39613.0 42701.0 300.0 300.0 30 58530.0 60765.0 300.0 300.0
862.6719095628059 53 29080.0 31898.0 300.0 300.0 16 47680.0 49829.0 300.0 300.0
906.5240200421343 50 23015.0 26287.0 300.0 300.0 38 40315.0 43279.0 300.0 300.0
143.08089284470392 54 21103.0 24469.0 300.0 300.0 21 41553.0 44317.0 300.0 300.0
579.4715394604405 43 20198.0 23616.0 300.0 300.0 53 41500.0 43920.0 300.0 300.0
94.0818482273914 46 43199.0 45238.0 300.0 300.0 39 60837.0 64404.0 300.0 300.0
754.276852480878 24 48355.0 51684.0 300.0 300.0 58 64843.0 68033.0 300.0 300.0
501.10645155684887 30 21403.0 24774.0 300.0 300.0 60 37477.0 39563.0 300.0 300.0
15.03899236634043 50 45803.0 48857.0 300.0 300.0 53 61858.0 65440.0 300.0 300.0
