20 100
10000.0 0 14400.0 79200.0
2000.0 4 14400.0 79200.0
5000.0 3 14400.0 79200.0
5000.0 0 14400.0 79200.0
10000.0 6 14400.0 79200.0
7000.0 9 14400.0 79200.0
10000.0 7 14400.0 79200.0
7000.0 8 14400.0 79200.0
10000.0 9 14400.0 79200.0
2000.0 7 14400.0 79200.0
10000.0 7 14400.0 79200.0
5000.0 9 14400.0 79200.0
2000.0 3 14400.0 79200.0
7000.0 8 14400.0 79200.0
2000.0 6 14400.0 79200.0
5000.0 3 14400.0 79200.0
5000.0 4 14400.0 79200.0
2000.0 9 14400.0 79200.0
2000.0 6 14400.0 79200.0
7000.0 7 14400.0 79200.0
162.02497348203704 37 27242.0 29605.0 300.0 300.0 14 46346.0 49638.0 300.0 300.0
279.8321317823411 11 41638.0 43461.0 300.0 300.0 14 58379.0 60336.0 300.0 300.0
560.0977924499394 52 27467.0 30566.0 300.0 300.0 21 41836.0 44718.0 300.0 300.0
850.0450728406272 38 21764.0 24900.0 300.0 300.0 45 41890.0 43978.0 300.0 300.0
972.6096886595398 60 38322.0 41298.0 300.0 300.0 59 58116.0 61478.0 300.0 300.0
728.9301101390156 35 18682.0 22190.0 300.0 300.0 53 37079.0 39201.0 300.0 300.0
592.0165721289147 53 18088.0 20159.0 300.0 300.0 10 35556.0 39056.0 300.0 300.0
369.227224306417 14 36952.0 40205.0 300.0 300.0 27 54487.0 57945.0 300.0 300.0
0.5242630534292303 15 38119.0 41692.0 300.0 300.0 33 56418.0 59538.0 300.0 300.0
664.8954499617214 39 49366.0 51455.0 300.0 300.0 36 63549.0 67084.0 300.0 300.0
238.56782388117014 45 26132.0 28717.0 300.0 300.0 51 44082.0 46347.0 300.0 300.0
363.7116279995242 24 29828.0 32604.0 300.0 300.0 26 44248.0 46240.0 300.0 300.0
492.3445703001381 48 53357.0 56779.0 300.0 300.0 38 71366.0 74500.0 300.0 300.0
124.10972984956592 25 35623.0 39128.0 300.0 300.0 55 51135.0 54634.0 300.0 300.0
213.76816598797922 46 36483.0 39686.0 300.0 300.0 52 55791.0 59175.0 300.0 300.0
765.416606994289 39 19541.0 21552.0 300.0 300.0 36 38879.0 41675.0 300.0 300.0
213.3883702966597 22 42449.0 45586.0 300.0 300.0 43 59687.0 61836.0 300.0 300.0
453.7288053237333 31 21696.0 24148.0 300.0 300.0 58 39330.0 42019.0 300.0 300.0
435.8306002865423 22 28992.0 32070.0 300.0 300.0 29 47446.0 50025.0 300.0 300.0
335.85055444038017 37 37673.0 39769.0 300.0 300.0 43 55814.0 58556.0 300.0 300.0
4.755056280631664 49 32583.0 35497.0 300.0 300.0 41 51948.0 55441.0 300.0 300.0
646.0161143330118 31 25769.0 27898.0 300.0 300.0 18 45352.0 47513.0 300.0 300.0
336.1920948845015 56 25649.0 29212.0 300.0 300.0 55 45586.0 48789.0 300.0 300.0
713.9618918362088 52 33601.0 35849.0 300.0 300.0 53 53731.0 55847.0 300.0 300.0
900.7299776638887 24 41686.0 44439.0 300.0 300.0 56 60100.0 61923.0 300.0 300.0
982.0868319485297 20 29009.0 31197.0 300.0 300.0 55 47141.0 49098.0 300.0 300.0
661.1416936455973 49 50656.0 53062.0 300.0 300.0 16 64949.0 67227.0 300.0 300.0
962.1053587577375 41 23947.0 26657.0 300.0 300.0 58 39344.0 41898.0 300.0 300.0
526.7379919197753 15 53690.0 57107.0 300.0 300.0 21 71950.0 75280.0 300.0 300.0
630.2962320726585 49 24462.0 26413.0 300.0 300.0 44 37536.0 40913.0 300.0 300.0
912.5029378450021 28 23052.0 25284.0 300.0 300.0 31 42089.0 44106.0 300.0 300.0
662.096319079867 16 28893.0 31936.0 300.0 300.0 56 46674.0 48890.0 300.0 300.0
842.7569111020475 28 29225.0 31656.0 300.0 300.0 40 42938.0 45225.0 300.0 300.0
962.6696076419391 58 53395.0 55583.0 300.0 300.0 21 69386.0 72216.0 300.0 300.0
27.925873343401687 15 30249.0 32551.0 300.0 300.0 10 43647.0 46379.0 300.0 300.0
465.8635097612338 22 28660.0 31109.0 300.0 300.0 25 45059.0 47342.0 300.0 300.0
110.57822260228379 15 42497.0 45731.0 300.0 300.0 54 57849.0 60056.0 300.0 300.0
189.68465254621069 23 45543.0 47992.0 300.0 300.0 10 65743.0 67941.0 300.0 300.0
324.19593496764696 59 40312.0 42306.0 300.0 300.0 60 58598.0 60737.0 300.0 300.0
76.49965028831818 10 25798.0 29127.0 300.0 300.0 14 46517.0 48864.0 300.0 300.0
245.52935799273445 19 22535.0 25895.0 300.0 300.0 35 37086.0 39786.0 300.0 300.0
469.38216605987446 44 40589.0 43275.0 300.0 300.0 22 57239.0 60463.0 300.0 300.0
118.56793918733 38 49279.0 52598.0 300.0 300.0 18 63625.0 66402.0 300.0 300.0
925.5488570133397 40 33228.0 35178.0 300.0 300.0 57 49131.0 52167.0 300.0 300.0
464.24788967699624 41 51391.0 53916.0 300.0 300.0 19 69718.0 72957.0 300.0 300.0
921.1939959286234 37 48873.0 51532.0 300.0 300.0 58 64349.0 67287.0 300.0 300.0
803.4855118151648 33 51068.0 53458.0 300.0 300.0 12 64303.0 66254.0 300.0 300.0
321.15819794242583 28 36071.0 38220.0 300.0 300.0 46 53459.0 56486.0 300.0 300.0
359.8248277967445 32 45051.0 47078.0 300.0 300.0 45 60787.0 63063.0 300.0 300.0
968.0419401604933 49 53884.0 56365.0 300.0 300.0 56 71190.0 74772.0 300.0 300.0
479.1475027766242 33 37699.0 39967.0 300.0 300.0 18 51466.0 53987.0 300.0 300.0
569.2603195183078 30 49320.0 51481.0 300.0 300.0 34 65432.0 67459.0 300.0 300.0
224.11070084353003 18 50953.0 54031.0 300.0 300.0 49 68810.0 70890.0 300.0 300.0
142.17513822009974 29 39566.0 42637.0 300.0 300.0 28 58676.0 61360.0 300.0 300.0
546.2346807988963 17 30582.0 32548.0 300.0 300.0 52 46012.0 48337.0 300.0 300.0
516.2430149501602 46 25289.0 28640.0 300.0 300.0 26 45908.0 48523.0 300.0 300.0
594.2048393398214 41 50945.0 53341.0 300.0 300.0 40 69801.0 72429.0 300.0 300.0
920.8775365157754 30 33741.0 36200.0 300.0 300.0 26 47185.0 49893.0 300.0 300.0
927.7114077947051 11 25531.0 28436.0 300.0 300.0 29 42510.0 45235.0 300.0 300.0
126.60037541048786 15 30516.0 32465.0 300.0 300.0 41 43688.0 46669.0 300.0 300.0
626.1244232191814 19 24398.0 26766.0 300.0 300.0 15 41468.0 43926.0 300.0 300.0
307.59078926039405 59 23172.0 25753.0 300.0 300.0 46 36667.0 39598.0 300.0 300.0
823.9688555244107 14 28966.0 31618.0 300.0 300.0 21 43391.0 45805.0 300.0 300.0
92.84979912529224 24 39452.0 43039.0 300.0 300.0 25 60122.0 62455.0 300.0 300.0
993.3769498724807 13 46878.0 50105.0 300.0 300.0 34 61506.0 65011.0 300.0 300.0
742.1629291929048 19 43854.0 46105.0 300.0 300.0 43 57245.0 59914.0 300.0 300.0
109.67734940905483 39 26400.0 28866.0 300.0 300.0 60 44878.0 47619.0 300.0 300.0
77.53739385493863 51 21731.0 23640.0 300.0 300.0 50 39645.0 41681.0 300.0 300.0
571.6358940844004 50 47415.0 49633.0 300.0 300.0 41 60732.0 62660.0 300.0 300.0
510.84596050773723 21 18044.0 21039.0 300.0 300.0 25 35489.0 37836.0 300.0 300.0
653.5678264106655 57 52870.0 55377.0 300.0 300.0 12 67721.0 70115.0 300.0 300.0
8.44441415002617 10 51239.0 53531.0 300.0 300.0 50 67069.0 69613.0 300.0 300.0
202.9461023899145 40 25838.0 28506.0 300.0 300.0 36 44365.0 46776.0 300.0 300.0
132.330539792348 46 21382.0 24142.0 300.0 300.0 53 38505.0 41468.0 300.0 300.0
983.9627782294202 20 52350.0 55821.0 300.0 300.0 43 67071.0 69305.0 300.0 300.0
888.1452878544255 20 34419.0 37269.0 300.0 300.0 59 48900.0 51253.0 300.0 300.0
333.86207317007865 59 45037.0 47444.0 300.0 300.0 36 58267.0 60077.0 300.0 300.0
220.51966274985878 32 47123.0 50532.0 300.0 300.0 60 61648.0 64907.0 300.0 300.0
833.2299178408772 55 43508.0 46574.0 300.0 300.0 16 59409.0 61833.0 300.0 300.0
837.8577981509501 34 26397.0 28988.0 300.0 300.0 15 46392.0 48706.0 300.0 300.0
291.6486902779879 59 21192.0 24465.0 300.0 300.0 17 37994.0 39887.0 300.0 300.0
67.90713589082009 41 38090.0 40586.0 300.0 300.0 50 53053.0 55440.0 300.0 300.0
173.43244784347866 52 48288.0 51795.0 300.0 300.0 44 65019.0 68362.0 300.0 300.0
573.0644919228309 48 44518.0 46893.0 300.0 300.0 59 59284.0 62372.0 300.0 300.0
401.15066407517685 26 42143.0 44356.0 300.0 300.0 42 57111.0 59179.0 300.0 300.0
655.3410153492966 39 40375.0 43623.0 300.0 300.0 12 57615.0 59546.0 300.0 300.0
403.30156106702276 23 31869.0 34091.0 300.0 300.0 54 45351.0 47255.0 300.0 300.0
204.67375162091307 59 35742.0 38885.0 300.0 300.0 57 51205.0 53325.0 300.0 300.0
52.163382826562746 58 22032.0 24926.0 300.0 300.0 16 37363.0 40842.0 300.0 300.0
974.6161411359049 43 36146.0 39264.0 300.0 300.0 18 55215.0 57528.0 300.0 300.0
363.25874353477974 37 47432.0 49927.0 300.0 300.0 24 65291.0 68525.0 300.0 300.0
174.52772096732815 20 51133.0 53469.0 300.0 300.0 27 68955.0 71389.0 300.0 300.0
203.11455138424705 34 41188.0 43954.0 300.0 300.0 46 55556.0 59135.0 300.0 300.0
449.75374211202035 59 20118.0 22706.0 300.0 300.0 31 36639.0 40002.0 300.0 300.0
840.566563896461 37 20980.0 24378.0 300.0 300.0 34 36686.0 38489.0 300.0 300.0
267.85372599350063 32 31268.0 34200.0 300.0 300.0 11 47083.0 49943.0 300.0 300.0
651.5924310511263 13 39960.0 42259.0 300.0 300.0 49 53256.0 55209.0 300.0 300.0
860.9904159003864 51 27282.0 29544.0 300.0 300.0 37 45964.0 47863.0 300.0 300.0
180.7882927631367 28 30099.0 32765.0 300.0 300.0 27 48441.0 51836.0 300.0 300.0
997.7945515922441 45 34937.0 37588.0 300.0 300.0 15 50000.0 52682.0 300.0 300.0
