20 100
10000.0 1 14400.0 79200.0
5000.0 5 14400.0 79200.0
7000.0 2 14400.0 79200.0
2000.0 5 14400.0 79200.0
2000.0 6 14400.0 79200.0
5000.0 0 14400.0 79200.0
10000.0 0 14400.0 79200.0
10000.0 8 14400.0 79200.0
5000.0 4 14400.0 79200.0
5000.0 1 14400.0 79200.0
10000.0 7 14400.0 79200.0
10000.0 3 14400.0 79200.0
2000.0 1 14400.0 79200.0
10000.0 2 14400.0 79200.0
2000.0 6 14400.0 79200.0
7000.0 7 14400.0 79200.0
7000.0 1 14400.0 79200.0
2000.0 1 14400.0 79200.0
5000.0 7 14400.0 79200.0
10000.0 9 14400.0 79200.0
484.3397771721647 60 35316.0 38689.0 300.0 300.0 53 53981.0 57141.0 300.0 300.0
985.1651809428929 33 27701.0 30443.0 300.0 300.0 21 44029.0 46857.0 300.0 300.0
543.5579409905156 34 52358.0 54688.0 300.0 300.0 22 66090.0 68621.0 300.0 300.0
615.0433951266691 21 29289.0 32662.0 300.0 300.0 49 44426.0 46331.0 300.0 300.0
548.7771907091379 58 19437.0 22786.0 300.0 300.0 26 40702.0 43262.0 300.0 300.0
113.82044835890382 25 52175.0 54028.0 300.0 300.0 24 70385.0 72832.0 300.0 300.0
91.10953274866851 11 18272.0 21703.0 300.0 300.0 49 35223.0 37920.0 300.0 300.0
71.53325682609457 36 53474.0 56787.0 300.0 300.0 28 69001.0 71433.0 300.0 300.0
125.88276940674825 18 34064.0 36921.0 300.0 300.0 25 50371.0 53085.0 300.0 300.0
858.6953891500723 41 51420.0 53802.0 300.0 300.0 37 65717.0 67625.0 300.0 300.0
142.21723041085465 42 46778.0 50005.0 300.0 300.0 52 63581.0 65564.0 300.0 300.0
536.960189323782 27 45296.0 48357.0 300.0 300.0 13 62741.0 65301.0 300.0 300.0
44.396760789518375 35 40318.0 43149.0 300.0 300.0 57 56109.0 59558.0 300.0 300.0
231.80508860051972 36 26268.0 28712.0 300.0 300.0 15 42215.0 44737.0 300.0 300.0
766.8747785211839 20 52408.0 54755.0 300.0 300.0 58 69985.0 72479.0 300.0 300.0
21.19255780335361 15 32531.0 34447.0 300.0 300.0 32 50973.0 53629.0 300.0 300.0
107.65027782137714 41 23633.0 27204.0 300.0 300.0 32 42982.0 45739.0 300.0 300.0
792.6948872891387 35 44267.0 46578.0 300.0 300.0 59 58247.0 61313.0 300.0 300.0
882.3681341406166 23 35276.0 37402.0 300.0 300.0 25 52014.0 54541.0 300.0 300.0
319.4565991498294 35 52248.0 54678.0 300.0 300.0 57 69544.0 72711.0 300.0 300.0
384.1913464917341 31 26826.0 29129.0 300.0 300.0 10 45653.0 48436.0 300.0 300.0
261.39623070731676 46 35582.0 38209.0 300.0 300.0 38 54139.0 57523.0 300.0 300.0
251.98986475153552 12 39305.0 41171.0 300.0 300.0 55 56736.0 59188.0 300.0 300.0
655.3829374103071 51 20728.0 24158.0 300.0 300.0 16 40912.0 43389.0 300.0 300.0
280.79103615721976 28 43230.0 45734.0 300.0 300.0 32 60427.0 63465.0 300.0 300.0
194.30307988520067 20 22461.0 26030.0 300.0 300.0 33 41020.0 43857.0 300.0 300.0
892.2169438158533 17 27054.0 30447.0 300.0 300.0 48 44429.0 47833.0 300.0 300.0
671.8706565872325 11 19355.0 22355.0 300.0 300.0 41 39450.0 43002.0 300.0 300.0
966.6468404307122 49 51441.0 54100.0 300.0 300.0 12 67976.0 70333.0 300.0 300.0
84.02209922984439 14 22552.0 24485.0 300.0 300.0 23 36286.0 38686.0 300.0 300.0
430.31393841032605 33 38615.0 41633.0 300.0 300.0 19 55249.0 58070.0 300.0 300.0
209.43544786996472 20 36304.0 38202.0 300.0 300.0 59 54700.0 56904.0 300.0 300.0
406.07694270656134 46 37292.0 39880.0 300.0 300.0 38 51272.0 53112.0 300.0 300.0
956.1648554226468 20 46844.0 48717.0 300.0 300.0 47 66180.0 68286.0 300.0 300.0
252.1743555918876 52 39083.0 42056.0 300.0 300.0 13 55485.0 57547.0 300.0 300.0
257.9977930581925 26 31700.0 34675.0 300.0 300.0 45 49645.0 52458.0 300.0 300.0
414.2257959307374 20 23659.0 25784.0 300.0 300.0 24 43627.0 46461.0 300.0 300.0
966.712765693575 58 37307.0 39155.0 300.0 300.0 55 55948.0 59326.0 300.0 300.0
546.8152151409611 29 37012.0 39514.0 300.0 300.0 60 53958.0 57495.0 300.0 300.0
633.1059176980357 24 23673.0 26362.0 300.0 300.0 35 43101.0 45224.0 300.0 300.0
776.2775874903451 15 50544.0 52735.0 300.0 300.0 13 68096.0 71402.0 300.0 300.0
653.0010534165997 44 29490.0 31465.0 300.0 300.0 30 47971.0 51126.0 300.0 300.0
589.2912575979414 38 19068.0 22189.0 300.0 300.0 16 36719.0 39647.0 300.0 300.0
311.37768744290537 58 44399.0 47092.0 300.0 300.0 20 59419.0 62735.0 300.0 300.0
565.4013458409166 23 40615.0 43146.0 300.0 300.0 14 60738.0 62906.0 300.0 300.0
359.5311989411437 49 49408.0 52306.0 300.0 300.0 17 68011.0 70494.0 300.0 300.0
807.896457215867 29 25720.0 27992.0 300.0 300.0 17 44613.0 47273.0 300.0 300.0
962.484075337481 33 28661.0 32028.0 300.0 300.0 21 48144.0 50913.0 300.0 300.0
358.12711271241926 51 52958.0 56005.0 300.0 300.0 23 67280.0 69677.0 300.0 300.0
946.7357858587333 42 34005.0 36006.0 300.0 300.0 56 48468.0 50916.0 300.0 300.0
354.3726283738883 12 49384.0 52492.0 300.0 300.0 28 69937.0 72707.0 300.0 300.0
36.28666538913428 57 44911.0 48410.0 300.0 300.0 33 61353.0 63908.0 300.0 300.0
78.08032971466238 35 50294.0 52766.0 300.0 300.0 18 67476.0 71032.0 300.0 300.0
196.48328545031978 12 24259.0 26677.0 300.0 300.0 55 41225.0 44463.0 300.0 300.0
37.44580496890093 50 33817.0 37050.0 300.0 300.0 28 51928.0 54344.0 300.0 300.0
803.7800626173237 60 32008.0 33904.0 300.0 300.0 47 46790.0 50321.0 300.0 300.0
699.976960156048 13 22239.0 25591.0 300.0 300.0 31 36744.0 40009.0 300.0 300.0
352.52508731538035 51 19739.0 21821.0 300.0 300.0 22 33439.0 36199.0 300.0 300.0
590.3634473380104 29 39841.0 42812.0 300.0 300.0 24 55987.0 59083.0 300.0 300.0
9.279391240198498 12 43978.0 47144.0 300.0 300.0 22 59046.0 61946.0 300.0 300.0
15.509311541266335 29 35436.0 37379.0 300.0 300.0 13 50743.0 53200.0 300.0 300.0
977.2504985561554 21 46932.0 49483.0 300.0 300.0 43 61103.0 64564.0 300.0 300.0
322.2061866126427 21 49676.0 52003.0 300.0 300.0 48 63101.0 66423.0 300.0 300.0
268.8323121934187 27 18123.0 21248.0 300.0 300.0 29 33181.0 36022.0 300.0 300.0
101.22864405882493 10 20440.0 23065.0 300.0 300.0 40 39320.0 42312.0 300.0 300.0
768.029747454574 51 41156.0 43230.0 300.0 300.0 44 56542.0 58681.0 300.0 300.0
250.60023893786644 48 34135.0 36157.0 300.0 300.0 39 50012.0 53292.0 300.0 300.0
46.12365723837142 21 44688.0 46955.0 300.0 300.0 20 61079.0 64239.0 300.0 300.0
35.75730805338095 18 27268.0 29311.0 300.0 300.0 41 42403.0 44320.0 300.0 300.0
157.08919725427128 29 33140.0 35628.0 300.0 300.0 15 50292.0 52111.0 300.0 300.0
830.0574738477042 50 23902.0 25838.0 300.0 300.0 51 40126.0 43437.0 300.0 300.0
952.1802304123725 31 37067.0 39277.0 300.0 300.0 52 52424.0 54287.0 300.0 300.0
789.639842361226 21 46320.0 48514.0 300.0 300.0 23 65891.0 68636.0 300.0 300.0
418.27682263169066 39 50588.0 52777.0 300.0 300.0 14 68331.0 70531.0 300.0 300.0
375.52221858837777 49 31859.0 34913.0 300.0 300.0 60 51109.0 53488.0 300.0 300.0
248.9719889790053 22 40129.0 42268.0 300.0 300.0 32 56410.0 59244.0 300.0 300.0
55.86879803977551 25 23138.0 25002.0 300.0 300.0 42 36424.0 39657.0 300.0 300.0
622.2401664585004 20 52080.0 55492.0 300.0 300.0 47 72488.0 74447.0 300.0 300.0
234.80500305352192 34 48115.0 51332.0 300.0 300.0 52 63263.0 66292.0 300.0 300.0
789.5455330964447 16 26766.0 29953.0 300.0 300.0 35 46908.0 50123.0 300.0 300.0
102.59784800739224 14 30048.0 31849.0 300.0 300.0 18 44674.0 47312.0 300.0 300.0
118.45317949923827 33 45610.0 48428.0 300.0 300.0 53 66175.0 69304.0 300.0 300.0
686.4355502905296 45 36906.0 39997.0 300.0 300.0 52 51013.0 53033.0 300.0 300.0
198.61377491482824 23 27147.0 29667.0 300.0 300.0 55 46628.0 48493.0 300.0 300.0
511.7810934575023 44 35195.0 37435.0 300.0 300.0 50 48314.0 50603.0 300.0 300.0
278.1920739160464 51 26897.0 29733.0 300.0 300.0 26 42644.0 46038.0 300.0 300.0
431.06810047654267 38 20954.0 23123.0 300.0 300.0 16 35280.0 38021.0 300.0 300.0
887.5661897806824 50 35413.0 37286.0 300.0 300.0 30 49801.0 51966.0 300.0 300.0
918.4541723822806 17 21870.0 24134.0 300.0 300.0 21 42078.0 43908.0 300.0 300.0
6.974874366462158 59 51269.0 53349.0 300.0 300.0 20 68648.0 70464.0 300.0 300.0
404.92467658421407 39 44159.0 46470.0 300.0 300.0 60 63220.0 66453.0 300.0 300.0
506.6517208421166 12 32655.0 34688.0 300.0 300.0 11 50717.0 53244.0 300.0 300.0
585.0994416071643 21 38191.0 41379.0 300.0 300.0 39 53717.0 56235.0 300.0 300.0
28.142776028340364 20 35498.0 37798.0 300.0 300.0 51 49856.0 52844.0 300.0 300.0
472.8625217779111 49 29653.0 31996.0 300.0 300.0 32 45146.0 47045.0 300.0 300.0
664.6264141181847 47 53070.0 56082.0 300.0 300.0 30 72822.0 75142.0 300.0 300.0
834.0136645609365 60 23344.0 26359.0 300.0 300.0 54 39414.0 41870.0 300.0 300.0
151.17622046321188 53 48413.0 51083.0 300.0 300.0 25 62618.0 65390.0 300.0 300.0
356.5042679815146 34 45291.0 47367.0 300.0 300.0 45 63267.0 66370.0 300.0 300.0
192.44646382805942 48 50009.0 53278.0 300.0 300.0 44 65080.0 67587.0 300.0 300.0
