20 100
5000.0 1 14400.0 79200.0
7000.0 1 14400.0 79200.0
5000.0 7 14400.0 79200.0
2000.0 4 14400.0 79200.0
5000.0 5 14400.0 79200.0
7000.0 5 14400.0 79200.0
5000.0 7 14400.0 79200.0
2000.0 5 14400.0 79200.0
2000.0 2 14400.0 79200.0
10000.0 9 14400.0 79200.0
2000.0 6 14400.0 79200.0
2000.0 0 14400.0 79200.0
2000.0 4 14400.0 79200.0
7000.0 9 14400.0 79200.0
7000.0 0 14400.0 79200.0
10000.0 1 14400.0 79200.0
7000.0 1 14400.0 79200.0
10000.0 6 14400.0 79200.0
5000.0 8 14400.0 79200.0
10000.0 8 14400.0 79200.0
960.9395587978963 29 46944.0 49965.0 300.0 300.0 44 64277.0 67300.0 300.0 300.0
737.6653006617142 19 37710.0 40711.0 300.0 300.0 42 56695.0 59840.0 300.0 300.0
522.9444507878435 21 21230.0 24109.0 300.0 300.0 12 37664.0 40796.0 300.0 300.0
463.06485451074633 49 28909.0 31404.0 300.0 300.0 23 47728.0 50795.0 300.0 300.0
397.83664986178337 34 47871.0 50539.0 300.0 300.0 20 65908.0 68534.0 300.0 300.0
319.7134586161372 19 49489.0 51329.0 300.0 300.0 10 68884.0 70760.0 300.0 300.0
194.77469532120074 36 30484.0 33147.0 300.0 300.0 29 47804.0 49913.0 300.0 300.0
218.55850182991975 13 48035.0 50646.0 300.0 300.0 60 63236.0 66494.0 300.0 300.0
763.2074265023882 31 38190.0 40588.0 300.0 300.0 39 57479.0 59500.0 300.0 300.0
874.126350323954 40 36521.0 39421.0 300.0 300.0 52 56100.0 57912.0 300.0 300.0
532.8673943708543 60 51114.0 54386.0 300.0 300.0 10 66454.0 69176.0 300.0 300.0
277.3727010790366 39 27253.0 30770.0 300.0 300.0 52 44088.0 47051.0 300.0 300.0
798.8352712778152 23 43040.0 45825.0 300.0 300.0 31 60853.0 63472.0 300.0 300.0
3.2466070656044232 40 49293.0 51877.0 300.0 300.0 53 69874.0 72254.0 300.0 300.0
701.8409052087627 59 40913.0 42861.0 300.0 300.0 15 56797.0 60071.0 300.0 300.0
306.4523269907913 49 53281.0 56256.0 300.0 300.0 28 68429.0 71259.0 300.0 300.0
161.90519555836812 42 36375.0 39277.0 300.0 300.0 38 54085.0 57553.0 300.0 300.0
921.0230013105637 23 41130.0 43683.0 300.0 300.0 31 55517.0 58182.0 300.0 300.0
668.5112425113412 24 23428.0 26704.0 300.0 300.0 36 42934.0 45969.0 300.0 300.0
401.3532383094979 59 42523.0 45187.0 300.0 300.0 21 58393.0 61974.0 300.0 300.0
754.3251457470027 55 47987.0 49883.0 300.0 300.0 33 61241.0 64417.0 300.0 300.0
764.3064835985062 43 28539.0 31035.0 300.0 300.0 58 42390.0 45653.0 300.0 300.0
683.0428005896669 24 48973.0 52379.0 300.0 300.0 56 65131.0 68723.0 300.0 300.0
138.33779225544308 52 31906.0 35457.0 300.0 300.0 25 48320.0 51624.0 300.0 300.0
475.5713018222779 16 24801.0 28209.0 300.0 300.0 34 45378.0 48612.0 300.0 300.0
355.03701876595807 23 24435.0 26421.0 300.0 300.0 34 40652.0 44095.0 300.0 300.0
852.1865815865434 17 34075.0 37302.0 300.0 300.0 38 48240.0 50766.0 300.0 300.0
674.2697878653424 38 52614.0 55476.0 300.0 300.0 43 69351.0 72552.0 300.0 300.0
60.64780380554813 26 30035.0 32088.0 300.0 300.0 28 45646.0 48005.0 300.0 300.0
593.7102531457634 30 37245.0 39920.0 300.0 300.0 59 51518.0 54559.0 300.0 300.0
329.96641655578406 41 45912.0 48026.0 300.0 300.0 56 64969.0 66937.0 300.0 300.0
418.9357230052637 33 21775.0 24662.0 300.0 300.0 48 38166.0 41195.0 300.0 300.0
884.4781195788212 35 28969.0 31091.0 300.0 300.0 37 48336.0 51342.0 300.0 300.0
657.6775800513226 20 53465.0 56373.0 300.0 300.0 50 68441.0 70702.0 300.0 300.0
980.2747575461977 30 42478.0 44914.0 300.0 300.0 59 56303.0 59606.0 300.0 300.0
531.9601273400037 16 53143.0 56035.0 300.0 300.0 52 70452.0 73302.0 300.0 300.0
302.52167417235444 20 18235.0 20111.0 300.0 300.0 41 33177.0 35360.0 300.0 300.0
889.7471603214934 11 21676.0 24581.0 300.0 300.0 19 38379.0 40780.0 300.0 300.0
663.69106159415 36 32216.0 34769.0 300.0 300.0 12 51269.0 54252.0 300.0 300.0
442.7697940049645 31 31714.0 34368.0 300.0 300.0 52 46652.0 50096.0 300.0 300.0
254.63611145739662 13 26446.0 28948.0 300.0 300.0 40 46743.0 50204.0 300.0 300.0
693.2175833987131 10 36335.0 39720.0 300.0 300.0 30 55059.0 58333.0 300.0 300.0
567.4378501051448 26 22788.0 25741.0 300.0 300.0 56 42596.0 45040.0 300.0 300.0
757.1025459529399 49 50954.0 54418.0 300.0 300.0 56 70317.0 72769.0 300.0 300.0
485.18205807305804 35 47892.0 50702.0 300.0 300.0 32 63984.0 66801.0 300.0 300.0
898.8895113946727 46 27872.0 30691.0 300.0 300.0 25 47117.0 49840.0 300.0 300.0
232.7406299535205 24 35431.0 37530.0 300.0 300.0 27 51556.0 54831.0 300.0 300.0
297.34400361405136 20 42963.0 45726.0 300.0 300.0 13 59974.0 62078.0 300.0 300.0
827.0934318813122 47 35703.0 38131.0 300.0 300.0 37 53145.0 55655.0 300.0 300.0
937.7653686843759 32 45653.0 48417.0 300.0 300.0 39 61105.0 64617.0 300.0 300.0
137.95971938363505 29 53016.0 55682.0 300.0 300.0 16 68134.0 70711.0 300.0 300.0
626.5155859955398 31 25386.0 27796.0 300.0 300.0 22 45559.0 47750.0 300.0 300.0
561.1137777048303 33 36504.0 38581.0 300.0 300.0 12 53573.0 55683.0 300.0 300.0
740.0607322899359 23 48359.0 50859.0 300.0 300.0 13 68318.0 71139.0 300.0 300.0
868.713231746663 41 26443.0 29829.0 300.0 300.0 42 43708.0 45682.0 300.0 300.0
227.02572722933178 53 36269.0 39456.0 300.0 300.0 45 51040.0 54108.0 300.0 300.0
893.6246625125652 58 35057.0 38382.0 300.0 300.0 37 53271.0 55217.0 300.0 300.0
586.8151827977342 10 20094.0 22636.0 300.0 300.0 40 35305.0 37575.0 300.0 300.0
47.81250846930962 54 49441.0 51416.0 300.0 300.0 41 68952.0 70898.0 300.0 300.0
545.3353361514143 48 29317.0 32774.0 300.0 300.0 44 44199.0 47072.0 300.0 300.0
97.46951606570286 29 38724.0 40798.0 300.0 300.0 50 58544.0 60729.0 300.0 300.0
164.80457456408737 23 46276.0 49148.0 300.0 300.0 22 64246.0 67352.0 300.0 300.0
308.18259480242716 44 22101.0 24670.0 300.0 300.0 56 39400.0 42251.0 300.0 300.0
372.4779869773869 22 41121.0 44114.0 300.0 300.0 39 55278.0 57936.0 300.0 300.0
829.9024363860683 59 19810.0 22438.0 300.0 300.0 18 35962.0 38795.0 300.0 300.0
818.620739086745 13 30890.0 32854.0 300.0 300.0 15 46725.0 49640.0 300.0 300.0
671.0416181932902 28 50652.0 52586.0 300.0 300.0 14 68136.0 70148.0 300.0 300.0
507.9136995058129 59 34956.0 37335.0 300.0 300.0 43 54948.0 58098.0 300.0 300.0
580.2681356961649 32 40954.0 44365.0 300.0 300.0 22 57233.0 59132.0 300.0 300.0
455.69862115818813 38 52157.0 55198.0 300.0 300.0 60 72086.0 75536.0 300.0 300.0
739.465351658023 31 23018.0 24847.0 300.0 300.0 39 38890.0 42169.0 300.0 300.0
350.48492112793537 50 32596.0 34604.0 300.0 300.0 29 47373.0 50051.0 300.0 300.0
107.24584526294456 29 46693.0 48509.0 300.0 300.0 51 60116.0 62993.0 300.0 300.0
740.7349127834261 17 40964.0 42879.0 300.0 300.0 25 59518.0 62100.0 300.0 300.0
134.0635599460923 17 20584.0 23379.0 300.0 300.0 23 35710.0 38465.0 300.0 300.0
975.2818823480567 21 38371.0 41302.0 300.0 300.0 46 55488.0 58211.0 300.0 300.0
101.46647784453022 45 49175.0 52428.0 300.0 300.0 50 70004.0 72975.0 300.0 300.0
115.35639483979598 42 21602.0 24620.0 300.0 300.0 19 37069.0 40130.0 300.0 300.0
582.8477625630976 52 20430.0 23485.0 300.0 300.0 41 36710.0 40047.0 300.0 300.0
389.0139486859907 50 50312.0 52261.0 300.0 300.0 58 68300.0 71127.0 300.0 300.0
154.03903671948405 34 51737.0 55014.0 300.0 300.0 38 67610.0 69821.0 300.0 300.0
797.060033648967 60 37440.0 39847.0 300.0 300.0 25 50702.0 54226.0 300.0 300.0
31.470053003085695 23 20903.0 24250.0 300.0 300.0 53 35164.0 38163.0 300.0 300.0
9.022295613729913 26 45731.0 47780.0 300.0 300.0 19 61168.0 64219.0 300.0 300.0
424.9984602172422 14 44631.0 47673.0 300.0 300.0 16 61955.0 64262.0 300.0 300.0
248.3615117078649 56 51064.0 53789.0 300.0 300.0 41 71787.0 73927.0 300.0 300.0
62.86565260991151 36 26958.0 30090.0 300.0 300.0 14 44027.0 46320.0 300.0 300.0
982.3585753808336 12 22961.0 25474.0 300.0 300.0 28 39087.0 40960.0 300.0 300.0
187.91421587634983 14 28677.0 30810.0 300.0 300.0 55 44401.0 47328.0 300.0 300.0
662.751914599772 48 23274.0 25994.0 300.0 300.0 43 38898.0 41786.0 300.0 300.0
806.9321835893485 55 28116.0 29979.0 300.0 300.0 54 46623.0 48664.0 300.0 300.0
751.3931374222644 21 41254.0 44269.0 300.0 300.0 43 60748.0 63757.0 300.0 300.0
677.8751163866463 56 38971.0 42145.0 300.0 300.0 10 55871.0 58704.0 300.0 300.0
788.4777281894633 60 45994.0 48983.0 300.0 300.0 13 63656.0 65604.0 300.0 300.0
381.23122561991505 35 23142.0 25832.0 300.0 300.0 23 38145.0 40420.0 300.0 300.0
281.2055078730542 32 50920.0 53680.0 300.0 300.0 14 69776.0 73210.0 300.0 300.0
389.79234652591657 49 47979.0 50990.0 300.0 300.0 38 65058.0 67566.0 300.0 300.0
904.3218018823662 23 46720.0 49718.0 300.0 300.0 37 67627.0 70398.0 300.0 300.0
732.798446639056 59 47742.0 51318.0 300.0 300.0 33 66748.0 69552.0 300.0 300.0
591.5489603153655 22 45850.0 48215.0 300.0 300.0 20 62910.0 66418.0 300.0 300.0
