10 50
5000.0 2 14400.0 79200.0
2000.0 7 14400.0 79200.0
5000.0 6 14400.0 79200.0
5000.0 2 14400.0 79200.0
5000.0 5 14400.0 79200.0
10000.0 0 14400.0 79200.0
7000.0 3 14400.0 79200.0
2000.0 3 14400.0 79200.0
10000.0 3 14400.0 79200.0
2000.0 4 14400.0 79200.0
24.43330185155512 57 49465.0 52922.0 300.0 300.0 34 69836.0 72645.0 300.0 300.0
146.56150999696592 58 52857.0 56230.0 300.0 300.0 37 68842.0 72058.0 300.0 300.0
104.97162346384204 25 24323.0 26367.0 300.0 300.0 47 37786.0 40059.0 300.0 300.0
5.469072144888676 53 27668.0 30053.0 300.0 300.0 42 41010.0 42966.0 300.0 300.0
689.9618403845907 46 26578.0 29632.0 300.0 300.0 16 46186.0 48931.0 300.0 300.0
201.25825818912423 58 24489.0 26862.0 300.0 300.0 26 39855.0 41761.0 300.0 300.0
537.7533734960637 33 40837.0 43098.0 300.0 300.0 20 57228.0 60461.0 300.0 300.0
846.3706238482475 34 41015.0 44281.0 300.0 300.0 15 55439.0 57482.0 300.0 300.0
155.22275652302997 22 19027.0 21930.0 300.0 300.0 26 37090.0 40177.0 300.0 300.0
331.02226607685316 21 39257.0 41230.0 300.0 300.0 46 56727.0 59250.0 300.0 300.0
880.7773576636731 39 27589.0 30587.0 300.0 300.0 41 45430.0 48308.0 300.0 300.0
248.32832560341745 55 39898.0 43083.0 300.0 300.0 25 57462.0 59413.0 300.0 300.0
620.3789432933005 45 26318.0 29680.0 300.0 300.0 35 47611.0 50576.0 300.0 300.0
47.194347198639576 42 32734.0 34812.0 300.0 300.0 28 49182.0 52514.0 300.0 300.0
963.5286302965125 32 19562.0 22669.0 300.0 300.0 27 40280.0 43824.0 300.0 300.0
51.48644540463254 38 20006.0 22649.0 300.0 300.0 24 37605.0 39737.0 300.0 300.0
703.644336041722 15 44561.0 46590.0 300.0 300.0 33 60795.0 63282.0 300.0 300.0
934.892125455574 23 34515.0 36650.0 300.0 300.0 42 52277.0 54258.0 300.0 300.0
401.5844568272523 43 25151.0 28430.0 300.0 300.0 41 40476.0 43256.0 300.0 300.0
643.873464301455 36 52551.0 55701.0 300.0 300.0 20 69826.0 72390.0 300.0 300.0
828.8289662552238 52 39781.0 42389.0 300.0 300.0 37 59133.0 61468.0 300.0 300.0
281.2274084448825 50 46551.0 49430.0 300.0 300.0 22 61929.0 63969.0 300.0 300.0
533.9988471936093 36 44602.0 47311.0 300.0 300.0 46 64337.0 66530.0 300.0 300.0
749.4253906858459 29 30188.0 33446.0 300.0 300.0 36 44603.0 47091.0 300.0 300.0
628.3269337448702 47 34116.0 35918.0 300.0 300.0 38 48407.0 50511.0 300.0 300.0
389.88780451323737 47 35055.0 36995.0 300.0 300.0 31 52736.0 55008.0 300.0 300.0
277.1157439511931 22 22216.0 24828.0 300.0 300.0 47 36957.0 39278.0 300.0 300.0
309.82850021367324 12 35101.0 38449.0 300.0 300.0 34 53880.0 57375.0 300.0 300.0
519.231439196394 29 49063.0 52355.0 300.0 300.0 46 69324.0 72918.0 300.0 300.0
164.81567592787894 20 44238.0 46539.0 300.0 300.0 54 59958.0 62059.0 300.0 300.0
478.7644521238069 31 19757.0 21876.0 300.0 300.0 52 38670.0 41620.0 300.0 300.0
449.6532338952937 26 41776.0 44212.0 300.0 300.0 19 55963.0 58473.0 300.0 300.0
954.9880297472737 33 47675.0 50222.0 300.0 300.0 13 61316.0 64314.0 300.0 300.0
663.8815738231101 43 33161.0 36504.0 300.0 300.0 16 49089.0 52032.0 300.0 300.0
810.8932649370797 12 31136.0 33419.0 300.0 300.0 11 50251.0 52753.0 300.0 300.0
366.78962361536236 49 49497.0 52946.0 300.0 300.0 14 64502.0 66662.0 300.0 300.0
668.4732090232387 21 18184.0 20090.0 300.0 300.0 26 34496.0 37082.0 300.0 300.0
160.36362718243592 18 41956.0 44771.0 300.0 300.0 43 59860.0 62222.0 300.0 300.0
661.5474697807042 10 23982.0 27276.0 300.0 300.0 50 42189.0 45545.0 300.0 300.0
61.48382988451295 12 43992.0 45947.0 300.0 300.0 18 59265.0 61734.0 300.0 300.0
504.612710626849 39 53020.0 54895.0 300.0 300.0 15 67423.0 69825.0 300.0 300.0
805.7078702777424 41 38465.0 41539.0 300.0 300.0 59 59055.0 62384.0 300.0 300.0
878.7011529249239 27 32137.0 34048.0 300.0 300.0 48 48542.0 51677.0 300.0 300.0
107.31441102580308 51 37885.0 40329.0 300.0 300.0 50 54471.0 56481.0 300.0 300.0
191.62972073694985 14 23521.0 25728.0 300.0 300.0 55 43631.0 46973.0 300.0 300.0
261.4593811771246 57 33052.0 36328.0 300.0 300.0 40 51743.0 54127.0 300.0 300.0
578.8021415858943 34 26363.0 28688.0 300.0 300.0 43 42270.0 44310.0 300.0 300.0
176.23606447773543 26 19759.0 23189.0 300.0 300.0 19 39558.0 41419.0 300.0 300.0
619.7405305350093 23 31877.0 33943.0 300.0 300.0 15 47236.0 50710.0 300.0 300.0
661.4173581177444 55 25909.0 29152.0 300.0 300.0 48 46055.0 49401.0 300.0 300.0
