10 50
7000.0 4 14400.0 79200.0
5000.0 8 14400.0 79200.0
10000.0 0 14400.0 79200.0
7000.0 6 14400.0 79200.0
10000.0 4 14400.0 79200.0
10000.0 2 14400.0 79200.0
5000.0 8 14400.0 79200.0
10000.0 8 14400.0 79200.0
10000.0 8 14400.0 79200.0
7000.0 0 14400.0 79200.0
93.80657747528143 51 49845.0 52125.0 300.0 300.0 52 65330.0 68031.0 300.0 300.0
725.2189518327461 12 53171.0 56739.0 300.0 300.0 43 71797.0 74842.0 300.0 300.0
577.1727837684226 30 24257.0 27086.0 300.0 300.0 39 42542.0 45468.0 300.0 300.0
922.0280055006865 49 34395.0 36966.0 300.0 300.0 55 53944.0 57349.0 300.0 300.0
916.0507651699379 50 36358.0 38954.0 300.0 300.0 48 54828.0 57383.0 300.0 300.0
845.5410601694947 37 28416.0 30782.0 300.0 300.0 42 48479.0 50990.0 300.0 300.0
641.3742891551856 21 43914.0 45799.0 300.0 300.0 23 58483.0 61184.0 300.0 300.0
103.89748063300108 58 33116.0 35725.0 300.0 300.0 42 51576.0 54025.0 300.0 300.0
398.46590951612006 30 50047.0 52166.0 300.0 300.0 32 67617.0 70721.0 300.0 300.0
362.1548814429485 37 40371.0 42975.0 300.0 300.0 46 59097.0 60916.0 300.0 300.0
213.83495687138665 27 45896.0 49297.0 300.0 300.0 60 67013.0 69963.0 300.0 300.0
283.8412400711522 33 48230.0 50794.0 300.0 300.0 42 66897.0 68978.0 300.0 300.0
739.9215581025394 59 21156.0 23732.0 300.0 300.0 58 35262.0 37745.0 300.0 300.0
317.45782505070997 40 48642.0 50486.0 300.0 300.0 20 62914.0 65711.0 300.0 300.0
222.36420692189373 25 51587.0 54846.0 300.0 300.0 43 67367.0 69931.0 300.0 300.0
799.9065004198563 60 19461.0 21873.0 300.0 300.0 19 34006.0 36647.0 300.0 300.0
865.2189131387383 41 42620.0 45748.0 300.0 300.0 11 57882.0 60867.0 300.0 300.0
102.51077315386192 51 47295.0 49929.0 300.0 300.0 30 61857.0 63931.0 300.0 300.0
172.51615138134957 30 43784.0 47159.0 300.0 300.0 57 61758.0 64033.0 300.0 300.0
132.92025484431903 55 37578.0 40533.0 300.0 300.0 10 51917.0 53755.0 300.0 300.0
876.8328227411123 13 32950.0 35157.0 300.0 300.0 32 52417.0 54378.0 300.0 300.0
858.3948167867126 48 18247.0 21687.0 300.0 300.0 55 38334.0 41871.0 300.0 300.0
493.78344499799863 57 36132.0 38243.0 300.0 300.0 49 50841.0 53067.0 300.0 300.0
797.7988891275811 50 35471.0 38783.0 300.0 300.0 59 54707.0 56842.0 300.0 300.0
991.4724946167927 32 47710.0 50674.0 300.0 300.0 21 64441.0 67962.0 300.0 300.0
790.5102715686323 28 30140.0 33715.0 300.0 300.0 51 47068.0 49719.0 300.0 300.0
771.3510977564316 39 34201.0 36926.0 300.0 300.0 25 50313.0 52227.0 300.0 300.0
174.15150646341337 41 19861.0 23002.0 300.0 300.0 12 38036.0 40643.0 300.0 300.0
216.31277231400347 47 22855.0 25992.0 300.0 300.0 46 36844.0 39762.0 300.0 300.0
657.749692332344 52 21232.0 24169.0 300.0 300.0 58 37194.0 39061.0 300.0 300.0
677.3445036278194 42 34011.0 37221.0 300.0 300.0 34 53144.0 56284.0 300.0 300.0
265.16014698070666 50 20499.0 22368.0 300.0 300.0 42 39914.0 42618.0 300.0 300.0
505.1001724789887 11 52960.0 56280.0 300.0 300.0 47 73520.0 76911.0 300.0 300.0
332.266809658772 21 45445.0 48033.0 300.0 300.0 60 63837.0 66415.0 300.0 300.0
760.2329950950237 58 25507.0 27559.0 300.0 300.0 10 39667.0 43043.0 300.0 300.0
491.88455848735555 10 38778.0 41521.0 300.0 300.0 39 54390.0 56769.0 300.0 300.0
588.4388032660197 13 36049.0 38462.0 300.0 300.0 15 52066.0 54281.0 300.0 300.0
178.10167981316738 22 39263.0 41453.0 300.0 300.0 39 53248.0 56413.0 300.0 300.0
64.52584438313392 59 41103.0 43749.0 300.0 300.0 14 58038.0 60767.0 300.0 300.0
467.0521157163471 52 22628.0 26161.0 300.0 300.0 45 37223.0 39352.0 300.0 300.0
95.41342159502553 18 50272.0 53205.0 300.0 300.0 27 64018.0 66167.0 300.0 300.0
68.2115700208783 15 35483.0 38388.0 300.0 300.0 59 51535.0 54883.0 300.0 300.0
835.1251971182515 29 36879.0 39518.0 300.0 300.0 53 51365.0 54257.0 300.0 300.0
248.05886016303813 41 43378.0 46879.0 300.0 300.0 56 64171.0 67148.0 300.0 300.0
975.308020068028 48 50060.0 52549.0 300.0 300.0 29 64306.0 66356.0 300.0 300.0
149.49626953183858 58 44154.0 47542.0 300.0 300.0 13 61471.0 63376.0 300.0 300.0
311.6760978791144 17 40366.0 42889.0 300.0 300.0 25 53975.0 56229.0 300.0 300.0
843.3207028511587 51 34953.0 38154.0 300.0 300.0 21 55504.0 57521.0 300.0 300.0
588.5299978604066 27 36711.0 39126.0 300.0 300.0 40 51012.0 53882.0 300.0 300.0
974.1956384017606 11 21092.0 24458.0 300.0 300.0 59 39815.0 42726.0 300.0 300.0
