10 50
7000.0 2 14400.0 79200.0
5000.0 5 14400.0 79200.0
2000.0 5 14400.0 79200.0
5000.0 6 14400.0 79200.0
2000.0 2 14400.0 79200.0
10000.0 8 14400.0 79200.0
5000.0 4 14400.0 79200.0
7000.0 4 14400.0 79200.0
7000.0 8 14400.0 79200.0
10000.0 0 14400.0 79200.0
511.7362731802614 32 24112.0 26835.0 300.0 300.0 20 40283.0 43540.0 300.0 300.0
159.33703579073878 28 43015.0 45957.0 300.0 300.0 55 63596.0 66926.0 300.0 300.0
836.3818769923006 44 30108.0 33098.0 300.0 300.0 42 50440.0 53945.0 300.0 300.0
575.4112376906099 29 51044.0 53086.0 300.0 300.0 49 67749.0 70363.0 300.0 300.0
188.54590055501697 12 19944.0 22894.0 300.0 300.0 26 38813.0 41592.0 300.0 300.0
528.0767200163917 43 19610.0 23143.0 300.0 300.0 42 34522.0 36453.0 300.0 300.0
528.8291362697865 14 37837.0 41043.0 300.0 300.0 53 52609.0 55584.0 300.0 300.0
356.62073857704223 52 38054.0 40998.0 300.0 300.0 43 56694.0 59921.0 300.0 300.0
93.44928027201283 58 44749.0 47460.0 300.0 300.0 13 59515.0 62072.0 300.0 300.0
454.2352408465679 49 29851.0 32842.0 300.0 300.0 29 48316.0 51263.0 300.0 300.0
918.013286881407 55 30574.0 34018.0 300.0 300.0 17 46967.0 49592.0 300.0 300.0
166.90376050976363 49 22168.0 24115.0 300.0 300.0 54 41466.0 44686.0 300.0 300.0
769.6790656075816 59 28638.0 31623.0 300.0 300.0 15 42860.0 45836.0 300.0 300.0
358.6242133038494 31 35699.0 38210.0 300.0 300.0 12 51426.0 53682.0 300.0 300.0
969.031889110605 33 26852.0 30256.0 300.0 300.0 47 44650.0 48250.0 300.0 300.0
412.54091985883576 39 35078.0 38147.0 300.0 300.0 34 52420.0 55564.0 300.0 300.0
189.75436139133683 41 42339.0 45354.0 300.0 300.0 55 61529.0 64637.0 300.0 300.0
26.3376250370454 27 20195.0 22849.0 300.0 300.0 26 36777.0 38926.0 300.0 300.0
541.7024444052078 29 53866.0 56418.0 300.0 300.0 27 70240.0 72640.0 300.0 300.0
49.74422454426342 28 40866.0 43353.0 300.0 300.0 39 60544.0 62532.0 300.0 300.0
759.7884172042826 33 45022.0 47905.0 300.0 300.0 25 64175.0 67726.0 300.0 300.0
514.1427780401049 38 33984.0 37351.0 300.0 300.0 30 50026.0 53212.0 300.0 300.0
434.9667834437972 41 21790.0 24203.0 300.0 300.0 19 38086.0 40005.0 300.0 300.0
865.3164280573093 19 49416.0 52733.0 300.0 300.0 49 67048.0 69267.0 300.0 300.0
91.84847200946366 17 38009.0 41308.0 300.0 300.0 40 55309.0 57484.0 300.0 300.0
661.0290253993118 30 20777.0 22642.0 300.0 300.0 38 34355.0 36611.0 300.0 300.0
806.6322723528365 60 45083.0 48190.0 300.0 300.0 57 65967.0 68048.0 300.0 300.0
800.3946508686827 27 23631.0 25800.0 300.0 300.0 49 40697.0 43655.0 300.0 300.0
595.1183743794254 16 31981.0 34299.0 300.0 300.0 55 47615.0 49952.0 300.0 300.0
861.3079109235412 14 42734.0 45806.0 300.0 300.0 38 58221.0 61257.0 300.0 300.0
218.90730649351454 52 32963.0 35485.0 300.0 300.0 32 46388.0 48307.0 300.0 300.0
719.347087638649 29 29360.0 31527.0 300.0 300.0 25 47653.0 50324.0 300.0 300.0
453.21641546686266 43 26184.0 28032.0 300.0 300.0 41 43963.0 47101.0 300.0 300.0
174.69694599332365 12 41592.0 43910.0 300.0 300.0 47 55583.0 58831.0 300.0 300.0
436.1655853967813 37 38093.0 40637.0 300.0 300.0 16 52957.0 55562.0 300.0 300.0
425.3062479266486 44 50151.0 52272.0 300.0 300.0 26 66544.0 69967.0 300.0 300.0
40.37196314227032 60 33938.0 35753.0 300.0 300.0 28 51021.0 53365.0 300.0 300.0
481.60852286705057 19 51908.0 54646.0 300.0 300.0 29 66883.0 68802.0 300.0 300.0
446.0999876269636 34 46253.0 48766.0 300.0 300.0 18 66474.0 68530.0 300.0 300.0
841.9857545203974 37 30009.0 32574.0 300.0 300.0 38 45119.0 48599.0 300.0 300.0
283.2668379402928 51 41382.0 43979.0 300.0 300.0 47 59037.0 61424.0 300.0 300.0
244.40438353023174 40 25351.0 28089.0 300.0 300.0 39 40119.0 42880.0 300.0 300.0
988.9036230869286 54 50344.0 52278.0 300.0 300.0 29 67952.0 70173.0 300.0 300.0
118.34194579901481 10 20265.0 22374.0 300.0 300.0 26 38600.0 40775.0 300.0 300.0
898.1976910628383 30 51971.0 54072.0 300.0 300.0 35 68277.0 71582.0 300.0 300.0
506.66539792549395 30 41333.0 43615.0 300.0 300.0 51 60512.0 62364.0 300.0 300.0
161.34177455855348 20 27575.0 29543.0 300.0 300.0 58 40475.0 43938.0 300.0 300.0
968.3058453685504 40 23504.0 26944.0 300.0 300.0 51 40026.0 43279.0 300.0 300.0
824.8185957453268 54 39600.0 42624.0 300.0 300.0 50 58169.0 60808.0 300.0 300.0
52.56502256875173 50 45507.0 47325.0 300.0 300.0 52 62516.0 65528.0 300.0 300.0
