10 50
5000.0 6 14400.0 79200.0
7000.0 1 14400.0 79200.0
2000.0 3 14400.0 79200.0
5000.0 9 14400.0 79200.0
7000.0 8 14400.0 79200.0
7000.0 6 14400.0 79200.0
2000.0 9 14400.0 79200.0
5000.0 5 14400.0 79200.0
2000.0 1 14400.0 79200.0
10000.0 9 14400.0 79200.0
928.2707546325497 36 38277.0 40379.0 300.0 300.0 29 55909.0 58987.0 300.0 300.0
613.555205704601 52 47680.0 50270.0 300.0 300.0 39 61075.0 64486.0 300.0 300.0
133.689408531973 60 18351.0 21254.0 300.0 300.0 29 36414.0 38446.0 300.0 300.0
503.69529293471226 35 41871.0 44946.0 300.0 300.0 17 61188.0 63180.0 300.0 300.0
892.4787742435302 37 52333.0 54238.0 300.0 300.0 36 66350.0 68995.0 300.0 300.0
228.62432388444665 53 25985.0 29526.0 300.0 300.0 38 45225.0 47332.0 300.0 300.0
835.5015387200626 40 44809.0 47318.0 300.0 300.0 32 60677.0 63119.0 300.0 300.0
392.6890204571921 31 48933.0 51568.0 300.0 300.0 46 65444.0 68594.0 300.0 300.0
964.0738561033376 23 52698.0 55167.0 300.0 300.0 34 72491.0 76018.0 300.0 300.0
151.73167527087227 11 37870.0 39732.0 300.0 300.0 18 52242.0 55567.0 300.0 300.0
592.6770688761706 29 26417.0 28469.0 300.0 300.0 34 39707.0 41821.0 300.0 300.0
608.4406982723264 50 29706.0 33010.0 300.0 300.0 46 50219.0 52770.0 300.0 300.0
474.04679218372945 55 32988.0 35108.0 300.0 300.0 26 50294.0 53482.0 300.0 300.0
909.8828964853581 44 29243.0 31175.0 300.0 300.0 11 43852.0 45830.0 300.0 300.0
51.54508752312292 29 52811.0 55020.0 300.0 300.0 46 68159.0 70242.0 300.0 300.0
943.4265452579756 39 22236.0 25320.0 300.0 300.0 20 40636.0 44214.0 300.0 300.0
520.5418411521576 16 30444.0 33312.0 300.0 300.0 55 47368.0 49309.0 300.0 300.0
523.9422445435539 15 46179.0 48259.0 300.0 300.0 22 59907.0 62565.0 300.0 300.0
701.7636047949883 47 36944.0 39299.0 300.0 300.0 28 52979.0 55579.0 300.0 300.0
103.38660401056521 43 44621.0 47645.0 300.0 300.0 24 60115.0 62764.0 300.0 300.0
870.5629606578708 30 53985.0 56631.0 300.0 300.0 53 71270.0 73687.0 300.0 300.0
697.4206759605071 39 49864.0 53202.0 300.0 300.0 52 67953.0 70180.0 300.0 300.0
741.5460953539867 10 18671.0 21956.0 300.0 300.0 12 35799.0 38381.0 300.0 300.0
780.756950445141 14 46114.0 48722.0 300.0 300.0 56 65862.0 68879.0 300.0 300.0
982.0727734429048 14 48542.0 51898.0 300.0 300.0 50 69757.0 73204.0 300.0 300.0
956.0020702405192 38 50019.0 53364.0 300.0 300.0 11 70163.0 72722.0 300.0 300.0
484.286362093713 44 26133.0 28620.0 300.0 300.0 13 42236.0 44957.0 300.0 300.0
836.7834446825635 52 31952.0 33851.0 300.0 300.0 24 44815.0 46827.0 300.0 300.0
336.39529979687967 23 26309.0 28551.0 300.0 300.0 60 43156.0 46419.0 300.0 300.0
626.2043028936198 10 20866.0 23011.0 300.0 300.0 42 40215.0 42179.0 300.0 300.0
32.136749971231836 51 19769.0 23192.0 300.0 300.0 45 40168.0 42748.0 300.0 300.0
621.8278460380883 31 23701.0 26658.0 300.0 300.0 28 43954.0 45995.0 300.0 300.0
84.30971116529817 42 28156.0 31095.0 300.0 300.0 16 45916.0 49238.0 300.0 300.0
378.48721300231125 17 32617.0 35300.0 300.0 300.0 35 53068.0 56142.0 300.0 300.0
364.94675764934925 40 25322.0 27958.0 300.0 300.0 17 41974.0 44464.0 300.0 300.0
534.6655556076878 23 53283.0 56216.0 300.0 300.0 29 71007.0 74321.0 300.0 300.0
291.4492837633774 13 45907.0 49197.0 300.0 300.0 54 60607.0 63050.0 300.0 300.0
615.7818602327881 48 28300.0 30669.0 300.0 300.0 41 45990.0 49100.0 300.0 300.0
384.57088339809286 15 52607.0 56079.0 300.0 300.0 39 69864.0 73073.0 300.0 300.0
211.61374628471896 41 51107.0 53693.0 300.0 300.0 26 65837.0 68136.0 300.0 300.0
819.5961796495993 42 34541.0 37383.0 300.0 300.0 18 49179.0 51312.0 300.0 300.0
262.83144215982026 49 20424.0 22248.0 300.0 300.0 18 36153.0 39721.0 300.0 300.0
814.9052068314761 26 20110.0 23422.0 300.0 300.0 40 38238.0 41417.0 300.0 300.0
245.11752309987378 36 40846.0 44172.0 300.0 300.0 33 57364.0 60399.0 300.0 300.0
100.18895389837867 56 32601.0 36045.0 300.0 300.0 31 50013.0 53541.0 300.0 300.0
504.89652838377873 27 26544.0 28529.0 300.0 300.0 26 41057.0 43678.0 300.0 300.0
187.1150874020907 20 41634.0 44838.0 300.0 300.0 38 61476.0 64591.0 300.0 300.0
58.96092063144087 48 47417.0 49954.0 300.0 300.0 10 66877.0 69648.0 300.0 300.0
744.8366594480156 20 45186.0 48780.0 300.0 300.0 60 60715.0 63669.0 300.0 300.0
736.2926431902083 42 27239.0 30210.0 300.0 300.0 31 42453.0 45168.0 300.0 300.0
