10 50
5000.0 1 14400.0 79200.0
5000.0 7 14400.0 79200.0
10000.0 0 14400.0 79200.0
10000.0 2 14400.0 79200.0
10000.0 0 14400.0 79200.0
7000.0 7 14400.0 79200.0
7000.0 7 14400.0 79200.0
2000.0 5 14400.0 79200.0
10000.0 8 14400.0 79200.0
10000.0 1 14400.0 79200.0
993.2625054924581 11 23938.0 25959.0 300.0 300.0 41 41044.0 43671.0 300.0 300.0
594.8099684452928 47 30369.0 33267.0 300.0 300.0 33 46598.0 49834.0 300.0 300.0
501.7668734692434 35 25201.0 28442.0 300.0 300.0 34 41912.0 45076.0 300.0 300.0
213.7786970655031 15 51382.0 53502.0 300.0 300.0 35 67673.0 70891.0 300.0 300.0
760.003074395986 41 40526.0 42599.0 300.0 300.0 47 57670.0 60896.0 300.0 300.0
585.255121963677 48 23620.0 25982.0 300.0 300.0 33 37853.0 39679.0 300.0 300.0
802.7780910478654 30 27481.0 29347.0 300.0 300.0 19 46252.0 49518.0 300.0 300.0
852.2684366791859 51 30246.0 32825.0 300.0 300.0 26 47873.0 50282.0 300.0 300.0
385.92888493481206 57 19126.0 22521.0 300.0 300.0 28 37046.0 39305.0 300.0 300.0
891.0061067512453 52 43826.0 47096.0 300.0 300.0 28 58760.0 61463.0 300.0 300.0
317.87047920539754 31 39840.0 42455.0 300.0 300.0 15 53262.0 56518.0 300.0 300.0
620.9508841231354 49 45290.0 48255.0 300.0 300.0 12 60802.0 63567.0 300.0 300.0
660.671347258642 23 23523.0 27084.0 300.0 300.0 52 39399.0 41684.0 300.0 300.0
144.67965473991907 36 30703.0 34262.0 300.0 300.0 39 52213.0 54046.0 300.0 300.0
213.6862704403414 16 51943.0 54828.0 300.0 300.0 48 67202.0 70758.0 300.0 300.0
824.4561802475356 54 21975.0 24368.0 300.0 300.0 32 39189.0 41166.0 300.0 300.0
929.8413565111815 43 49453.0 52319.0 300.0 300.0 30 68130.0 70848.0 300.0 300.0
780.5299627331203 26 45605.0 47622.0 300.0 300.0 22 61071.0 64224.0 300.0 300.0
638.4859919600303 49 42579.0 44429.0 300.0 300.0 52 62202.0 64388.0 300.0 300.0
373.9695045378101 43 42810.0 45793.0 300.0 300.0 30 57244.0 59411.0 300.0 300.0
957.1523714847141 13 28195.0 31431.0 300.0 300.0 37 43806.0 46237.0 300.0 300.0
961.1957981759233 47 32854.0 34781.0 300.0 300.0 10 46072.0 48806.0 300.0 300.0
724.8245338147315 23 19023.0 22581.0 300.0 300.0 40 39696.0 42206.0 300.0 300.0
8.80893750446976 31 21337.0 24060.0 300.0 300.0 39 39290.0 42540.0 300.0 300.0
948.0128436118935 42 35995.0 39545.0 300.0 300.0 39 54836.0 58152.0 300.0 300.0
700.8519495512668 27 24448.0 27339.0 300.0 300.0 12 41050.0 42961.0 300.0 300.0
744.0377127093416 45 35445.0 38630.0 300.0 300.0 32 52735.0 55263.0 300.0 300.0
605.7499556992811 55 44826.0 48233.0 300.0 300.0 25 62683.0 65506.0 300.0 300.0
328.7958005241748 39 29910.0 32473.0 300.0 300.0 18 50415.0 52304.0 300.0 300.0
180.58437206812462 21 52447.0 55299.0 300.0 300.0 56 72392.0 75411.0 300.0 300.0
823.6418128768821 39 41241.0 43145.0 300.0 300.0 59 59093.0 62012.0 300.0 300.0
744.2788714589352 32 38843.0 41850.0 300.0 300.0 51 56201.0 58908.0 300.0 300.0
751.9701890484088 35 53472.0 55850.0 300.0 300.0 55 70535.0 74086.0 300.0 300.0
651.221876101825 60 22505.0 25406.0 300.0 300.0 43 41235.0 43177.0 300.0 300.0
124.10001979748908 47 37959.0 41145.0 300.0 300.0 21 52062.0 54619.0 300.0 300.0
329.7467496765023 29 51460.0 54572.0 300.0 300.0 46 66854.0 68905.0 300.0 300.0
142.00446068019633 19 21328.0 24005.0 300.0 300.0 20 37374.0 40928.0 300.0 300.0
437.02182535037394 13 43122.0 46251.0 300.0 300.0 38 58320.0 61063.0 300.0 300.0
825.510986584358 10 48163.0 50468.0 300.0 300.0 44 67554.0 71113.0 300.0 300.0
928.9341792427283 56 49412.0 52848.0 300.0 300.0 33 69118.0 72368.0 300.0 300.0
410.43008834002256 30 28571.0 31989.0 300.0 300.0 25 47045.0 49748.0 300.0 300.0
390.52104222689263 14 46085.0 48333.0 300.0 300.0 31 60178.0 63439.0 300.0 300.0
697.6265676794304 30 25065.0 27493.0 300.0 300.0 60 40588.0 42396.0 300.0 300.0
543.8266413533298 28 22851.0 25012.0 300.0 300.0 56 40355.0 42725.0 300.0 300.0
750.6790312140682 31 42003.0 44972.0 300.0 300.0 55 57088.0 58892.0 300.0 300.0
704.5272411170133 17 22430.0 24515.0 300.0 300.0 47 41523.0 44859.0 300.0 300.0
418.2074091588898 36 42240.0 44989.0 300.0 300.0 24 61239.0 63283.0 300.0 300.0
839.4389681566394 59 29627.0 33177.0 300.0 300.0 46 46658.0 50250.0 300.0 300.0
174.2857471942114 15 24851.0 28216.0 300.0 300.0 12 40660.0 42909.0 300.0 300.0
261.64033405294265 26 50897.0 53690.0 300.0 300.0 21 67097.0 68912.0 300.0 300.0
