10 50
10000.0 5 14400.0 79200.0
7000.0 1 14400.0 79200.0
10000.0 6 14400.0 79200.0
7000.0 1 14400.0 79200.0
10000.0 0 14400.0 79200.0
5000.0 0 14400.0 79200.0
10000.0 7 14400.0 79200.0
10000.0 2 14400.0 79200.0
7000.0 2 14400.0 79200.0
10000.0 7 14400.0 79200.0
679.0468474355389 35 24100.0 26212.0 300.0 300.0 13 44176.0 46554.0 300.0 300.0
608.393331465368 40 20812.0 23769.0 300.0 300.0 47 37067.0 40330.0 300.0 300.0
324.7548379703291 51 29168.0 31626.0 300.0 300.0 24 42446.0 45001.0 300.0 300.0
156.23382920816852 47 22654.0 26118.0 300.0 300.0 59 41180.0 43276.0 300.0 300.0
253.88692339856522 44 45058.0 48523.0 300.0 300.0 37 62897.0 65505.0 300.0 300.0
89.22100265941691 59 32072.0 33950.0 300.0 300.0 38 48682.0 50875.0 300.0 300.0
738.7278002059069 23 43374.0 45364.0 300.0 300.0 25 63177.0 66502.0 300.0 300.0
56.567576393608434 27 37478.0 39880.0 300.0 300.0 40 57840.0 60519.0 300.0 300.0
894.2314926115926 11 49774.0 51891.0 300.0 300.0 37 64885.0 67985.0 300.0 300.0
510.6793278243079 12 29160.0 32053.0 300.0 300.0 35 49721.0 52218.0 300.0 300.0
229.00137626892857 27 27945.0 31332.0 300.0 300.0 53 48617.0 51207.0 300.0 300.0
454.40179598597683 36 37404.0 39254.0 300.0 300.0 60 54775.0 57316.0 300.0 300.0
951.5591601987137 24 53981.0 57101.0 300.0 300.0 35 72925.0 75152.0 300.0 300.0
510.24488762078425 54 24414.0 27598.0 300.0 300.0 43 39555.0 42167.0 300.0 300.0
761.2366817879413 19 37707.0 40572.0 300.0 300.0 38 52587.0 55383.0 300.0 300.0
19.65778657500139 53 32324.0 34176.0 300.0 300.0 10 46170.0 49098.0 300.0 300.0
131.28705137205444 39 53413.0 55629.0 300.0 300.0 60 68590.0 71201.0 300.0 300.0
944.4261247504675 39 38113.0 40114.0 300.0 300.0 26 53836.0 57322.0 300.0 300.0
377.33841914084076 54 22548.0 24517.0 300.0 300.0 60 40679.0 44224.0 300.0 300.0
619.0913169575572 30 43654.0 45664.0 300.0 300.0 21 58020.0 61065.0 300.0 300.0
191.82916981928543 41 37880.0 40823.0 300.0 300.0 18 55382.0 58288.0 300.0 300.0
761.115134028469 33 19401.0 22585.0 300.0 300.0 31 38054.0 40290.0 300.0 300.0
18.67087763414499 34 48100.0 51679.0 300.0 300.0 37 66895.0 68840.0 300.0 300.0
186.86741610185166 13 20917.0 23112.0 300.0 300.0 34 38198.0 40381.0 300.0 300.0
205.5608854338794 41 41462.0 43510.0 300.0 300.0 48 56893.0 59095.0 300.0 300.0
993.3165727323651 34 36454.0 39479.0 300.0 300.0 11 55437.0 58642.0 300.0 300.0
476.96029787077333 47 29343.0 31311.0 300.0 300.0 13 46498.0 49077.0 300.0 300.0
368.8405690428774 17 20576.0 22496.0 300.0 300.0 24 36154.0 39578.0 300.0 300.0
950.9945206603657 41 45992.0 48671.0 300.0 300.0 48 62070.0 65162.0 300.0 300.0
997.5138616503177 12 23065.0 26455.0 300.0 300.0 11 38938.0 41802.0 300.0 300.0
820.0212495311365 22 38715.0 41272.0 300.0 300.0 27 59053.0 62416.0 300.0 300.0
259.60152507680965 23 39471.0 41959.0 300.0 300.0 29 57746.0 61080.0 300.0 300.0
428.3232316818355 40 36591.0 39699.0 300.0 300.0 54 55764.0 57639.0 300.0 300.0
131.22276314819192 38 21175.0 24719.0 300.0 300.0 28 36015.0 39467.0 300.0 300.0
921.6710742940368 54 53837.0 56344.0 300.0 300.0 28 70230.0 73209.0 300.0 300.0
107.01643516094484 21 52055.0 54655.0 300.0 300.0 49 72338.0 74912.0 300.0 300.0
882.0917969156536 26 34391.0 37138.0 300.0 300.0 54 52343.0 55464.0 300.0 300.0
354.32026488287505 58 45151.0 47371.0 300.0 300.0 25 60372.0 63836.0 300.0 300.0
476.1726409062921 42 24268.0 27406.0 300.0 300.0 21 42921.0 45200.0 300.0 300.0
133.39735899407268 19 21289.0 23772.0 300.0 300.0 14 36435.0 39527.0 300.0 300.0
75.10417155565685 41 50889.0 54038.0 300.0 300.0 33 69914.0 71807.0 300.0 300.0
747.5271454712637 54 37736.0 41212.0 300.0 300.0 25 53566.0 56013.0 300.0 300.0
97.2730481823022 34 53966.0 57421.0 300.0 300.0 38 70105.0 72009.0 300.0 300.0
615.6077477391252 55 33660.0 37249.0 300.0 300.0 18 53311.0 55918.0 300.0 300.0
886.7797564840487 56 44516.0 47130.0 300.0 300.0 20 60956.0 63014.0 300.0 300.0
668.9603466681607 52 29593.0 32087.0 300.0 300.0 29 45813.0 48684.0 300.0 300.0
790.3814690412265 23 24181.0 27702.0 300.0 300.0 32 42338.0 45605.0 300.0 300.0
78.32049781388106 50 53177.0 55813.0 300.0 300.0 32 73437.0 76718.0 300.0 300.0
607.0214448320403 20 41065.0 43637.0 300.0 300.0 43 59865.0 62605.0 300.0 300.0
215.96154081803388 36 30253.0 32990.0 300.0 300.0 55 45475.0 47358.0 300.0 300.0
