10 50
5000.0 7 14400.0 79200.0
5000.0 4 14400.0 79200.0
2000.0 2 14400.0 79200.0
10000.0 7 14400.0 79200.0
10000.0 5 14400.0 79200.0
5000.0 7 14400.0 79200.0
7000.0 5 14400.0 79200.0
2000.0 1 14400.0 79200.0
2000.0 9 14400.0 79200.0
10000.0 3 14400.0 79200.0
418.07078305191084 44 42083.0 45061.0 300.0 300.0 11 59435.0 62347.0 300.0 300.0
146.2397669535005 33 30763.0 33682.0 300.0 300.0 42 46454.0 48632.0 300.0 300.0
495.92678163901405 52 25457.0 28938.0 300.0 300.0 57 45710.0 48339.0 300.0 300.0
189.70534190768439 51 18518.0 21996.0 300.0 300.0 31 34149.0 36721.0 300.0 300.0
276.8211953993711 45 28700.0 30956.0 300.0 300.0 13 42175.0 45123.0 300.0 300.0
284.4876858716103 46 19988.0 23047.0 300.0 300.0 55 40307.0 43649.0 300.0 300.0
608.794146755479 42 36917.0 40001.0 300.0 300.0 18 57076.0 59678.0 300.0 300.0
221.8723992764797 33 29771.0 32280.0 300.0 300.0 11 48225.0 51798.0 300.0 300.0
331.08099032499274 57 22703.0 25536.0 300.0 300.0 53 36546.0 38529.0 300.0 300.0
372.1681820994408 17 22515.0 24639.0 300.0 300.0 11 38430.0 40390.0 300.0 300.0
773.9267152646223 40 36849.0 40407.0 300.0 300.0 23 53517.0 56971.0 300.0 300.0
118.44383095931444 38 53584.0 55612.0 300.0 300.0 46 67727.0 71204.0 300.0 300.0
559.2613566823504 23 52986.0 56444.0 300.0 300.0 60 68449.0 70610.0 300.0 300.0
374.71332904526844 57 49719.0 52565.0 300.0 300.0 17 69216.0 71202.0 300.0 300.0
464.47215172349365 17 24547.0 26509.0 300.0 300.0 23 39724.0 41976.0 300.0 300.0
451.60731670418653 32 40555.0 42434.0 300.0 300.0 35 58993.0 62552.0 300.0 300.0
541.5649663979694 34 27952.0 30471.0 300.0 300.0 55 41563.0 44814.0 300.0 300.0
422.6791972037065 17 37575.0 39707.0 300.0 300.0 45 51043.0 54235.0 300.0 300.0
403.55552667475183 30 47066.0 50230.0 300.0 300.0 16 65231.0 68599.0 300.0 300.0
803.0984615919022 47 48456.0 50746.0 300.0 300.0 36 66330.0 69305.0 300.0 300.0
803.0689840388345 24 40434.0 43968.0 300.0 300.0 49 58574.0 61680.0 300.0 300.0
382.119010825526 23 31272.0 33855.0 300.0 300.0 27 51742.0 54713.0 300.0 300.0
898.3333068663597 54 32090.0 35542.0 300.0 300.0 10 46926.0 49472.0 300.0 300.0
38.294658627557986 56 28613.0 30755.0 300.0 300.0 31 47598.0 51041.0 300.0 300.0
101.87724702935907 26 35501.0 37564.0 300.0 300.0 50 52900.0 55534.0 300.0 300.0
133.2322371210737 54 31788.0 34017.0 300.0 300.0 52 47748.0 50564.0 300.0 300.0
169.5164011886583 24 36765.0 39839.0 300.0 300.0 55 55385.0 58461.0 300.0 300.0
931.3917050707332 56 41604.0 45098.0 300.0 300.0 54 57016.0 59658.0 300.0 300.0
353.22918332057486 36 41160.0 44457.0 300.0 300.0 28 57008.0 60364.0 300.0 300.0
470.1008250751723 57 52154.0 54478.0 300.0 300.0 53 71831.0 74552.0 300.0 300.0
512.2693239799618 16 35640.0 38457.0 300.0 300.0 51 55444.0 58689.0 300.0 300.0
429.96274054322726 11 27166.0 30595.0 300.0 300.0 29 45566.0 47723.0 300.0 300.0
162.6795699264386 54 37395.0 39967.0 300.0 300.0 13 51426.0 53374.0 300.0 300.0
89.98756153108923 55 35962.0 37968.0 300.0 300.0 59 53110.0 55931.0 300.0 300.0
515.9938790847089 59 21216.0 24392.0 300.0 300.0 16 36381.0 38731.0 300.0 300.0
137.2383775743341 59 39505.0 43075.0 300.0 300.0 11 55633.0 58620.0 300.0 300.0
692.4395949373522 27 49355.0 52008.0 300.0 300.0 15 69502.0 72498.0 300.0 300.0
415.08665371112073 42 23384.0 26956.0 300.0 300.0 50 43575.0 45566.0 300.0 300.0
930.8577295762746 13 49930.0 51878.0 300.0 300.0 20 66686.0 68727.0 300.0 300.0
99.23521205985364 14 35284.0 37933.0 300.0 300.0 20 53831.0 56257.0 300.0 300.0
804.6964485445151 19 39735.0 41675.0 300.0 300.0 37 56883.0 58802.0 300.0 300.0
982.7792309738492 40 34502.0 37095.0 300.0 300.0 33 52554.0 55454.0 300.0 300.0
98.02919005437616 47 38531.0 41996.0 300.0 300.0 37 55842.0 58127.0 300.0 300.0
711.3999739359589 13 31606.0 34482.0 300.0 300.0 48 50455.0 54016.0 300.0 300.0
114.20507530137425 17 35451.0 38652.0 300.0 300.0 13 53088.0 56111.0 300.0 300.0
852.361893484705 39 32206.0 34914.0 300.0 300.0 30 51497.0 54750.0 300.0 300.0
158.4317811676239 56 24862.0 26855.0 300.0 300.0 15 44038.0 46513.0 300.0 300.0
505.7248607263144 32 39178.0 42137.0 300.0 300.0 24 57680.0 60620.0 300.0 300.0
739.6724259612898 57 18738.0 20833.0 300.0 300.0 41 32384.0 34961.0 300.0 300.0
906.879625399972 11 39255.0 41326.0 300.0 300.0 57 56596.0 59890.0 300.0 300.0
