10 50
10000.0 0 14400.0 79200.0
10000.0 4 14400.0 79200.0
10000.0 0 14400.0 79200.0
7000.0 6 14400.0 79200.0
7000.0 5 14400.0 79200.0
5000.0 0 14400.0 79200.0
7000.0 8 14400.0 79200.0
10000.0 9 14400.0 79200.0
10000.0 2 14400.0 79200.0
10000.0 5 14400.0 79200.0
273.90825060971224 40 37371.0 39962.0 300.0 300.0 46 57489.0 60173.0 300.0 300.0
899.5503780493176 19 23660.0 25953.0 300.0 300.0 55 43452.0 46455.0 300.0 300.0
54.59289406187096 46 35142.0 38641.0 300.0 300.0 26 50400.0 52477.0 300.0 300.0
443.8979066820955 31 33833.0 36266.0 300.0 300.0 59 47869.0 50497.0 300.0 300.0
363.8859749384686 13 26965.0 30557.0 300.0 300.0 56 46954.0 49616.0 300.0 300.0
892.9022420379665 53 21113.0 24466.0 300.0 300.0 36 39357.0 42928.0 300.0 300.0
169.0543837474169 16 33974.0 36325.0 300.0 300.0 58 49611.0 53101.0 300.0 300.0
590.1968612717084 47 20389.0 23031.0 300.0 300.0 24 35923.0 39345.0 300.0 300.0
418.6575185960968 19 28915.0 31553.0 300.0 300.0 46 48842.0 51679.0 300.0 300.0
434.04185740778325 52 34224.0 36205.0 300.0 300.0 19 53883.0 56987.0 300.0 300.0
54.8366161497984 43 32318.0 35570.0 300.0 300.0 22 49966.0 52160.0 300.0 300.0
41.93969874856918 42 25361.0 28401.0 300.0 300.0 32 41342.0 44456.0 300.0 300.0
779.8666602642359 31 30649.0 34131.0 300.0 300.0 36 49279.0 51566.0 300.0 300.0
732.199037410441 33 42569.0 46116.0 300.0 300.0 29 61134.0 63576.0 300.0 300.0
634.8301976917261 56 38831.0 41453.0 300.0 300.0 60 59342.0 61302.0 300.0 300.0
991.7045530197616 59 36840.0 39252.0 300.0 300.0 40 56846.0 60252.0 300.0 300.0
128.8181333177837 15 21739.0 25266.0 300.0 300.0 11 37550.0 40137.0 300.0 300.0
1.467503818222915 14 28508.0 30476.0 300.0 300.0 42 45938.0 49356.0 300.0 300.0
431.7853194979418 29 25577.0 29089.0 300.0 300.0 40 44302.0 46854.0 300.0 300.0
579.5305308066169 14 48791.0 52194.0 300.0 300.0 15 67765.0 71319.0 300.0 300.0
342.1910169521518 27 42560.0 44423.0 300.0 300.0 42 60066.0 62319.0 300.0 300.0
302.0177431384825 50 23572.0 25390.0 300.0 300.0 11 37559.0 40610.0 300.0 300.0
50.3112880347254 41 41258.0 44839.0 300.0 300.0 11 59860.0 63342.0 300.0 300.0
289.4747854039079 43 37318.0 40081.0 300.0 300.0 10 51852.0 54382.0 300.0 300.0
437.47466230111877 24 45226.0 48295.0 300.0 300.0 36 60614.0 63289.0 300.0 300.0
143.4188412511026 28 50844.0 54077.0 300.0 300.0 26 65008.0 67784.0 300.0 300.0
937.6700396006605 51 37144.0 40382.0 300.0 300.0 47 58121.0 60216.0 300.0 300.0
217.8823228964708 35 44462.0 47240.0 300.0 300.0 57 64573.0 66752.0 300.0 300.0
107.60850218763207 21 46644.0 48968.0 300.0 300.0 49 62996.0 65857.0 300.0 300.0
977.7240462576464 13 39548.0 42937.0 300.0 300.0 18 57342.0 60076.0 300.0 300.0
630.3649636531621 50 24961.0 27806.0 300.0 300.0 38 45287.0 47944.0 300.0 300.0
779.01162388776 16 33167.0 35242.0 300.0 300.0 60 47835.0 51266.0 300.0 300.0
751.5334602613389 11 49492.0 51853.0 300.0 300.0 14 65664.0 67713.0 300.0 300.0
390.6392844795488 12 49401.0 52319.0 300.0 300.0 44 67722.0 69661.0 300.0 300.0
210.12671262358896 16 32846.0 36371.0 300.0 300.0 60 49873.0 53037.0 300.0 300.0
828.6988333570974 22 31828.0 34190.0 300.0 300.0 21 51195.0 54674.0 300.0 300.0
783.3392822036275 27 37807.0 40409.0 300.0 300.0 48 56075.0 59203.0 300.0 300.0
198.50773876718188 41 43460.0 46687.0 300.0 300.0 42 61809.0 64715.0 300.0 300.0
178.25052588356684 33 25299.0 27130.0 300.0 300.0 16 42023.0 44041.0 300.0 300.0
820.5316867987743 41 23443.0 26311.0 300.0 300.0 46 41953.0 45132.0 300.0 300.0
347.4186902026162 47 31560.0 34147.0 300.0 300.0 18 48051.0 50002.0 300.0 300.0
777.00778565162 50 21259.0 24596.0 300.0 300.0 19 39062.0 42395.0 300.0 300.0
411.33996588860145 39 21712.0 24051.0 300.0 300.0 54 40277.0 43398.0 300.0 300.0
461.54367787625307 56 48928.0 50792.0 300.0 300.0 40 67016.0 69905.0 300.0 300.0
380.5157375110422 48 41210.0 44054.0 300.0 300.0 37 59284.0 62520.0 300.0 300.0
784.3754078341492 54 24982.0 27315.0 300.0 300.0 34 42496.0 46023.0 300.0 300.0
284.36416167773024 13 49576.0 51555.0 300.0 300.0 34 68049.0 70216.0 300.0 300.0
405.72817346604694 54 18480.0 21471.0 300.0 300.0 16 35544.0 37743.0 300.0 300.0
243.78254473304784 47 50690.0 53154.0 300.0 300.0 58 66145.0 69272.0 300.0 300.0
997.6266196405252 30 40233.0 42125.0 300.0 300.0 41 59420.0 61982.0 300.0 300.0
