10 50
7000.0 2 14400.0 79200.0
2000.0 6 14400.0 79200.0
5000.0 8 14400.0 79200.0
7000.0 0 14400.0 79200.0
2000.0 8 14400.0 79200.0
7000.0 5 14400.0 79200.0
10000.0 5 14400.0 79200.0
5000.0 7 14400.0 79200.0
2000.0 2 14400.0 79200.0
7000.0 0 14400.0 79200.0
979.7214865800904 38 21415.0 24831.0 300.0 300.0 14 39163.0 41645.0 300.0 300.0
865.3824117208288 45 32756.0 34888.0 300.0 300.0 41 49153.0 51696.0 300.0 300.0
85.15548988454769 42 50795.0 53019.0 300.0 300.0 26 68599.0 70680.0 300.0 300.0
775.0579956059427 23 53274.0 56562.0 300.0 300.0 53 72720.0 74736.0 300.0 300.0
669.2474936315567 38 33763.0 35927.0 300.0 300.0 13 50635.0 53600.0 300.0 300.0
18.39657293897723 44 40613.0 43216.0 300.0 300.0 23 57958.0 60757.0 300.0 300.0
528.1362997466557 24 46881.0 49506.0 300.0 300.0 22 62014.0 64382.0 300.0 300.0
202.25839649713984 55 18140.0 20971.0 300.0 300.0 16 32235.0 35464.0 300.0 300.0
624.5472752260318 47 43704.0 46610.0 300.0 300.0 19 63608.0 66740.0 300.0 300.0
759.4674514962833 45 24633.0 27186.0 300.0 300.0 25 40137.0 43504.0 300.0 300.0
810.3451413959433 30 27481.0 29455.0 300.0 300.0 57 40948.0 43974.0 300.0 300.0
95.50318815925985 38 28351.0 31376.0 300.0 300.0 36 42603.0 44884.0 300.0 300.0
801.6831566099564 60 21541.0 24263.0 300.0 300.0 25 37584.0 40242.0 300.0 300.0
690.7804062637055 21 30577.0 33203.0 300.0 300.0 31 44418.0 48016.0 300.0 300.0
627.2247604348389 25 39187.0 42554.0 300.0 300.0 11 55842.0 59309.0 300.0 300.0
774.0528509654366 19 37092.0 40344.0 300.0 300.0 43 56915.0 60245.0 300.0 300.0
966.2671340304399 36 49586.0 51830.0 300.0 300.0 28 65544.0 68954.0 300.0 300.0
636.2457245847582 50 18238.0 20264.0 300.0 300.0 18 35491.0 38139.0 300.0 300.0
760.8857790245825 34 18766.0 22180.0 300.0 300.0 55 36382.0 38806.0 300.0 300.0
412.4184979801471 55 43917.0 46644.0 300.0 300.0 24 62938.0 66037.0 300.0 300.0
850.4194788472488 29 37423.0 40823.0 300.0 300.0 58 58641.0 61445.0 300.0 300.0
371.99595341273886 12 45300.0 48423.0 300.0 300.0 42 65691.0 68112.0 300.0 300.0
373.07860929438755 41 48344.0 50886.0 300.0 300.0 40 67779.0 70510.0 300.0 300.0
807.6717037135377 55 43736.0 46218.0 300.0 300.0 60 58692.0 60951.0 300.0 300.0
402.9136563658994 34 52860.0 55082.0 300.0 300.0 13 71726.0 74420.0 300.0 300.0
369.6485149340474 24 31487.0 34292.0 300.0 300.0 35 47348.0 49666.0 300.0 300.0
944.9255097157114 26 35266.0 38691.0 300.0 300.0 56 50814.0 54003.0 300.0 300.0
756.6720656763891 19 33957.0 35806.0 300.0 300.0 45 51086.0 54171.0 300.0 300.0
560.2114588774139 43 20394.0 22389.0 300.0 300.0 27 39285.0 41395.0 300.0 300.0
635.554567611487 57 32930.0 35930.0 300.0 300.0 15 49934.0 52584.0 300.0 300.0
709.5736013593762 58 32874.0 34687.0 300.0 300.0 33 49728.0 52767.0 300.0 300.0
337.8595805976885 53 44460.0 46545.0 300.0 300.0 55 60419.0 62905.0 300.0 300.0
420.1938744512721 18 19613.0 22903.0 300.0 300.0 16 39630.0 42362.0 300.0 300.0
581.7947384870639 38 19151.0 22627.0 300.0 300.0 51 38033.0 40570.0 300.0 300.0
237.40601735451273 54 43096.0 46315.0 300.0 300.0 37 62875.0 65871.0 300.0 300.0
229.173124560194 31 44012.0 46018.0 300.0 300.0 28 63346.0 66533.0 300.0 300.0
123.24447140762562 25 53554.0 56452.0 300.0 300.0 43 70509.0 73129.0 300.0 300.0
935.9712253995928 40 49460.0 52371.0 300.0 300.0 31 63316.0 66019.0 300.0 300.0
115.67553623036997 59 49150.0 52658.0 300.0 300.0 38 69109.0 72250.0 300.0 300.0
749.320449418108 49 49563.0 51660.0 300.0 300.0 41 66683.0 69615.0 300.0 300.0
136.94415028462825 17 23395.0 26878.0 300.0 300.0 19 41051.0 43577.0 300.0 300.0
986.8850405912453 52 39809.0 42345.0 300.0 300.0 33 58523.0 61823.0 300.0 300.0
415.40106629051974 19 53066.0 55276.0 300.0 300.0 23 71786.0 73986.0 300.0 300.0
584.0390572780392 57 21549.0 23626.0 300.0 300.0 54 37394.0 40965.0 300.0 300.0
0.9869739588784787 46 45170.0 47482.0 300.0 300.0 33 58563.0 60473.0 300.0 300.0
971.9759459293836 18 51276.0 54148.0 300.0 300.0 26 70842.0 73175.0 300.0 300.0
858.0942154006416 43 33924.0 36857.0 300.0 300.0 53 50589.0 52445.0 300.0 300.0
152.15143327654766 16 48883.0 51881.0 300.0 300.0 15 68873.0 71541.0 300.0 300.0
918.0290996793058 34 48358.0 50708.0 300.0 300.0 55 61760.0 64126.0 300.0 300.0
139.94189813223423 57 53360.0 56013.0 300.0 300.0 47 69668.0 72921.0 300.0 300.0
