10 50
5000.0 6 14400.0 79200.0
2000.0 1 14400.0 79200.0
5000.0 2 14400.0 79200.0
7000.0 7 14400.0 79200.0
10000.0 1 14400.0 79200.0
5000.0 6 14400.0 79200.0
5000.0 8 14400.0 79200.0
10000.0 6 14400.0 79200.0
2000.0 8 14400.0 79200.0
10000.0 4 14400.0 79200.0
675.7462840017305 19 50362.0 53344.0 300.0 300.0 11 66839.0 68925.0 300.0 300.0
255.03576054585218 44 27168.0 29854.0 300.0 300.0 16 45542.0 47630.0 300.0 300.0
870.592839523841 50 19148.0 21206.0 300.0 300.0 16 32158.0 34040.0 300.0 300.0
157.80702203101927 58 22166.0 25314.0 300.0 300.0 44 40567.0 43774.0 300.0 300.0
333.09711816764275 37 47604.0 49612.0 300.0 300.0 39 61448.0 64337.0 300.0 300.0
853.5654782044174 29 35581.0 38100.0 300.0 300.0 18 51480.0 54793.0 300.0 300.0
748.0799117519339 56 41019.0 43845.0 300.0 300.0 32 59343.0 62367.0 300.0 300.0
255.78955589299468 25 19528.0 22110.0 300.0 300.0 37 35979.0 38718.0 300.0 300.0
927.9295464891753 54 37412.0 40973.0 300.0 300.0 17 58632.0 61894.0 300.0 300.0
565.3870686939923 19 37816.0 40626.0 300.0 300.0 41 56270.0 59651.0 300.0 300.0
543.596297647276 13 27644.0 29612.0 300.0 300.0 43 47550.0 50615.0 300.0 300.0
992.9745288929915 27 51658.0 53471.0 300.0 300.0 19 67321.0 69425.0 300.0 300.0
892.1889414181859 18 47441.0 49712.0 300.0 300.0 35 66247.0 68407.0 300.0 300.0
967.7939849478628 42 52349.0 55777.0 300.0 300.0 18 67492.0 70691.0 300.0 300.0
61.57975096969825 16 25782.0 29120.0 300.0 300.0 34 44955.0 47378.0 300.0 300.0
583.7896684039126 18 36336.0 38625.0 300.0 300.0 59 55386.0 57493.0 300.0 300.0
201.48896525341476 33 24784.0 27659.0 300.0 300.0 57 42477.0 44593.0 300.0 300.0
617.3855707158842 20 47272.0 50525.0 300.0 300.0 36 62340.0 64810.0 300.0 300.0
646.5331904330627 17 44949.0 48254.0 300.0 300.0 26 65863.0 68382.0 300.0 300.0
240.54094852420081 50 40901.0 42984.0 300.0 300.0 43 56063.0 59352.0 300.0 300.0
579.415210427247 45 37741.0 40508.0 300.0 300.0 31 57359.0 59665.0 300.0 300.0
539.8772574762427 49 22446.0 25414.0 300.0 300.0 60 42839.0 45054.0 300.0 300.0
100.90224861477847 39 45054.0 48169.0 300.0 300.0 10 65602.0 68400.0 300.0 300.0
865.6081065931127 26 28684.0 32088.0 300.0 300.0 21 45219.0 47843.0 300.0 300.0
675.966297037409 32 24317.0 26559.0 300.0 300.0 42 37639.0 40816.0 300.0 300.0
584.5738461377207 53 22376.0 25426.0 300.0 300.0 25 41764.0 44992.0 300.0 300.0
250.29290516018764 59 43821.0 47156.0 300.0 300.0 10 63677.0 66080.0 300.0 300.0
946.1788331814384 12 43222.0 45450.0 300.0 300.0 30 57380.0 60185.0 300.0 300.0
35.53129328812232 48 36261.0 38277.0 300.0 300.0 13 55064.0 58262.0 300.0 300.0
919.1101904076319 34 45229.0 48244.0 300.0 300.0 45 64974.0 67087.0 300.0 300.0
311.75980088118683 43 37459.0 40164.0 300.0 300.0 18 53596.0 57058.0 300.0 300.0
185.42635973498466 24 39105.0 42390.0 300.0 300.0 57 57033.0 60599.0 300.0 300.0
217.65444156416814 13 37503.0 41080.0 300.0 300.0 57 55768.0 59147.0 300.0 300.0
136.3526596435284 33 30246.0 32952.0 300.0 300.0 52 46256.0 48723.0 300.0 300.0
628.1236418725251 35 44037.0 46230.0 300.0 300.0 11 59236.0 61713.0 300.0 300.0
84.69977730724987 29 53625.0 55892.0 300.0 300.0 44 68748.0 71158.0 300.0 300.0
950.439419599315 26 42731.0 46051.0 300.0 300.0 43 57190.0 60357.0 300.0 300.0
860.3935494005236 58 24589.0 26550.0 300.0 300.0 39 38263.0 40812.0 300.0 300.0
207.25148780099732 42 41830.0 44025.0 300.0 300.0 53 61755.0 63950.0 300.0 300.0
90.70988680969705 33 26584.0 29082.0 300.0 300.0 23 45941.0 48646.0 300.0 300.0
681.796815501207 11 29670.0 32642.0 300.0 300.0 34 44589.0 46410.0 300.0 300.0
372.3598578875005 21 35287.0 37465.0 300.0 300.0 24 48863.0 52092.0 300.0 300.0
849.9611911140796 29 44686.0 47958.0 300.0 300.0 13 60634.0 62485.0 300.0 300.0
39.858403043035004 47 40696.0 43645.0 300.0 300.0 16 59463.0 61607.0 300.0 300.0
347.8405197871547 39 27254.0 29848.0 300.0 300.0 29 44080.0 46625.0 300.0 300.0
629.297466747627 25 50431.0 53834.0 300.0 300.0 53 65136.0 67205.0 300.0 300.0
463.6872377867529 33 52993.0 56322.0 300.0 300.0 59 69254.0 71989.0 300.0 300.0
468.7710818525476 28 23931.0 25732.0 300.0 300.0 42 39203.0 41422.0 300.0 300.0
600.5898767555043 31 39438.0 43033.0 300.0 300.0 40 60854.0 63739.0 300.0 300.0
120.67937079568314 33 26161.0 29133.0 300.0 300.0 12 45942.0 47850.0 300.0 300.0
