5 20
2000.0 6 14400.0 79200.0
10000.0 1 14400.0 79200.0
10000.0 7 14400.0 79200.0
7000.0 0 14400.0 79200.0
2000.0 7 14400.0 79200.0
822.0295636498305 31 27398.0 30768.0 300.0 300.0 52 42550.0 45271.0 300.0 300.0
813.6822340821836 22 51849.0 55253.0 300.0 300.0 36 66773.0 69355.0 300.0 300.0
626.0728173204888 28 37948.0 40978.0 300.0 300.0 11 58921.0 62082.0 300.0 300.0
178.89627814103915 33 28398.0 31523.0 300.0 300.0 59 44971.0 48384.0 300.0 300.0
920.5893763765603 10 49021.0 51405.0 300.0 300.0 22 68822.0 71873.0 300.0 300.0
519.6977629599064 10 49084.0 51627.0 300.0 300.0 29 63851.0 65907.0 300.0 300.0
508.5917962306974 10 26022.0 29125.0 300.0 300.0 24 41781.0 44552.0 300.0 300.0
869.8874743053851 24 52541.0 55690.0 300.0 300.0 53 70308.0 73158.0 300.0 300.0
555.277411866682 10 34772.0 37486.0 300.0 300.0 38 49548.0 52982.0 300.0 300.0
282.93316196870876 43 33030.0 35294.0 300.0 300.0 54 52740.0 54630.0 300.0 300.0
443.3090038995914 13 25564.0 27724.0 300.0 300.0 22 40456.0 43009.0 300.0 300.0
688.9912001189228 26 50161.0 52524.0 300.0 300.0 51 64059.0 66336.0 300.0 300.0
473.6649565753169 11 36352.0 38832.0 300.0 300.0 53 52329.0 54174.0 300.0 300.0
427.59905647976825 17 41936.0 45105.0 300.0 300.0 47 62548.0 64931.0 300.0 300.0
810.4296846336736 46 36188.0 38822.0 300.0 300.0 39 51025.0 53823.0 300.0 300.0
218.15799695956107 40 22796.0 26202.0 300.0 300.0 52 41013.0 43072.0 300.0 300.0
231.41156340096202 49 40617.0 42676.0 300.0 300.0 57 58633.0 61475.0 300.0 300.0
275.6716448468082 59 52126.0 54415.0 300.0 300.0 18 67844.0 70179.0 300.0 300.0
315.69378622156063 50 27295.0 29703.0 300.0 300.0 46 44375.0 47207.0 300.0 300.0
898.3201877992313 46 23491.0 26053.0 300.0 300.0 22 41081.0 43965.0 300.0 300.0
