5 20
2000.0 5 14400.0 79200.0
5000.0 5 14400.0 79200.0
5000.0 5 14400.0 79200.0
5000.0 7 14400.0 79200.0
2000.0 2 14400.0 79200.0
673.6767278379556 57 30072.0 32090.0 300.0 300.0 52 48796.0 51649.0 300.0 300.0
18.802572647232285 38 52161.0 54153.0 300.0 300.0 45 67321.0 69767.0 300.0 300.0
832.6863622083547 23 42954.0 46295.0 300.0 300.0 59 61124.0 63008.0 300.0 300.0
626.9262925181911 39 26698.0 30249.0 300.0 300.0 52 45402.0 48163.0 300.0 300.0
347.8042264568617 20 51312.0 53378.0 300.0 300.0 60 68074.0 70766.0 300.0 300.0
198.24219404307286 44 37369.0 40632.0 300.0 300.0 15 53300.0 55344.0 300.0 300.0
157.9538552735782 55 42393.0 44469.0 300.0 300.0 42 61088.0 64571.0 300.0 300.0
129.0419448621376 57 39091.0 42239.0 300.0 300.0 29 58289.0 61270.0 300.0 300.0
290.45997224800936 16 28962.0 32030.0 300.0 300.0 32 42912.0 45837.0 300.0 300.0
164.71471230729762 50 26639.0 29847.0 300.0 300.0 23 44690.0 47260.0 300.0 300.0
798.0726358808578 51 45590.0 47472.0 300.0 300.0 52 60324.0 63251.0 300.0 300.0
473.3002750317854 24 34341.0 37447.0 300.0 300.0 32 52358.0 54945.0 300.0 300.0
524.8097238901235 27 25390.0 28452.0 300.0 300.0 38 45743.0 48749.0 300.0 300.0
298.68477399492787 60 23986.0 26025.0 300.0 300.0 12 42378.0 45386.0 300.0 300.0
533.8789932608869 33 40029.0 42171.0 300.0 300.0 24 57378.0 60560.0 300.0 300.0
726.2645003543435 43 26012.0 28015.0 300.0 300.0 36 43379.0 45418.0 300.0 300.0
488.1591362104749 25 20301.0 22555.0 300.0 300.0 32 39082.0 42576.0 300.0 300.0
6.778869223561634 59 52593.0 54828.0 300.0 300.0 52 67897.0 70711.0 300.0 300.0
156.16942825875714 13 47821.0 51315.0 300.0 300.0 49 64884.0 67631.0 300.0 300.0
458.9384687389433 20 47461.0 51004.0 300.0 300.0 55 68839.0 71641.0 300.0 300.0
