5 20
10000.0 9 14400.0 79200.0
2000.0 5 14400.0 79200.0
10000.0 3 14400.0 79200.0
7000.0 0 14400.0 79200.0
5000.0 9 14400.0 79200.0
633.031787390792 47 44011.0 46030.0 300.0 300.0 56 61433.0 63933.0 300.0 300.0
264.6258780085208 41 35327.0 37606.0 300.0 300.0 42 54793.0 58063.0 300.0 300.0
357.5124273668613 18 25278.0 28839.0 300.0 300.0 12 44488.0 47443.0 300.0 300.0
248.55725767817893 34 25626.0 28458.0 300.0 300.0 28 44334.0 47240.0 300.0 300.0
415.421624805524 43 28284.0 31200.0 300.0 300.0 20 47819.0 50027.0 300.0 300.0
247.063617387959 15 21540.0 23856.0 300.0 300.0 43 36521.0 38435.0 300.0 300.0
301.1001299137667 42 33830.0 36102.0 300.0 300.0 34 48390.0 50357.0 300.0 300.0
190.28991073383295 23 28614.0 31725.0 300.0 300.0 40 45746.0 47936.0 300.0 300.0
682.7422166644089 15 28451.0 32043.0 300.0 300.0 31 49123.0 51195.0 300.0 300.0
393.23249830829855 50 52255.0 55361.0 300.0 300.0 47 72635.0 75185.0 300.0 300.0
308.45606933485624 16 29114.0 32011.0 300.0 300.0 22 49196.0 51797.0 300.0 300.0
460.74641509586303 30 32617.0 35492.0 300.0 300.0 12 53031.0 55042.0 300.0 300.0
873.0570646753216 47 24522.0 26500.0 300.0 300.0 25 37858.0 40105.0 300.0 300.0
723.9973508152941 46 29617.0 31606.0 300.0 300.0 16 44755.0 47321.0 300.0 300.0
377.75772762735414 19 29607.0 31518.0 300.0 300.0 25 45756.0 48392.0 300.0 300.0
641.471071908423 36 35811.0 38426.0 300.0 300.0 37 50133.0 53555.0 300.0 300.0
473.78381911148404 58 28041.0 31632.0 300.0 300.0 27 44069.0 47557.0 300.0 300.0
957.9782043470422 19 32521.0 34901.0 300.0 300.0 11 48205.0 51317.0 300.0 300.0
5.864263793227686 50 19195.0 22209.0 300.0 300.0 32 34022.0 36087.0 300.0 300.0
457.9730179391266 53 37236.0 39542.0 300.0 300.0 58 55165.0 58096.0 300.0 300.0
