5 20
5000.0 2 14400.0 79200.0
7000.0 7 14400.0 79200.0
2000.0 2 14400.0 79200.0
2000.0 6 14400.0 79200.0
7000.0 9 14400.0 79200.0
453.5267018437179 36 41610.0 43620.0 300.0 300.0 23 54632.0 56519.0 300.0 300.0
991.8769692227039 25 45332.0 48689.0 300.0 300.0 27 66038.0 69088.0 300.0 300.0
354.29666187529074 13 18376.0 21956.0 300.0 300.0 26 39708.0 42545.0 300.0 300.0
447.9974772683417 55 47468.0 49414.0 300.0 300.0 50 61361.0 64431.0 300.0 300.0
942.2026584708467 53 36343.0 38310.0 300.0 300.0 10 50601.0 53574.0 300.0 300.0
347.90914364984695 37 33047.0 35069.0 300.0 300.0 50 48501.0 51459.0 300.0 300.0
117.6489629206956 12 19522.0 22790.0 300.0 300.0 43 38179.0 41229.0 300.0 300.0
6.447992163630567 31 22081.0 24532.0 300.0 300.0 54 39378.0 41950.0 300.0 300.0
579.4334835000052 27 31399.0 34320.0 300.0 300.0 45 48422.0 51313.0 300.0 300.0
434.6115271616342 29 49794.0 53358.0 300.0 300.0 47 71224.0 73605.0 300.0 300.0
520.3089334874843 47 33587.0 36001.0 300.0 300.0 48 49498.0 52562.0 300.0 300.0
467.39778675644715 23 32492.0 34517.0 300.0 300.0 43 51710.0 54468.0 300.0 300.0
783.1539019673105 35 21869.0 24526.0 300.0 300.0 47 40191.0 42946.0 300.0 300.0
47.68721404575127 38 33704.0 36190.0 300.0 300.0 45 50947.0 53739.0 300.0 300.0
942.1295751668002 39 43356.0 45424.0 300.0 300.0 43 58849.0 61568.0 300.0 300.0
330.3818930701534 18 32844.0 36320.0 300.0 300.0 22 48734.0 51980.0 300.0 300.0
721.9329574043452 14 45528.0 49070.0 300.0 300.0 16 60481.0 63958.0 300.0 300.0
65.54630513706006 10 40214.0 42137.0 300.0 300.0 13 58770.0 60627.0 300.0 300.0
935.7779323614817 32 27044.0 29903.0 300.0 300.0 21 43608.0 46908.0 300.0 300.0
514.7377650073822 14 50137.0 53564.0 300.0 300.0 23 65992.0 68876.0 300.0 300.0
