5 20
10000.0 0 14400.0 79200.0
2000.0 4 14400.0 79200.0
2000.0 2 14400.0 79200.0
7000.0 0 14400.0 79200.0
2000.0 7 14400.0 79200.0
714.0097126653675 55 48531.0 50353.0 300.0 300.0 58 65610.0 68561.0 300.0 300.0
946.7426387767642 32 41545.0 45028.0 300.0 300.0 26 58234.0 61359.0 300.0 300.0
662.7462596713519 21 24679.0 26613.0 300.0 300.0 31 38931.0 41375.0 300.0 300.0
986.8503123619023 13 48636.0 50699.0 300.0 300.0 60 67236.0 69474.0 300.0 300.0
783.1495637023951 24 51772.0 55178.0 300.0 300.0 20 70516.0 72717.0 300.0 300.0
266.3167903960383 21 36999.0 40292.0 300.0 300.0 40 54495.0 56561.0 300.0 300.0
142.3346893042411 40 19966.0 22582.0 300.0 300.0 42 33883.0 36766.0 300.0 300.0
151.92916570199966 44 22267.0 24113.0 300.0 300.0 32 37887.0 40665.0 300.0 300.0
52.20641745574417 33 35031.0 36966.0 300.0 300.0 31 49006.0 51820.0 300.0 300.0
538.9269807343861 12 37006.0 39638.0 300.0 300.0 60 55205.0 58414.0 300.0 300.0
512.2842219454787 57 32967.0 35459.0 300.0 300.0 60 49792.0 51976.0 300.0 300.0
814.198149516526 58 51324.0 53443.0 300.0 300.0 22 65327.0 68842.0 300.0 300.0
429.801212173157 24 52430.0 55519.0 300.0 300.0 25 67144.0 70479.0 300.0 300.0
636.9959314018088 49 38512.0 40324.0 300.0 300.0 53 56651.0 59438.0 300.0 300.0
548.5780752922361 56 22518.0 25070.0 300.0 300.0 21 39353.0 42734.0 300.0 300.0
930.2969928296783 19 39935.0 43008.0 300.0 300.0 49 59699.0 62780.0 300.0 300.0
991.9318830023069 57 43814.0 46898.0 300.0 300.0 26 59711.0 63085.0 300.0 300.0
583.5588857889609 50 49814.0 53088.0 300.0 300.0 11 70608.0 73577.0 300.0 300.0
107.65950654881229 23 47489.0 50041.0 300.0 300.0 38 61831.0 64476.0 300.0 300.0
232.05046922464456 56 48401.0 51841.0 300.0 300.0 23 63042.0 65187.0 300.0 300.0
