5 20
2000.0 6 14400.0 79200.0
7000.0 2 14400.0 79200.0
2000.0 6 14400.0 79200.0
2000.0 5 14400.0 79200.0
5000.0 8 14400.0 79200.0
145.920330955299 12 20144.0 22969.0 300.0 300.0 45 38185.0 41386.0 300.0 300.0
160.05309445862116 14 28901.0 31838.0 300.0 300.0 22 45135.0 47126.0 300.0 300.0
622.8050694344512 19 33311.0 35585.0 300.0 300.0 25 52580.0 55155.0 300.0 300.0
465.02511504471977 46 48364.0 50874.0 300.0 300.0 44 63805.0 65731.0 300.0 300.0
745.546828348576 55 53738.0 55727.0 300.0 300.0 30 67816.0 69778.0 300.0 300.0
346.4547271574353 53 39071.0 42288.0 300.0 300.0 41 56484.0 59041.0 300.0 300.0
141.22208133886238 25 40569.0 42815.0 300.0 300.0 30 54843.0 57368.0 300.0 300.0
760.5924075096954 11 28166.0 30992.0 300.0 300.0 43 42705.0 45150.0 300.0 300.0
267.93684234094775 44 22621.0 25421.0 300.0 300.0 52 42884.0 45105.0 300.0 300.0
861.1523512408913 21 32628.0 35080.0 300.0 300.0 58 52436.0 54937.0 300.0 300.0
263.95939285804593 50 34063.0 36764.0 300.0 300.0 23 52152.0 54938.0 300.0 300.0
86.1578241560338 21 38283.0 40738.0 300.0 300.0 58 57220.0 60620.0 300.0 300.0
650.1808592424584 58 21000.0 23798.0 300.0 300.0 23 41744.0 43556.0 300.0 300.0
830.603158469648 58 40483.0 42732.0 300.0 300.0 34 54058.0 56741.0 300.0 300.0
747.329120550056 26 37731.0 41061.0 300.0 300.0 37 55554.0 58352.0 300.0 300.0
568.809234017041 54 45577.0 48369.0 300.0 300.0 38 65867.0 68513.0 300.0 300.0
48.515210232384476 15 38926.0 41830.0 300.0 300.0 11 54392.0 56378.0 300.0 300.0
470.3748884789698 30 20365.0 22754.0 300.0 300.0 22 33701.0 35788.0 300.0 300.0
817.6635410940062 11 41805.0 43828.0 300.0 300.0 29 60266.0 62957.0 300.0 300.0
535.3515272225148 12 24226.0 26634.0 300.0 300.0 23 44411.0 47358.0 300.0 300.0
