5 20
5000.0 9 14400.0 79200.0
7000.0 2 14400.0 79200.0
5000.0 1 14400.0 79200.0
5000.0 2 14400.0 79200.0
5000.0 2 14400.0 79200.0
811.8946640309746 46 30010.0 31978.0 300.0 300.0 51 43283.0 46475.0 300.0 300.0
908.11025750379 36 28415.0 30820.0 300.0 300.0 21 42993.0 45318.0 300.0 300.0
239.24964037383623 34 42705.0 44715.0 300.0 300.0 56 61374.0 63399.0 300.0 300.0
581.618995268387 33 25025.0 27148.0 300.0 300.0 23 43445.0 46300.0 300.0 300.0
60.27896570525615 24 25515.0 28910.0 300.0 300.0 35 46852.0 50215.0 300.0 300.0
913.3650425440412 33 39660.0 41524.0 300.0 300.0 19 57714.0 61200.0 300.0 300.0
170.1323669303312 44 23107.0 26111.0 300.0 300.0 19 37847.0 39956.0 300.0 300.0
282.8926705817053 37 32002.0 34708.0 300.0 300.0 43 45666.0 48841.0 300.0 300.0
526.8097307415954 35 27230.0 29537.0 300.0 300.0 23 43907.0 46628.0 300.0 300.0
352.1573476851615 34 42444.0 45272.0 300.0 300.0 42 57910.0 61129.0 300.0 300.0
223.21140996536047 29 51232.0 53131.0 300.0 300.0 20 65385.0 67967.0 300.0 300.0
342.5469287967179 23 27584.0 31027.0 300.0 300.0 39 48017.0 49949.0 300.0 300.0
288.89140830982853 42 45879.0 48161.0 300.0 300.0 25 64710.0 67442.0 300.0 300.0
663.7772494574227 27 28766.0 32037.0 300.0 300.0 19 49089.0 51332.0 300.0 300.0
150.2371411105188 34 52389.0 55162.0 300.0 300.0 55 67031.0 70455.0 300.0 300.0
765.2292252952332 22 45465.0 48911.0 300.0 300.0 26 63723.0 65729.0 300.0 300.0
262.39872444583614 33 36884.0 39558.0 300.0 300.0 23 51812.0 54725.0 300.0 300.0
708.9302265616293 47 27676.0 29935.0 300.0 300.0 32 41967.0 45480.0 300.0 300.0
483.97226983413833 56 49750.0 51584.0 300.0 300.0 28 65871.0 69246.0 300.0 300.0
950.354554147865 50 31506.0 33441.0 300.0 300.0 46 49732.0 52906.0 300.0 300.0
