5 20
7000.0 4 14400.0 79200.0
5000.0 8 14400.0 79200.0
7000.0 1 14400.0 79200.0
2000.0 2 14400.0 79200.0
5000.0 8 14400.0 79200.0
263.63366285977816 57 41407.0 44524.0 300.0 300.0 34 61656.0 64990.0 300.0 300.0
34.34939534358128 20 29039.0 31194.0 300.0 300.0 50 42250.0 44098.0 300.0 300.0
420.4472223865734 11 19021.0 22393.0 300.0 300.0 35 36060.0 39055.0 300.0 300.0
549.3740780508546 24 21910.0 24599.0 300.0 300.0 45 41949.0 45350.0 300.0 300.0
619.2215364122703 35 31691.0 35190.0 300.0 300.0 13 49147.0 51157.0 300.0 300.0
767.4025611628439 51 33089.0 36014.0 300.0 300.0 56 52931.0 55357.0 300.0 300.0
190.55493092523778 13 50942.0 53179.0 300.0 300.0 37 66333.0 69359.0 300.0 300.0
384.69174964216745 55 49999.0 53428.0 300.0 300.0 48 66286.0 69596.0 300.0 300.0
929.3470407946439 12 45339.0 47884.0 300.0 300.0 33 62505.0 65175.0 300.0 300.0
495.7617495264034 13 25547.0 28494.0 300.0 300.0 35 42578.0 44952.0 300.0 300.0
248.3907856250872 15 42359.0 45100.0 300.0 300.0 10 58102.0 61065.0 300.0 300.0
557.0164888697074 22 25074.0 27253.0 300.0 300.0 53 38900.0 40866.0 300.0 300.0
381.8606821635956 19 21943.0 24411.0 300.0 300.0 21 38348.0 40986.0 300.0 300.0
856.6251577192683 30 51772.0 54824.0 300.0 300.0 41 72640.0 74844.0 300.0 300.0
782.7886309354441 34 45085.0 48454.0 300.0 300.0 49 64669.0 66800.0 300.0 300.0
930.9374179433453 58 36598.0 39295.0 300.0 300.0 18 56060.0 58588.0 300.0 300.0
109.17032649342362 28 35243.0 38371.0 300.0 300.0 14 50820.0 54337.0 300.0 300.0
426.45554014970577 12 36801.0 39136.0 300.0 300.0 21 55442.0 57486.0 300.0 300.0
535.1464802549015 29 18867.0 21590.0 300.0 300.0 14 32439.0 34417.0 300.0 300.0
277.5760862069597 51 35506.0 39008.0 300.0 300.0 33 54743.0 57152.0 300.0 300.0
