5 20
7000.0 2 14400.0 79200.0
2000.0 6 14400.0 79200.0
7000.0 3 14400.0 79200.0
7000.0 0 14400.0 79200.0
7000.0 6 14400.0 79200.0
495.4271789616822 59 35653.0 37534.0 300.0 300.0 41 48637.0 51119.0 300.0 300.0
312.5092780704972 11 28961.0 31159.0 300.0 300.0 14 43364.0 45244.0 300.0 300.0
297.3411461441301 28 40675.0 42762.0 300.0 300.0 25 59140.0 62433.0 300.0 300.0
817.2731290768832 22 23170.0 25695.0 300.0 300.0 41 41277.0 44662.0 300.0 300.0
646.0396731496799 57 48879.0 51836.0 300.0 300.0 32 67062.0 68873.0 300.0 300.0
73.85597437218927 14 51380.0 54300.0 300.0 300.0 20 67211.0 70137.0 300.0 300.0
869.5301176009792 37 53625.0 56645.0 300.0 300.0 58 71380.0 73241.0 300.0 300.0
136.37299433193627 30 34819.0 37021.0 300.0 300.0 19 50091.0 52350.0 300.0 300.0
199.4479247306762 26 40447.0 42676.0 300.0 300.0 58 54942.0 58200.0 300.0 300.0
183.31021495046562 32 52471.0 54373.0 300.0 300.0 12 69674.0 72344.0 300.0 300.0
923.9146748426132 33 34203.0 36704.0 300.0 300.0 36 49965.0 52605.0 300.0 300.0
927.4480411390764 24 19378.0 22125.0 300.0 300.0 57 35168.0 37145.0 300.0 300.0
403.79388091630955 11 22665.0 25166.0 300.0 300.0 14 37929.0 40440.0 300.0 300.0
761.4130931845258 38 50697.0 53278.0 300.0 300.0 10 68371.0 70949.0 300.0 300.0
688.2696045848455 54 52693.0 54678.0 300.0 300.0 60 70628.0 73955.0 300.0 300.0
136.7260350440387 44 26172.0 29150.0 300.0 300.0 57 41357.0 44810.0 300.0 300.0
107.21824041246985 56 42359.0 45323.0 300.0 300.0 10 63103.0 65646.0 300.0 300.0
820.2429308464322 44 27495.0 30980.0 300.0 300.0 50 44759.0 47470.0 300.0 300.0
554.1500840598187 15 46606.0 48591.0 300.0 300.0 22 59523.0 62647.0 300.0 300.0
218.248102512424 59 18332.0 21641.0 300.0 300.0 55 33113.0 35165.0 300.0 300.0
