5 20
10000.0 0 14400.0 79200.0
10000.0 4 14400.0 79200.0
10000.0 3 14400.0 79200.0
5000.0 5 14400.0 79200.0
2000.0 7 14400.0 79200.0
689.5959722075854 38 38487.0 40616.0 300.0 300.0 23 57327.0 59828.0 300.0 300.0
547.2438352225045 10 36748.0 39678.0 300.0 300.0 22 54520.0 56970.0 300.0 300.0
624.8648143337391 35 49282.0 52046.0 300.0 300.0 33 65592.0 68185.0 300.0 300.0
224.88098940260403 50 20893.0 23404.0 300.0 300.0 58 36363.0 38948.0 300.0 300.0
780.7783031888521 59 53783.0 57268.0 300.0 300.0 44 71008.0 72937.0 300.0 300.0
492.14260178370984 12 28159.0 30886.0 300.0 300.0 46 45257.0 48475.0 300.0 300.0
877.200912347803 53 24833.0 26845.0 300.0 300.0 19 42984.0 45835.0 300.0 300.0
892.388698859425 23 25870.0 28539.0 300.0 300.0 58 44434.0 46408.0 300.0 300.0
92.85660851598531 50 19698.0 22245.0 300.0 300.0 53 39478.0 43074.0 300.0 300.0
178.33017854112865 47 38709.0 42279.0 300.0 300.0 51 56306.0 58967.0 300.0 300.0
176.9739542584846 35 43522.0 46250.0 300.0 300.0 44 63955.0 66706.0 300.0 300.0
592.124424848669 59 19802.0 22094.0 300.0 300.0 55 38098.0 41352.0 300.0 300.0
865.0975772351813 11 34001.0 36414.0 300.0 300.0 12 50485.0 53975.0 300.0 300.0
451.34304199530885 39 34894.0 38437.0 300.0 300.0 36 52396.0 55763.0 300.0 300.0
800.9412491781377 47 43775.0 47162.0 300.0 300.0 34 63926.0 67194.0 300.0 300.0
777.2725639780155 55 21545.0 23546.0 300.0 300.0 54 38048.0 40197.0 300.0 300.0
52.69794876326883 32 50650.0 53463.0 300.0 300.0 38 70242.0 72354.0 300.0 300.0
35.4183860175683 54 27879.0 29804.0 300.0 300.0 33 46763.0 49645.0 300.0 300.0
895.4770024187794 26 32959.0 36301.0 300.0 300.0 46 47582.0 49527.0 300.0 300.0
840.6474865613455 13 48965.0 51711.0 300.0 300.0 60 63913.0 67334.0 300.0 300.0
