10 100
7000.0 6 14400.0 79200.0
2000.0 9 14400.0 79200.0
5000.0 2 14400.0 79200.0
7000.0 3 14400.0 79200.0
10000.0 7 14400.0 79200.0
5000.0 5 14400.0 79200.0
10000.0 2 14400.0 79200.0
2000.0 4 14400.0 79200.0
2000.0 7 14400.0 79200.0
2000.0 2 14400.0 79200.0
373.5048203410651 34 34507.0 36393.0 300.0 300.0 13 50736.0 53760.0 300.0 300.0
162.98281204609177 52 26192.0 28899.0 300.0 300.0 17 44464.0 47829.0 300.0 300.0
887.4788726126993 19 39826.0 41899.0 300.0 300.0 21 53138.0 56104.0 300.0 300.0
427.9121400820716 33 45418.0 48285.0 300.0 300.0 23 60895.0 63860.0 300.0 300.0
681.6900481208864 43 41601.0 44496.0 300.0 300.0 57 59013.0 61036.0 300.0 300.0
893.494860049146 53 49259.0 52429.0 300.0 300.0 28 66350.0 69870.0 300.0 300.0
724.6213958953412 26 48384.0 50284.0 300.0 300.0 15 62850.0 65100.0 300.0 300.0
20.120278727803196 46 22991.0 25760.0 300.0 300.0 41 42623.0 45847.0 300.0 300.0
896.8393107668244 58 41388.0 44199.0 300.0 300.0 27 59924.0 62643.0 300.0 300.0
840.5545348229425 51 37015.0 39483.0 300.0 300.0 38 54370.0 56819.0 300.0 300.0
736.0258816642495 55 47138.0 50038.0 300.0 300.0 18 62875.0 66262.0 300.0 300.0
821.2084531467785 27 49609.0 51675.0 300.0 300.0 50 67803.0 70345.0 300.0 300.0
966.2313836595091 19 48296.0 51428.0 300.0 300.0 25 64927.0 67195.0 300.0 300.0
934.433504822153 43 35150.0 38650.0 300.0 300.0 27 50145.0 52700.0 300.0 300.0
7.287067122475177 24 28899.0 31885.0 300.0 300.0 52 43713.0 46837.0 300.0 300.0
6.477736444806093 48 30261.0 32806.0 300.0 300.0 22 44475.0 47456.0 300.0 300.0
671.1244437201832 25 36798.0 38829.0 300.0 300.0 50 53602.0 56808.0 300.0 300.0
220.832141732746 13 43178.0 45363.0 300.0 300.0 59 58380.0 61455.0 300.0 300.0
252.24057235645625 29 46609.0 50008.0 300.0 300.0 45 63468.0 65895.0 300.0 300.0
245.1712171771837 47 34823.0 38196.0 300.0 300.0 41 52765.0 55023.0 300.0 300.0
335.7015041016139 42 28689.0 31648.0 300.0 300.0 35 47019.0 50238.0 300.0 300.0
461.35705633845856 52 19902.0 22238.0 300.0 300.0 25 35868.0 39409.0 300.0 300.0
613.2438131679565 19 18393.0 20650.0 300.0 300.0 56 35687.0 38620.0 300.0 300.0
95.82043508598525 29 30268.0 32231.0 300.0 300.0 26 43468.0 45438.0 300.0 300.0
410.94013132182437 33 53870.0 56851.0 300.0 300.0 15 74452.0 77267.0 300.0 300.0
40.22027564936781 43 21140.0 24295.0 300.0 300.0 24 37224.0 39262.0 300.0 300.0
194.6428555615809 20 39551.0 42560.0 300.0 300.0 50 59989.0 62273.0 300.0 300.0
922.1538575233623 47 42718.0 45278.0 300.0 300.0 31 62644.0 66043.0 300.0 300.0
95.48603047810201 57 49862.0 51987.0 300.0 300.0 35 69284.0 71397.0 300.0 300.0
619.7572913862837 34 35569.0 39061.0 300.0 300.0 58 52079.0 54059.0 300.0 300.0
159.96079481081728 22 32182.0 34804.0 300.0 300.0 48 48498.0 51321.0 300.0 300.0
233.5899019417701 22 42953.0 46257.0 300.0 300.0 43 64086.0 66763.0 300.0 300.0
109.71035768464044 37 31948.0 35423.0 300.0 300.0 16 52320.0 55539.0 300.0 300.0
339.8984682827927 46 45043.0 47143.0 300.0 300.0 27 60069.0 61962.0 300.0 300.0
536.8204403423837 20 29752.0 32843.0 300.0 300.0 49 43812.0 45872.0 300.0 300.0
691.2504200133243 18 51935.0 54808.0 300.0 300.0 57 68189.0 70834.0 300.0 300.0
661.9829277885627 40 33367.0 36786.0 300.0 300.0 39 54540.0 56584.0 300.0 300.0
928.0194459096441 39 22096.0 24884.0 300.0 300.0 25 42572.0 45082.0 300.0 300.0
655.8398121775192 46 35359.0 37840.0 300.0 300.0 53 48808.0 51535.0 300.0 300.0
76.09543455785395 22 49703.0 52781.0 300.0 300.0 31 70066.0 72233.0 300.0 300.0
537.7950134164789 28 47402.0 50688.0 300.0 300.0 42 64783.0 67818.0 300.0 300.0
875.6331234144387 17 49629.0 52154.0 300.0 300.0 26 65117.0 67878.0 300.0 300.0
400.71660281449493 28 28841.0 31890.0 300.0 300.0 34 46373.0 49005.0 300.0 300.0
290.1930875653336 16 21721.0 23552.0 300.0 300.0 51 35770.0 38693.0 300.0 300.0
102.71667022548402 11 52473.0 55769.0 300.0 300.0 14 70960.0 73644.0 300.0 300.0
847.1768081442198 12 21889.0 24371.0 300.0 300.0 42 38637.0 41936.0 300.0 300.0
166.443441025957 50 29046.0 32633.0 300.0 300.0 35 46812.0 48676.0 300.0 300.0
955.3035391521512 22 47294.0 50562.0 300.0 300.0 38 65014.0 67593.0 300.0 300.0
839.275307343616 58 31529.0 34467.0 300.0 300.0 60 45522.0 48415.0 300.0 300.0
713.6856412955073 25 25842.0 28354.0 300.0 300.0 10 41654.0 43883.0 300.0 300.0
611.0725062111673 13 23716.0 25604.0 300.0 300.0 11 40375.0 42870.0 300.0 300.0
384.8693455889387 43 21127.0 24447.0 300.0 300.0 24 39981.0 42602.0 300.0 300.0
835.6936275132879 51 32046.0 34021.0 300.0 300.0 17 50726.0 53947.0 300.0 300.0
50.433417177705444 17 27953.0 31037.0 300.0 300.0 36 45140.0 47151.0 300.0 300.0
943.6751727391523 32 24401.0 27569.0 300.0 300.0 13 38472.0 40331.0 300.0 300.0
636.1687422663537 33 21415.0 23935.0 300.0 300.0 24 37710.0 39994.0 300.0 300.0
411.0270122690619 54 32872.0 35524.0 300.0 300.0 26 52242.0 55117.0 300.0 300.0
602.660617387874 19 47107.0 49485.0 300.0 300.0 26 67309.0 70733.0 300.0 300.0
617.1181250048662 44 47649.0 51119.0 300.0 300.0 39 64943.0 68409.0 300.0 300.0
998.8025775486478 10 24038.0 26224.0 300.0 300.0 12 43770.0 45849.0 300.0 300.0
796.5914036699193 17 20912.0 23479.0 300.0 300.0 16 40151.0 42387.0 300.0 300.0
107.29852630531578 48 40055.0 41871.0 300.0 300.0 14 57409.0 59498.0 300.0 300.0
889.0046218185199 56 50478.0 53459.0 300.0 300.0 49 68546.0 71284.0 300.0 300.0
643.8497898566586 44 36510.0 39430.0 300.0 300.0 59 55784.0 59050.0 300.0 300.0
497.67486653193924 23 38345.0 40158.0 300.0 300.0 38 55288.0 57785.0 300.0 300.0
961.1375606140047 37 37264.0 39520.0 300.0 300.0 14 52518.0 55561.0 300.0 300.0
777.6055614445506 30 37684.0 40234.0 300.0 300.0 44 55327.0 57628.0 300.0 300.0
244.93971187669294 58 39263.0 41685.0 300.0 300.0 17 54997.0 56955.0 300.0 300.0
632.3769046830856 22 19568.0 23029.0 300.0 300.0 26 38048.0 41203.0 300.0 300.0
547.1766581891812 58 28425.0 30624.0 300.0 300.0 44 43131.0 45266.0 300.0 300.0
471.83216479290735 27 27061.0 28889.0 300.0 300.0 28 41018.0 43324.0 300.0 300.0
188.1547749163732 20 35672.0 37539.0 300.0 300.0 54 50505.0 52818.0 300.0 300.0
186.022231719842 13 32494.0 35925.0 300.0 300.0 36 51789.0 54854.0 300.0 300.0
570.9301462517884 16 28144.0 31468.0 300.0 300.0 44 49034.0 52569.0 300.0 300.0
255.2781889649124 54 33926.0 36885.0 300.0 300.0 31 51576.0 53949.0 300.0 300.0
512.0897686640371 46 29915.0 32587.0 300.0 300.0 59 49399.0 52054.0 300.0 300.0
729.9459036617802 38 47097.0 50107.0 300.0 300.0 10 67211.0 69091.0 300.0 300.0
517.2569484452063 48 53450.0 55371.0 300.0 300.0 52 71358.0 73353.0 300.0 300.0
474.0862904001312 41 26566.0 29867.0 300.0 300.0 19 45186.0 47861.0 300.0 300.0
962.5591258785817 18 33319.0 35326.0 300.0 300.0 25 47271.0 49714.0 300.0 300.0
732.5494996637691 42 47279.0 50521.0 300.0 300.0 21 64990.0 66875.0 300.0 300.0
315.8166647076064 40 43766.0 47216.0 300.0 300.0 16 59196.0 61475.0 300.0 300.0
16.869805707194097 47 25340.0 28063.0 300.0 300.0 12 44464.0 47066.0 300.0 300.0
508.35708377826626 44 21316.0 23363.0 300.0 300.0 49 36762.0 38639.0 300.0 300.0
138.3787532953149 45 24148.0 25989.0 300.0 300.0 49 42482.0 44627.0 300.0 300.0
499.5456270178713 11 42875.0 45032.0 300.0 300.0 19 58326.0 60395.0 300.0 300.0
182.14774928572652 28 18130.0 20717.0 300.0 300.0 24 36511.0 39462.0 300.0 300.0
345.1398702317101 25 24392.0 26821.0 300.0 300.0 20 39825.0 42117.0 300.0 300.0
407.57513300070804 49 35720.0 38730.0 300.0 300.0 44 55094.0 57525.0 300.0 300.0
555.5854056320495 47 53150.0 55014.0 300.0 300.0 58 66898.0 69783.0 300.0 300.0
684.72715065147 36 51664.0 53630.0 300.0 300.0 58 65596.0 67867.0 300.0 300.0
813.9128725730016 51 49674.0 51931.0 300.0 300.0 13 69760.0 72026.0 300.0 300.0
693.4052153461714 47 29840.0 32793.0 300.0 300.0 17 46955.0 48860.0 300.0 300.0
801.8852371090018 47 32970.0 35782.0 300.0 300.0 44 51067.0 54404.0 300.0 300.0
897.1940140436316 58 32006.0 35003.0 300.0 300.0 51 48181.0 50727.0 300.0 300.0
778.770411069981 42 22806.0 25975.0 300.0 300.0 31 38703.0 41278.0 300.0 300.0
289.6730485002934 51 23773.0 27192.0 300.0 300.0 33 40175.0 42243.0 300.0 300.0
975.2386907656661 44 46718.0 49452.0 300.0 300.0 45 61255.0 63610.0 300.0 300.0
236.1498091378167 30 28045.0 31551.0 300.0 300.0 20 45489.0 48692.0 300.0 300.0
845.4489033868939 48 44744.0 47111.0 300.0 300.0 51 61988.0 63837.0 300.0 300.0
