10 100
10000.0 5 14400.0 79200.0
7000.0 6 14400.0 79200.0
5000.0 2 14400.0 79200.0
7000.0 8 14400.0 79200.0
7000.0 8 14400.0 79200.0
2000.0 1 14400.0 79200.0
7000.0 4 14400.0 79200.0
7000.0 3 14400.0 79200.0
10000.0 7 14400.0 79200.0
10000.0 5 14400.0 79200.0
309.75321801552013 41 23173.0 25255.0 300.0 300.0 51 40024.0 42674.0 300.0 300.0
125.71472935730866 43 23239.0 26037.0 300.0 300.0 20 38721.0 42073.0 300.0 300.0
920.4754543225981 38 50257.0 53532.0 300.0 300.0 14 71152.0 73623.0 300.0 300.0
457.59000714098875 47 27740.0 29594.0 300.0 300.0 17 44825.0 48131.0 300.0 300.0
54.4815791322939 57 46276.0 49816.0 300.0 300.0 33 64205.0 67606.0 300.0 300.0
556.7918739780789 57 27296.0 30272.0 300.0 300.0 24 42472.0 45846.0 300.0 300.0
331.9103323822776 39 43072.0 45000.0 300.0 300.0 40 62091.0 65666.0 300.0 300.0
739.3549237998208 38 24775.0 28312.0 300.0 300.0 28 42776.0 46204.0 300.0 300.0
778.4744621017911 43 20022.0 23367.0 300.0 300.0 41 37198.0 39952.0 300.0 300.0
84.69300514903944 22 24785.0 27337.0 300.0 300.0 34 42923.0 45602.0 300.0 300.0
113.45338312097041 28 48708.0 51678.0 300.0 300.0 31 62782.0 65950.0 300.0 300.0
501.12619500665846 39 34046.0 37393.0 300.0 300.0 35 54437.0 57140.0 300.0 300.0
954.1503123750529 51 18371.0 21056.0 300.0 300.0 36 34469.0 37645.0 300.0 300.0
208.92928371036555 36 42736.0 45748.0 300.0 300.0 59 58594.0 61547.0 300.0 300.0
672.6095376512652 15 46746.0 48901.0 300.0 300.0 45 60945.0 63581.0 300.0 300.0
45.68269446597428 25 37041.0 39657.0 300.0 300.0 33 51953.0 55388.0 300.0 300.0
708.813482083944 17 36960.0 40162.0 300.0 300.0 14 56337.0 59652.0 300.0 300.0
754.2343736900689 15 33769.0 36159.0 300.0 300.0 12 47044.0 50445.0 300.0 300.0
155.81442953963054 49 26521.0 28342.0 300.0 300.0 50 41504.0 43876.0 300.0 300.0
770.6105188756605 30 53725.0 56342.0 300.0 300.0 22 72418.0 75164.0 300.0 300.0
262.275296303784 28 39748.0 43132.0 300.0 300.0 57 60587.0 63726.0 300.0 300.0
387.156750972431 22 22710.0 25267.0 300.0 300.0 27 36743.0 40153.0 300.0 300.0
632.0543815949158 39 24218.0 27751.0 300.0 300.0 48 44084.0 46399.0 300.0 300.0
158.841286519673 54 40279.0 42685.0 300.0 300.0 40 60669.0 62505.0 300.0 300.0
683.4916386800751 56 34517.0 37960.0 300.0 300.0 36 55753.0 58060.0 300.0 300.0
166.16873007779452 36 43646.0 46926.0 300.0 300.0 22 61994.0 65575.0 300.0 300.0
817.0450999825819 12 27604.0 30918.0 300.0 300.0 51 42657.0 45483.0 300.0 300.0
99.07875781935194 59 24068.0 26712.0 300.0 300.0 16 42628.0 45379.0 300.0 300.0
542.3582648673358 13 45851.0 49273.0 300.0 300.0 12 60581.0 63578.0 300.0 300.0
919.4514372809844 11 26426.0 28486.0 300.0 300.0 10 40425.0 42423.0 300.0 300.0
957.5676355411834 21 51955.0 54865.0 300.0 300.0 58 69655.0 73143.0 300.0 300.0
166.69857751845564 36 52079.0 55206.0 300.0 300.0 59 66103.0 68803.0 300.0 300.0
736.9069164329053 24 39914.0 42631.0 300.0 300.0 59 55309.0 58328.0 300.0 300.0
347.0536434499169 14 23100.0 25121.0 300.0 300.0 49 41459.0 43862.0 300.0 300.0
559.0366068099449 17 52422.0 55167.0 300.0 300.0 52 70814.0 73844.0 300.0 300.0
582.6199257782305 16 39056.0 42041.0 300.0 300.0 39 53951.0 56825.0 300.0 300.0
448.9966593903635 13 21833.0 24221.0 300.0 300.0 12 40171.0 42339.0 300.0 300.0
65.41124652703157 51 18192.0 21692.0 300.0 300.0 29 35812.0 38055.0 300.0 300.0
171.6018321835161 10 30492.0 32555.0 300.0 300.0 36 44261.0 46698.0 300.0 300.0
373.3116942696415 38 47360.0 50563.0 300.0 300.0 46 66577.0 69081.0 300.0 300.0
823.1963510958522 50 25949.0 29398.0 300.0 300.0 49 40736.0 42882.0 300.0 300.0
352.2540512655859 42 37949.0 40869.0 300.0 300.0 45 55715.0 57960.0 300.0 300.0
451.0620140187237 38 51583.0 54365.0 300.0 300.0 50 68556.0 72074.0 300.0 300.0
779.5103078352001 15 40257.0 43712.0 300.0 300.0 44 59125.0 61627.0 300.0 300.0
573.9061939009005 35 27460.0 30167.0 300.0 300.0 44 45937.0 48078.0 300.0 300.0
108.71450144996831 43 34818.0 37834.0 300.0 300.0 44 53614.0 56960.0 300.0 300.0
180.59457286477365 55 41012.0 43211.0 300.0 300.0 41 54569.0 56606.0 300.0 300.0
204.3902407551439 31 51942.0 54731.0 300.0 300.0 35 70973.0 73022.0 300.0 300.0
304.86717556803353 49 21135.0 23087.0 300.0 300.0 42 40566.0 43035.0 300.0 300.0
532.9929175654623 36 42435.0 45941.0 300.0 300.0 25 61935.0 65318.0 300.0 300.0
877.7831238829259 53 22693.0 26193.0 300.0 300.0 44 42139.0 45455.0 300.0 300.0
953.8418228071068 43 27005.0 29360.0 300.0 300.0 29 43110.0 46547.0 300.0 300.0
873.0592688108982 31 26833.0 30052.0 300.0 300.0 29 47709.0 50363.0 300.0 300.0
196.22263030842146 30 53274.0 55902.0 300.0 300.0 37 67111.0 69130.0 300.0 300.0
18.65040992961864 21 28869.0 31907.0 300.0 300.0 34 44119.0 46366.0 300.0 300.0
702.1760611081777 46 31390.0 33788.0 300.0 300.0 13 47424.0 50393.0 300.0 300.0
645.5908219830125 23 32460.0 35543.0 300.0 300.0 46 51020.0 53254.0 300.0 300.0
626.2169075994909 44 33857.0 36991.0 300.0 300.0 23 54940.0 57181.0 300.0 300.0
786.3807401749846 56 28067.0 31004.0 300.0 300.0 44 45583.0 47410.0 300.0 300.0
15.988970365635291 27 42090.0 45151.0 300.0 300.0 21 60674.0 63424.0 300.0 300.0
983.5326944143528 47 44775.0 48266.0 300.0 300.0 56 62936.0 66416.0 300.0 300.0
138.56980624057425 47 41062.0 42980.0 300.0 300.0 42 57311.0 60811.0 300.0 300.0
597.1431874991306 33 40143.0 43315.0 300.0 300.0 56 58085.0 61444.0 300.0 300.0
387.08319421856885 12 23857.0 27339.0 300.0 300.0 24 42966.0 45721.0 300.0 300.0
740.7529676070759 35 19130.0 21331.0 300.0 300.0 55 37204.0 39229.0 300.0 300.0
507.12079220976847 48 49561.0 52269.0 300.0 300.0 25 66983.0 69740.0 300.0 300.0
468.902513559844 14 31917.0 35201.0 300.0 300.0 56 47357.0 49376.0 300.0 300.0
62.25781996123758 20 26196.0 28064.0 300.0 300.0 45 43890.0 46019.0 300.0 300.0
988.6587407359041 40 28761.0 32016.0 300.0 300.0 34 49621.0 52000.0 300.0 300.0
137.08309810180853 36 32810.0 35750.0 300.0 300.0 29 49081.0 51984.0 300.0 300.0
581.3325191304314 14 50361.0 52778.0 300.0 300.0 33 68795.0 70708.0 300.0 300.0
513.4418888849148 39 38673.0 40737.0 300.0 300.0 44 52881.0 55578.0 300.0 300.0
569.3539484163726 11 20643.0 22540.0 300.0 300.0 45 36037.0 37974.0 300.0 300.0
694.1742841800165 10 34253.0 36320.0 300.0 300.0 13 52620.0 54869.0 300.0 300.0
125.92155029823671 23 40627.0 42665.0 300.0 300.0 30 58899.0 61167.0 300.0 300.0
666.060949583895 56 39316.0 41724.0 300.0 300.0 10 54727.0 58010.0 300.0 300.0
440.0731465578797 24 28234.0 31672.0 300.0 300.0 60 48860.0 50770.0 300.0 300.0
651.8767846997567 57 49552.0 52275.0 300.0 300.0 38 69885.0 72858.0 300.0 300.0
765.0881590551983 42 53478.0 55402.0 300.0 300.0 48 71069.0 73924.0 300.0 300.0
996.690239232752 14 43399.0 46394.0 300.0 300.0 41 57725.0 59918.0 300.0 300.0
100.85280996508672 15 47563.0 51128.0 300.0 300.0 29 68181.0 70113.0 300.0 300.0
946.4949826861355 52 46625.0 48624.0 300.0 300.0 47 65974.0 67823.0 300.0 300.0
707.5999227952925 39 30716.0 32653.0 300.0 300.0 43 47850.0 50270.0 300.0 300.0
322.9618586896096 55 24385.0 27824.0 300.0 300.0 50 43725.0 46436.0 300.0 300.0
695.2537986848648 44 52178.0 55278.0 300.0 300.0 17 70287.0 72458.0 300.0 300.0
875.9649798104631 43 46197.0 48336.0 300.0 300.0 39 62502.0 65782.0 300.0 300.0
564.8160721197236 49 44232.0 46121.0 300.0 300.0 51 64078.0 67606.0 300.0 300.0
539.3575551861447 33 47094.0 48917.0 300.0 300.0 39 65078.0 66972.0 300.0 300.0
640.5490884459755 10 36358.0 38897.0 300.0 300.0 55 54490.0 56982.0 300.0 300.0
543.4114335331586 12 23280.0 25361.0 300.0 300.0 25 38328.0 40337.0 300.0 300.0
778.2507027152608 40 22112.0 24019.0 300.0 300.0 18 41323.0 44658.0 300.0 300.0
701.9329644921041 15 25362.0 27971.0 300.0 300.0 16 39234.0 42366.0 300.0 300.0
879.1439750440924 34 18802.0 22040.0 300.0 300.0 16 33169.0 35182.0 300.0 300.0
530.2359442242637 22 45658.0 48458.0 300.0 300.0 42 60652.0 63273.0 300.0 300.0
503.6798473616916 26 39978.0 42502.0 300.0 300.0 19 57080.0 59855.0 300.0 300.0
733.1827520403644 17 44523.0 46859.0 300.0 300.0 19 60091.0 62759.0 300.0 300.0
47.09586722693071 24 34642.0 38058.0 300.0 300.0 59 53540.0 56708.0 300.0 300.0
86.05960133346946 30 18938.0 21184.0 300.0 300.0 24 32258.0 35694.0 300.0 300.0
400.4923646258413 58 51329.0 53272.0 300.0 300.0 36 70806.0 73782.0 300.0 300.0
605.170594189916 42 52993.0 56506.0 300.0 300.0 50 70313.0 73869.0 300.0 300.0
