10 100
2000.0 0 14400.0 79200.0
7000.0 6 14400.0 79200.0
10000.0 5 14400.0 79200.0
2000.0 8 14400.0 79200.0
10000.0 1 14400.0 79200.0
5000.0 5 14400.0 79200.0
7000.0 3 14400.0 79200.0
7000.0 5 14400.0 79200.0
5000.0 3 14400.0 79200.0
5000.0 9 14400.0 79200.0
803.5325730070224 36 50590.0 53692.0 300.0 300.0 11 66794.0 69239.0 300.0 300.0
208.05979469770776 29 29735.0 32876.0 300.0 300.0 26 46206.0 48598.0 300.0 300.0
919.5909191564639 48 45220.0 47710.0 300.0 300.0 43 62018.0 64889.0 300.0 300.0
616.1801598542597 18 34749.0 37554.0 300.0 300.0 29 51264.0 53928.0 300.0 300.0
257.66807561160743 10 37419.0 39416.0 300.0 300.0 45 52919.0 54888.0 300.0 300.0
422.6113249511875 54 48716.0 51065.0 300.0 300.0 36 62616.0 65396.0 300.0 300.0
26.314655995930526 30 47541.0 50401.0 300.0 300.0 37 64571.0 67487.0 300.0 300.0
443.860235813618 30 44386.0 46607.0 300.0 300.0 59 63345.0 66184.0 300.0 300.0
477.07491704827976 56 33589.0 36937.0 300.0 300.0 23 51280.0 53922.0 300.0 300.0
433.0571912688711 11 45358.0 47750.0 300.0 300.0 37 61346.0 63518.0 300.0 300.0
992.046377198293 22 35374.0 37683.0 300.0 300.0 42 54853.0 56937.0 300.0 300.0
596.7515772895007 42 39901.0 41829.0 300.0 300.0 41 59638.0 62482.0 300.0 300.0
278.7360125005065 57 21693.0 24695.0 300.0 300.0 10 40052.0 42338.0 300.0 300.0
461.1654580483051 44 40177.0 43122.0 300.0 300.0 37 59152.0 62676.0 300.0 300.0
43.90328032528801 47 48852.0 51280.0 300.0 300.0 20 68971.0 72445.0 300.0 300.0
936.930146363997 59 36852.0 38981.0 300.0 300.0 42 50729.0 53468.0 300.0 300.0
728.5948264645289 18 52042.0 54295.0 300.0 300.0 27 67887.0 71290.0 300.0 300.0
989.1049206834905 39 31797.0 33871.0 300.0 300.0 30 50087.0 53675.0 300.0 300.0
203.96197584177057 60 47847.0 50628.0 300.0 300.0 43 67668.0 70174.0 300.0 300.0
580.1148125374006 36 37667.0 40814.0 300.0 300.0 59 52653.0 54880.0 300.0 300.0
2.687892285526794 45 18977.0 21582.0 300.0 300.0 41 32535.0 36133.0 300.0 300.0
291.5592330417125 48 23256.0 26783.0 300.0 300.0 10 43478.0 45966.0 300.0 300.0
554.2879321585282 55 34259.0 36363.0 300.0 300.0 30 49497.0 52372.0 300.0 300.0
255.42653340666632 35 35811.0 37757.0 300.0 300.0 44 48726.0 50781.0 300.0 300.0
723.9101310423995 20 23402.0 26346.0 300.0 300.0 43 39867.0 43171.0 300.0 300.0
229.26339759034886 31 32525.0 35338.0 300.0 300.0 44 52238.0 55036.0 300.0 300.0
552.6554664248844 56 19155.0 22216.0 300.0 300.0 22 37433.0 40015.0 300.0 300.0
60.83147610862261 16 23221.0 25186.0 300.0 300.0 29 42223.0 44559.0 300.0 300.0
651.3353058184598 36 33259.0 36322.0 300.0 300.0 48 51913.0 54264.0 300.0 300.0
617.6525246270795 42 51159.0 53053.0 300.0 300.0 19 70839.0 72893.0 300.0 300.0
6.838116617188805 11 50171.0 53252.0 300.0 300.0 41 64805.0 66651.0 300.0 300.0
951.8847262389505 32 36970.0 39007.0 300.0 300.0 23 53511.0 57077.0 300.0 300.0
678.1161226619349 26 20838.0 22734.0 300.0 300.0 41 40335.0 42742.0 300.0 300.0
961.8520613061651 13 52080.0 55510.0 300.0 300.0 54 73230.0 76340.0 300.0 300.0
753.8255291285227 57 33738.0 35857.0 300.0 300.0 41 53009.0 55886.0 300.0 300.0
763.3038755920832 40 48579.0 51071.0 300.0 300.0 54 64185.0 66240.0 300.0 300.0
141.83928784634224 20 27810.0 31217.0 300.0 300.0 27 48594.0 52107.0 300.0 300.0
45.52808737253444 21 22296.0 25477.0 300.0 300.0 59 37072.0 39605.0 300.0 300.0
997.549370626957 38 44625.0 48083.0 300.0 300.0 45 60820.0 64159.0 300.0 300.0
743.5671567360885 43 30712.0 32766.0 300.0 300.0 12 43832.0 47211.0 300.0 300.0
467.8131730141427 16 21815.0 24887.0 300.0 300.0 23 37947.0 40156.0 300.0 300.0
776.1548041388407 27 41165.0 43963.0 300.0 300.0 47 55448.0 57820.0 300.0 300.0
634.6782515946317 49 36147.0 38394.0 300.0 300.0 22 53569.0 56866.0 300.0 300.0
482.14408806522067 31 31158.0 33782.0 300.0 300.0 34 45977.0 48070.0 300.0 300.0
151.1167495034772 41 18215.0 20019.0 300.0 300.0 44 37948.0 41077.0 300.0 300.0
823.0457646054228 47 27428.0 30565.0 300.0 300.0 21 44864.0 47761.0 300.0 300.0
742.7666405079157 12 44137.0 47391.0 300.0 300.0 28 63520.0 66001.0 300.0 300.0
727.1306536829378 48 19118.0 22318.0 300.0 300.0 47 36419.0 39526.0 300.0 300.0
37.34038069257728 42 19272.0 22101.0 300.0 300.0 51 35077.0 37283.0 300.0 300.0
937.0342901189448 23 26716.0 29726.0 300.0 300.0 44 46722.0 49479.0 300.0 300.0
718.5210039181813 46 52329.0 55045.0 300.0 300.0 45 66894.0 70137.0 300.0 300.0
927.9755553354078 22 39696.0 41859.0 300.0 300.0 60 54276.0 56173.0 300.0 300.0
784.8001035091349 20 38550.0 40444.0 300.0 300.0 37 52964.0 54961.0 300.0 300.0
411.9776078481074 12 53658.0 55672.0 300.0 300.0 45 66700.0 69454.0 300.0 300.0
336.17184906952514 58 36327.0 39476.0 300.0 300.0 53 55357.0 58578.0 300.0 300.0
393.64783164580496 12 47357.0 49388.0 300.0 300.0 25 61933.0 63847.0 300.0 300.0
282.60954172595984 40 22769.0 24965.0 300.0 300.0 48 37106.0 38998.0 300.0 300.0
938.2985385253997 50 18927.0 21313.0 300.0 300.0 60 36842.0 39375.0 300.0 300.0
246.9170997657293 43 35627.0 38165.0 300.0 300.0 57 52787.0 55631.0 300.0 300.0
731.0100967673428 15 43789.0 47382.0 300.0 300.0 12 60543.0 62368.0 300.0 300.0
659.3438341082016 52 52583.0 55126.0 300.0 300.0 30 72291.0 74204.0 300.0 300.0
107.56706698457886 27 49729.0 51565.0 300.0 300.0 41 65768.0 68950.0 300.0 300.0
160.12940890421967 58 46439.0 49960.0 300.0 300.0 59 62382.0 64826.0 300.0 300.0
721.3261043012338 51 32167.0 35522.0 300.0 300.0 56 47418.0 50551.0 300.0 300.0
346.13286217562467 59 25960.0 28785.0 300.0 300.0 14 44292.0 47365.0 300.0 300.0
54.66386557236347 55 20208.0 23498.0 300.0 300.0 34 38595.0 40474.0 300.0 300.0
135.495486464845 48 46097.0 49025.0 300.0 300.0 41 62478.0 64531.0 300.0 300.0
4.7448773042836345 38 30263.0 32958.0 300.0 300.0 41 49493.0 51744.0 300.0 300.0
455.8717526161735 40 34850.0 37991.0 300.0 300.0 21 52365.0 55344.0 300.0 300.0
170.3563687392603 15 34144.0 37354.0 300.0 300.0 38 53557.0 56267.0 300.0 300.0
72.48336779298536 28 40861.0 44459.0 300.0 300.0 13 61560.0 64924.0 300.0 300.0
873.2683177998772 10 43176.0 46002.0 300.0 300.0 20 57903.0 59999.0 300.0 300.0
506.83828218170044 38 25737.0 28511.0 300.0 300.0 21 40342.0 42752.0 300.0 300.0
482.1575362915261 45 38072.0 40628.0 300.0 300.0 31 57861.0 60917.0 300.0 300.0
609.5088314654391 54 40748.0 43080.0 300.0 300.0 33 55551.0 57601.0 300.0 300.0
122.1226054175697 22 30619.0 33261.0 300.0 300.0 42 46760.0 49280.0 300.0 300.0
254.3589215737636 32 23471.0 26457.0 300.0 300.0 14 41563.0 44495.0 300.0 300.0
185.12572793751215 53 44560.0 46707.0 300.0 300.0 56 61912.0 65074.0 300.0 300.0
239.89990566389662 43 19741.0 22561.0 300.0 300.0 55 36460.0 39902.0 300.0 300.0
277.6185415328618 51 45788.0 47689.0 300.0 300.0 29 61454.0 64800.0 300.0 300.0
98.26613555562113 49 43424.0 46684.0 300.0 300.0 17 58440.0 60829.0 300.0 300.0
906.8044062413306 18 48920.0 51939.0 300.0 300.0 21 67581.0 69470.0 300.0 300.0
515.2339574446224 37 37331.0 39814.0 300.0 300.0 55 55581.0 58596.0 300.0 300.0
606.4989696010717 28 44789.0 47631.0 300.0 300.0 30 60053.0 63172.0 300.0 300.0
206.74153388710016 45 27556.0 30145.0 300.0 300.0 30 41573.0 45069.0 300.0 300.0
611.7880248414796 53 23966.0 26139.0 300.0 300.0 58 40171.0 42941.0 300.0 300.0
738.849144688459 23 21836.0 25145.0 300.0 300.0 16 41890.0 45262.0 300.0 300.0
117.43694482354672 35 31365.0 34417.0 300.0 300.0 25 49179.0 51606.0 300.0 300.0
138.74094724765163 51 35373.0 37438.0 300.0 300.0 45 49578.0 52277.0 300.0 300.0
591.4407635163072 22 48725.0 50970.0 300.0 300.0 17 64841.0 66991.0 300.0 300.0
553.3082691276173 53 19257.0 22351.0 300.0 300.0 33 35497.0 37345.0 300.0 300.0
289.7607744095313 31 35437.0 37897.0 300.0 300.0 13 49177.0 51460.0 300.0 300.0
357.548960926784 60 41073.0 43622.0 300.0 300.0 49 57433.0 59619.0 300.0 300.0
743.0829134057584 54 36112.0 39589.0 300.0 300.0 49 55667.0 58631.0 300.0 300.0
295.3196417794484 13 25675.0 27716.0 300.0 300.0 16 44963.0 48024.0 300.0 300.0
507.6473937696352 40 29449.0 31451.0 300.0 300.0 33 46213.0 49084.0 300.0 300.0
607.1121002375999 34 21307.0 23173.0 300.0 300.0 54 39822.0 42775.0 300.0 300.0
320.49946442351415 57 47584.0 50827.0 300.0 300.0 58 65763.0 67891.0 300.0 300.0
930.096027238799 59 38289.0 41004.0 300.0 300.0 43 54570.0 57346.0 300.0 300.0
139.9389262184595 50 32033.0 35248.0 300.0 300.0 16 46125.0 48226.0 300.0 300.0
