10 100
10000.0 7 14400.0 79200.0
10000.0 4 14400.0 79200.0
7000.0 2 14400.0 79200.0
2000.0 7 14400.0 79200.0
7000.0 2 14400.0 79200.0
5000.0 0 14400.0 79200.0
5000.0 7 14400.0 79200.0
7000.0 2 14400.0 79200.0
7000.0 0 14400.0 79200.0
2000.0 9 14400.0 79200.0
805.1315547462642 51 37518.0 40349.0 300.0 300.0 13 56488.0 59728.0 300.0 300.0
439.0418521867707 37 41375.0 43569.0 300.0 300.0 25 55340.0 57949.0 300.0 300.0
74.12300505218583 33 29513.0 32787.0 300.0 300.0 43 50572.0 52620.0 300.0 300.0
554.1477981401846 28 37506.0 40462.0 300.0 300.0 42 51544.0 54982.0 300.0 300.0
464.5151065858963 11 36508.0 39248.0 300.0 300.0 16 51486.0 54888.0 300.0 300.0
942.0529064178392 16 35323.0 38388.0 300.0 300.0 12 53459.0 55980.0 300.0 300.0
178.59872222310912 36 18410.0 20512.0 300.0 300.0 53 35597.0 38157.0 300.0 300.0
294.4055169119275 23 47876.0 51032.0 300.0 300.0 49 68886.0 71203.0 300.0 300.0
819.8356358540728 18 33869.0 37410.0 300.0 300.0 45 54591.0 57026.0 300.0 300.0
121.73213254102733 41 25285.0 27232.0 300.0 300.0 54 43759.0 46025.0 300.0 300.0
376.1195335926576 44 30063.0 33487.0 300.0 300.0 32 48818.0 51969.0 300.0 300.0
721.4204395771706 18 31138.0 33414.0 300.0 300.0 32 48706.0 51602.0 300.0 300.0
379.4270917550615 43 37762.0 39634.0 300.0 300.0 11 57422.0 60447.0 300.0 300.0
760.5881299075904 35 29151.0 32719.0 300.0 300.0 51 47413.0 50026.0 300.0 300.0
132.31814418090616 20 42951.0 44819.0 300.0 300.0 38 56117.0 59349.0 300.0 300.0
57.69651481115123 18 20688.0 22906.0 300.0 300.0 35 34819.0 37559.0 300.0 300.0
94.93339318928817 51 20363.0 23068.0 300.0 300.0 12 35859.0 39078.0 300.0 300.0
271.4347603799104 23 31804.0 35152.0 300.0 300.0 24 48864.0 52169.0 300.0 300.0
765.8885376981509 58 46948.0 50411.0 300.0 300.0 22 63192.0 65653.0 300.0 300.0
275.3208983037621 25 22076.0 24145.0 300.0 300.0 38 35465.0 37999.0 300.0 300.0
42.74965131027242 14 29390.0 32142.0 300.0 300.0 46 44678.0 48217.0 300.0 300.0
911.0507371232228 43 51840.0 55271.0 300.0 300.0 28 67421.0 70450.0 300.0 300.0
97.94981460632923 55 33058.0 36081.0 300.0 300.0 40 49882.0 51934.0 300.0 300.0
706.6653313452562 25 26233.0 29038.0 300.0 300.0 22 42141.0 44919.0 300.0 300.0
98.79627672474368 58 38036.0 40401.0 300.0 300.0 11 53618.0 56421.0 300.0 300.0
635.2661624464043 10 36652.0 39237.0 300.0 300.0 15 51751.0 54241.0 300.0 300.0
589.7229426015759 46 33673.0 36881.0 300.0 300.0 40 54767.0 56583.0 300.0 300.0
428.82341014179417 38 35422.0 38072.0 300.0 300.0 40 55414.0 58959.0 300.0 300.0
354.64238444208064 42 47132.0 50469.0 300.0 300.0 31 68254.0 70284.0 300.0 300.0
686.5099800532996 57 34556.0 36802.0 300.0 300.0 60 48263.0 51509.0 300.0 300.0
9.993532126771898 57 19129.0 21500.0 300.0 300.0 31 38899.0 41626.0 300.0 300.0
599.2435546162563 11 48869.0 52401.0 300.0 300.0 10 66331.0 69162.0 300.0 300.0
227.09633429982046 48 41028.0 44129.0 300.0 300.0 37 60887.0 63251.0 300.0 300.0
607.3914765080865 26 46151.0 49107.0 300.0 300.0 48 63182.0 66289.0 300.0 300.0
237.3106833441604 22 23963.0 26408.0 300.0 300.0 36 42105.0 44690.0 300.0 300.0
506.93161461207916 39 50971.0 53772.0 300.0 300.0 40 71395.0 73582.0 300.0 300.0
386.2327525659569 13 51211.0 53755.0 300.0 300.0 16 67899.0 70832.0 300.0 300.0
195.17782090751322 37 24495.0 27159.0 300.0 300.0 47 40432.0 42700.0 300.0 300.0
834.0984838849612 21 38737.0 41781.0 300.0 300.0 19 58915.0 61551.0 300.0 300.0
409.2606194583366 16 40800.0 43370.0 300.0 300.0 50 56987.0 59839.0 300.0 300.0
768.427418780928 28 27092.0 30253.0 300.0 300.0 12 47363.0 49846.0 300.0 300.0
952.0687369336111 50 38908.0 42195.0 300.0 300.0 40 54440.0 57156.0 300.0 300.0
530.8329580523617 56 20640.0 23337.0 300.0 300.0 17 39207.0 42795.0 300.0 300.0
248.83989740645384 30 37298.0 40186.0 300.0 300.0 19 53443.0 56506.0 300.0 300.0
51.3222421178785 23 43676.0 45635.0 300.0 300.0 22 60401.0 62834.0 300.0 300.0
844.9585341152653 20 44375.0 46782.0 300.0 300.0 50 57861.0 60058.0 300.0 300.0
728.1646084977898 10 40306.0 43528.0 300.0 300.0 23 59386.0 61719.0 300.0 300.0
88.05935483279548 53 42146.0 45134.0 300.0 300.0 22 62923.0 66119.0 300.0 300.0
46.74487581799758 32 26992.0 29212.0 300.0 300.0 20 42439.0 44709.0 300.0 300.0
665.91466173841 29 23490.0 26478.0 300.0 300.0 13 38021.0 40627.0 300.0 300.0
563.3421108810886 42 29383.0 31583.0 300.0 300.0 27 42629.0 46070.0 300.0 300.0
560.8390782702112 44 33728.0 36530.0 300.0 300.0 20 48096.0 50467.0 300.0 300.0
515.4582867615756 20 50191.0 53720.0 300.0 300.0 52 66091.0 69508.0 300.0 300.0
980.8913003602056 36 26795.0 29771.0 300.0 300.0 29 42154.0 45075.0 300.0 300.0
994.5205867033459 49 19355.0 22128.0 300.0 300.0 31 36329.0 39513.0 300.0 300.0
821.7781002681565 44 20892.0 23586.0 300.0 300.0 35 40777.0 42807.0 300.0 300.0
924.2180435168967 42 38143.0 40647.0 300.0 300.0 47 57331.0 60280.0 300.0 300.0
569.235065308285 41 42089.0 44447.0 300.0 300.0 49 61483.0 64584.0 300.0 300.0
732.5131676753646 19 18980.0 21110.0 300.0 300.0 30 32104.0 34852.0 300.0 300.0
372.31077701181135 57 40464.0 43608.0 300.0 300.0 11 60965.0 64379.0 300.0 300.0
650.9656637918026 40 20120.0 23535.0 300.0 300.0 58 35501.0 38068.0 300.0 300.0
390.32954142836894 18 53948.0 57019.0 300.0 300.0 58 68665.0 71321.0 300.0 300.0
694.2722536429253 54 29411.0 32309.0 300.0 300.0 11 44001.0 47196.0 300.0 300.0
761.642898910543 60 25479.0 28273.0 300.0 300.0 34 44998.0 48257.0 300.0 300.0
98.08900500329321 31 32857.0 35118.0 300.0 300.0 21 52511.0 55153.0 300.0 300.0
466.2640423219505 30 31155.0 33564.0 300.0 300.0 39 51074.0 54312.0 300.0 300.0
965.8625742907079 19 30682.0 33670.0 300.0 300.0 49 50242.0 52279.0 300.0 300.0
497.1536466926416 26 26070.0 28411.0 300.0 300.0 36 40237.0 43207.0 300.0 300.0
96.53112794677254 40 31770.0 34167.0 300.0 300.0 44 51567.0 54724.0 300.0 300.0
640.7009718902574 55 26170.0 29015.0 300.0 300.0 34 45476.0 48803.0 300.0 300.0
44.915200647779315 25 42701.0 45791.0 300.0 300.0 59 59433.0 62769.0 300.0 300.0
554.6139788292728 17 27755.0 29853.0 300.0 300.0 12 44971.0 47503.0 300.0 300.0
875.1315601194285 59 36553.0 38778.0 300.0 300.0 37 53047.0 55048.0 300.0 300.0
964.1557740956462 57 34977.0 38507.0 300.0 300.0 35 52371.0 54620.0 300.0 300.0
383.5280786679747 45 20255.0 23148.0 300.0 300.0 28 38547.0 41118.0 300.0 300.0
652.9856949550126 30 46567.0 49201.0 300.0 300.0 48 63905.0 66623.0 300.0 300.0
729.9349750623787 41 46656.0 49965.0 300.0 300.0 59 64428.0 67656.0 300.0 300.0
464.69181092070176 41 51806.0 54123.0 300.0 300.0 13 68335.0 70528.0 300.0 300.0
972.3052040151875 52 40728.0 42736.0 300.0 300.0 36 54049.0 56983.0 300.0 300.0
951.7297246689632 18 31020.0 34543.0 300.0 300.0 52 51849.0 54054.0 300.0 300.0
357.30383487758786 24 28286.0 31233.0 300.0 300.0 19 48928.0 51875.0 300.0 300.0
290.57221625178533 41 53212.0 55958.0 300.0 300.0 58 72845.0 75316.0 300.0 300.0
894.7031650419066 16 33366.0 36140.0 300.0 300.0 13 47024.0 50248.0 300.0 300.0
40.46611350915719 16 47369.0 49661.0 300.0 300.0 42 67115.0 70313.0 300.0 300.0
612.5233807377284 35 49640.0 52048.0 300.0 300.0 23 68704.0 71530.0 300.0 300.0
657.6991973320762 13 51888.0 54829.0 300.0 300.0 12 67874.0 69919.0 300.0 300.0
438.08036040231804 28 39858.0 41912.0 300.0 300.0 16 54694.0 57435.0 300.0 300.0
21.492299139038053 39 18909.0 21698.0 300.0 300.0 29 33935.0 36062.0 300.0 300.0
222.18871097856496 40 36960.0 38907.0 300.0 300.0 45 50485.0 53533.0 300.0 300.0
699.7110181236626 28 36327.0 38738.0 300.0 300.0 26 51089.0 54115.0 300.0 300.0
473.82040606222466 21 27887.0 30203.0 300.0 300.0 51 41912.0 45166.0 300.0 300.0
135.080456757811 22 44290.0 46600.0 300.0 300.0 21 62910.0 65925.0 300.0 300.0
714.0151989940329 15 52804.0 54654.0 300.0 300.0 52 65801.0 68264.0 300.0 300.0
202.39531817992474 51 34093.0 36073.0 300.0 300.0 29 48099.0 50543.0 300.0 300.0
413.6287376858191 25 53998.0 57563.0 300.0 300.0 11 74015.0 76355.0 300.0 300.0
745.6384517080531 24 49837.0 52116.0 300.0 300.0 17 68306.0 70115.0 300.0 300.0
531.8154418648411 38 23581.0 25439.0 300.0 300.0 53 41279.0 44186.0 300.0 300.0
306.6169253476031 20 47950.0 50132.0 300.0 300.0 23 65709.0 68514.0 300.0 300.0
112.57665691877084 20 33737.0 37099.0 300.0 300.0 39 48518.0 51786.0 300.0 300.0
593.7331781750067 31 20865.0 23119.0 300.0 300.0 20 38862.0 41927.0 300.0 300.0
