10 100
7000.0 9 14400.0 79200.0
7000.0 6 14400.0 79200.0
7000.0 3 14400.0 79200.0
2000.0 2 14400.0 79200.0
10000.0 1 14400.0 79200.0
2000.0 9 14400.0 79200.0
5000.0 6 14400.0 79200.0
2000.0 0 14400.0 79200.0
5000.0 4 14400.0 79200.0
10000.0 3 14400.0 79200.0
537.8132490156815 26 38487.0 41401.0 300.0 300.0 46 54898.0 58284.0 300.0 300.0
394.2339438463406 42 25966.0 28121.0 300.0 300.0 37 42651.0 44584.0 300.0 300.0
930.550207733948 20 53212.0 56609.0 300.0 300.0 49 73016.0 76220.0 300.0 300.0
735.9998607549308 10 40287.0 42277.0 300.0 300.0 46 57111.0 59299.0 300.0 300.0
216.16976464980297 51 42206.0 44824.0 300.0 300.0 53 61200.0 63789.0 300.0 300.0
81.90721945784752 59 45007.0 47782.0 300.0 300.0 39 63074.0 65341.0 300.0 300.0
654.3342763798505 19 46189.0 49054.0 300.0 300.0 29 60117.0 62895.0 300.0 300.0
877.9596097716399 54 53798.0 55755.0 300.0 300.0 20 70463.0 72398.0 300.0 300.0
160.10323000277492 36 48513.0 51970.0 300.0 300.0 57 68432.0 71611.0 300.0 300.0
581.2977590446689 45 42043.0 45129.0 300.0 300.0 55 62325.0 65664.0 300.0 300.0
334.6469847548408 15 53072.0 55910.0 300.0 300.0 22 72153.0 75467.0 300.0 300.0
859.9738185051888 37 40864.0 42926.0 300.0 300.0 26 56357.0 59186.0 300.0 300.0
525.2120538428524 14 26430.0 29208.0 300.0 300.0 28 45974.0 49106.0 300.0 300.0
540.6703048527587 40 52922.0 55229.0 300.0 300.0 15 67159.0 68967.0 300.0 300.0
66.48512730332168 54 42144.0 45582.0 300.0 300.0 16 57219.0 60699.0 300.0 300.0
821.0528230419122 38 40976.0 43327.0 300.0 300.0 47 59033.0 61520.0 300.0 300.0
883.3995395865046 18 32421.0 34303.0 300.0 300.0 11 46729.0 49008.0 300.0 300.0
755.7897161336414 57 36617.0 38440.0 300.0 300.0 58 49687.0 52215.0 300.0 300.0
817.0728173349916 23 31753.0 35010.0 300.0 300.0 13 45829.0 49160.0 300.0 300.0
392.55393503685053 14 23570.0 26402.0 300.0 300.0 26 42648.0 44961.0 300.0 300.0
871.9320796054977 59 26235.0 29010.0 300.0 300.0 25 45685.0 48614.0 300.0 300.0
200.95963575365806 59 39125.0 42143.0 300.0 300.0 36 58172.0 61502.0 300.0 300.0
183.52847993925425 42 19398.0 22332.0 300.0 300.0 31 35399.0 37984.0 300.0 300.0
862.1624798485607 26 31861.0 34215.0 300.0 300.0 40 48499.0 50340.0 300.0 300.0
842.7884572506819 44 26508.0 28897.0 300.0 300.0 28 44792.0 48168.0 300.0 300.0
812.9380528454365 24 25282.0 28285.0 300.0 300.0 34 42916.0 46437.0 300.0 300.0
862.599566771604 25 33854.0 36319.0 300.0 300.0 29 52979.0 55084.0 300.0 300.0
642.9811400382281 44 26426.0 29941.0 300.0 300.0 55 44945.0 48472.0 300.0 300.0
975.1599118367858 43 18440.0 21721.0 300.0 300.0 13 32916.0 35103.0 300.0 300.0
989.8580721528089 25 45278.0 47231.0 300.0 300.0 35 61005.0 63821.0 300.0 300.0
651.2818662056739 32 24868.0 26677.0 300.0 300.0 55 44361.0 47866.0 300.0 300.0
658.7806751501015 57 45885.0 48838.0 300.0 300.0 31 66391.0 69470.0 300.0 300.0
643.0630243418269 30 25998.0 29430.0 300.0 300.0 60 45660.0 49038.0 300.0 300.0
494.8201575804351 13 36676.0 38909.0 300.0 300.0 43 55489.0 59072.0 300.0 300.0
485.617389391854 53 21055.0 22978.0 300.0 300.0 36 34341.0 37571.0 300.0 300.0
968.3797934099499 42 34408.0 37487.0 300.0 300.0 51 49711.0 52157.0 300.0 300.0
127.8783730131734 47 50174.0 53179.0 300.0 300.0 56 71133.0 73305.0 300.0 300.0
400.11194953742233 18 30631.0 33106.0 300.0 300.0 15 46121.0 49407.0 300.0 300.0
182.19084832398636 16 45599.0 48706.0 300.0 300.0 29 64286.0 66858.0 300.0 300.0
382.78561773890317 45 18146.0 20928.0 300.0 300.0 24 36799.0 40078.0 300.0 300.0
32.22988124189396 54 32692.0 35820.0 300.0 300.0 10 50703.0 53680.0 300.0 300.0
873.0504231233939 25 36719.0 39702.0 300.0 300.0 32 52588.0 55412.0 300.0 300.0
172.82173264753987 33 29194.0 31304.0 300.0 300.0 31 44118.0 47364.0 300.0 300.0
978.140530915235 58 24837.0 27648.0 300.0 300.0 27 41111.0 43512.0 300.0 300.0
986.9712256423963 16 47373.0 50240.0 300.0 300.0 36 66913.0 68776.0 300.0 300.0
988.2303706792728 25 40464.0 42761.0 300.0 300.0 29 60109.0 63479.0 300.0 300.0
617.6753730239399 49 24413.0 26965.0 300.0 300.0 38 38247.0 40368.0 300.0 300.0
275.6850405357936 19 20924.0 23683.0 300.0 300.0 49 38187.0 41602.0 300.0 300.0
447.14721610424266 28 45025.0 48260.0 300.0 300.0 43 66189.0 69503.0 300.0 300.0
353.5020189403622 16 41125.0 44114.0 300.0 300.0 58 60253.0 63265.0 300.0 300.0
845.4926868381809 11 45261.0 48076.0 300.0 300.0 47 62266.0 65670.0 300.0 300.0
446.86035908529976 45 20459.0 23608.0 300.0 300.0 31 39482.0 42872.0 300.0 300.0
545.6495228535232 36 30238.0 33493.0 300.0 300.0 31 49415.0 52081.0 300.0 300.0
158.29017537553958 21 44675.0 47504.0 300.0 300.0 22 64588.0 68064.0 300.0 300.0
101.86550547595674 60 34153.0 36573.0 300.0 300.0 56 48323.0 51684.0 300.0 300.0
207.33878202607613 30 47880.0 51184.0 300.0 300.0 60 64958.0 68189.0 300.0 300.0
114.88798510941578 19 21904.0 25444.0 300.0 300.0 22 36764.0 38891.0 300.0 300.0
292.9057776283762 19 48196.0 51664.0 300.0 300.0 23 65306.0 67345.0 300.0 300.0
87.46030573276498 21 51918.0 54011.0 300.0 300.0 22 69037.0 72548.0 300.0 300.0
88.18349018119042 50 36442.0 38762.0 300.0 300.0 56 55430.0 58070.0 300.0 300.0
97.15002317207933 20 51541.0 54140.0 300.0 300.0 58 70330.0 73613.0 300.0 300.0
446.29003144471193 22 19004.0 22384.0 300.0 300.0 25 36336.0 38290.0 300.0 300.0
737.8199271156885 13 18624.0 22209.0 300.0 300.0 31 37442.0 40090.0 300.0 300.0
515.5039644456577 12 43657.0 45552.0 300.0 300.0 37 58139.0 61292.0 300.0 300.0
643.4220612830871 15 40681.0 43006.0 300.0 300.0 50 55896.0 58195.0 300.0 300.0
567.170631611628 44 44845.0 47997.0 300.0 300.0 42 61171.0 64629.0 300.0 300.0
134.8498111088684 57 48144.0 50638.0 300.0 300.0 13 66651.0 70116.0 300.0 300.0
591.8869034769315 39 32521.0 35483.0 300.0 300.0 42 51974.0 55461.0 300.0 300.0
248.29935073699139 38 46604.0 49032.0 300.0 300.0 22 63609.0 66807.0 300.0 300.0
769.8978837682236 15 22374.0 24175.0 300.0 300.0 22 35980.0 38718.0 300.0 300.0
347.32109189041273 17 29346.0 31892.0 300.0 300.0 58 45467.0 48007.0 300.0 300.0
653.5467791965724 42 42638.0 45387.0 300.0 300.0 53 56640.0 59965.0 300.0 300.0
285.2106895217713 54 50614.0 53487.0 300.0 300.0 14 69622.0 72506.0 300.0 300.0
681.2688031067197 28 23874.0 26388.0 300.0 300.0 40 42516.0 45937.0 300.0 300.0
373.70019762180175 17 43622.0 46635.0 300.0 300.0 51 59237.0 61738.0 300.0 300.0
576.5542503251494 18 26539.0 29293.0 300.0 300.0 30 45382.0 48484.0 300.0 300.0
291.5375114355887 26 44838.0 47648.0 300.0 300.0 31 58701.0 61859.0 300.0 300.0
358.4348843066881 34 32833.0 34859.0 300.0 300.0 12 50199.0 52615.0 300.0 300.0
205.3407752694134 35 24229.0 26947.0 300.0 300.0 59 42085.0 44788.0 300.0 300.0
423.6644764639607 52 37565.0 39897.0 300.0 300.0 59 52757.0 55671.0 300.0 300.0
307.307538168015 35 36191.0 39171.0 300.0 300.0 18 56132.0 58764.0 300.0 300.0
260.52962465715825 54 31453.0 34142.0 300.0 300.0 59 45540.0 47898.0 300.0 300.0
341.55023497888794 60 33475.0 35933.0 300.0 300.0 31 53016.0 55856.0 300.0 300.0
360.1819030055499 53 30600.0 33740.0 300.0 300.0 13 47433.0 49457.0 300.0 300.0
493.99476658838114 28 49684.0 52929.0 300.0 300.0 10 66911.0 69141.0 300.0 300.0
327.94009203546517 45 33585.0 35976.0 300.0 300.0 33 51894.0 54372.0 300.0 300.0
870.2700372078369 29 31278.0 34187.0 300.0 300.0 31 45094.0 47883.0 300.0 300.0
822.9614279527543 41 35794.0 38727.0 300.0 300.0 11 55876.0 59144.0 300.0 300.0
151.5598216382077 49 45659.0 48174.0 300.0 300.0 16 62249.0 65444.0 300.0 300.0
13.186035175307032 56 20819.0 22800.0 300.0 300.0 28 35926.0 38747.0 300.0 300.0
479.0854359855934 20 40968.0 43540.0 300.0 300.0 43 54561.0 57841.0 300.0 300.0
701.0608765761168 49 20082.0 22365.0 300.0 300.0 38 34652.0 37960.0 300.0 300.0
112.21530329649542 60 18826.0 21651.0 300.0 300.0 29 37303.0 39594.0 300.0 300.0
116.15955001616673 52 21586.0 23673.0 300.0 300.0 19 40963.0 43970.0 300.0 300.0
481.00661069984307 36 49431.0 51391.0 300.0 300.0 45 68353.0 71386.0 300.0 300.0
779.7228224632249 23 49875.0 52603.0 300.0 300.0 52 69541.0 72328.0 300.0 300.0
318.50312134305534 37 53132.0 56457.0 300.0 300.0 53 68638.0 71961.0 300.0 300.0
504.01690608563246 35 53147.0 55503.0 300.0 300.0 49 71589.0 73712.0 300.0 300.0
127.93990548223167 51 36768.0 40113.0 300.0 300.0 27 52614.0 55518.0 300.0 300.0
911.2784013756682 29 46743.0 48555.0 300.0 300.0 21 60325.0 62311.0 300.0 300.0
