10 100
10000.0 7 14400.0 79200.0
10000.0 4 14400.0 79200.0
10000.0 7 14400.0 79200.0
5000.0 8 14400.0 79200.0
5000.0 0 14400.0 79200.0
5000.0 6 14400.0 79200.0
5000.0 7 14400.0 79200.0
2000.0 6 14400.0 79200.0
2000.0 7 14400.0 79200.0
2000.0 4 14400.0 79200.0
347.7836050894416 17 50606.0 52798.0 300.0 300.0 38 67606.0 69426.0 300.0 300.0
805.4355900144575 50 40492.0 43176.0 300.0 300.0 31 55863.0 58421.0 300.0 300.0
139.50762618914158 59 31299.0 33987.0 300.0 300.0 23 51298.0 53889.0 300.0 300.0
345.97968249909826 57 29913.0 33508.0 300.0 300.0 11 46862.0 49276.0 300.0 300.0
188.01669766840078 31 22832.0 25661.0 300.0 300.0 30 40672.0 44051.0 300.0 300.0
360.78530846938816 10 18010.0 20441.0 300.0 300.0 60 36694.0 38987.0 300.0 300.0
873.1614468437294 31 39181.0 42241.0 300.0 300.0 44 59543.0 63025.0 300.0 300.0
223.128448098176 32 31180.0 33219.0 300.0 300.0 58 44685.0 47841.0 300.0 300.0
132.19971293723177 54 26797.0 29806.0 300.0 300.0 45 43619.0 46006.0 300.0 300.0
423.42632755638755 21 27069.0 29362.0 300.0 300.0 47 44924.0 47861.0 300.0 300.0
634.3500409591026 17 21891.0 23906.0 300.0 300.0 40 37450.0 39331.0 300.0 300.0
251.78434528418114 32 45578.0 49091.0 300.0 300.0 45 64995.0 67299.0 300.0 300.0
298.3192469527742 35 50774.0 53917.0 300.0 300.0 10 68398.0 71928.0 300.0 300.0
359.6390164326624 21 40194.0 42198.0 300.0 300.0 15 54075.0 56060.0 300.0 300.0
972.1571674592572 45 35041.0 38293.0 300.0 300.0 34 56098.0 59403.0 300.0 300.0
162.9559606456039 56 40353.0 42222.0 300.0 300.0 25 58290.0 60775.0 300.0 300.0
740.3640061006142 55 41938.0 44704.0 300.0 300.0 24 61711.0 64639.0 300.0 300.0
733.6811453077057 55 51791.0 54744.0 300.0 300.0 29 66516.0 69064.0 300.0 300.0
52.18341763340184 43 50092.0 52827.0 300.0 300.0 22 68808.0 70669.0 300.0 300.0
627.507686143258 43 30840.0 32766.0 300.0 300.0 53 49430.0 52636.0 300.0 300.0
303.4340788713923 15 43756.0 46991.0 300.0 300.0 47 60107.0 63153.0 300.0 300.0
163.92628583226576 17 30576.0 32385.0 300.0 300.0 54 43992.0 46907.0 300.0 300.0
887.4149403599997 24 23517.0 25622.0 300.0 300.0 44 38221.0 41665.0 300.0 300.0
392.76282389644666 11 47259.0 49980.0 300.0 300.0 16 65474.0 68889.0 300.0 300.0
153.09113289314104 49 28939.0 32138.0 300.0 300.0 11 48821.0 52224.0 300.0 300.0
218.1342569131176 23 46682.0 50184.0 300.0 300.0 38 65342.0 67417.0 300.0 300.0
375.03204027295965 49 48316.0 50773.0 300.0 300.0 59 66948.0 68983.0 300.0 300.0
508.5165481581121 60 23370.0 25554.0 300.0 300.0 16 41168.0 43213.0 300.0 300.0
312.90358245718517 35 30369.0 32934.0 300.0 300.0 10 46247.0 48508.0 300.0 300.0
87.32541926879122 48 33000.0 35137.0 300.0 300.0 59 50031.0 51939.0 300.0 300.0
391.56808254847965 49 36743.0 39609.0 300.0 300.0 52 55476.0 57882.0 300.0 300.0
93.35580680659473 32 27283.0 30578.0 300.0 300.0 52 44284.0 47047.0 300.0 300.0
998.2420958129022 27 53088.0 56317.0 300.0 300.0 50 72851.0 75303.0 300.0 300.0
630.2686925227987 50 50765.0 54262.0 300.0 300.0 35 71606.0 74080.0 300.0 300.0
12.306552374719448 18 39752.0 42945.0 300.0 300.0 11 57512.0 59875.0 300.0 300.0
929.0976755924711 34 27656.0 30508.0 300.0 300.0 14 47182.0 50417.0 300.0 300.0
957.232531822163 25 19953.0 21958.0 300.0 300.0 40 37787.0 40360.0 300.0 300.0
451.88336765003334 19 53827.0 56238.0 300.0 300.0 33 69518.0 72001.0 300.0 300.0
203.03017694146007 12 40114.0 43593.0 300.0 300.0 36 57940.0 60554.0 300.0 300.0
726.8212203423773 28 49351.0 51860.0 300.0 300.0 55 68150.0 71473.0 300.0 300.0
421.37452868090753 32 33997.0 36132.0 300.0 300.0 55 49088.0 52603.0 300.0 300.0
968.8931812423339 48 40255.0 42142.0 300.0 300.0 15 53426.0 55473.0 300.0 300.0
83.2125259937173 27 34512.0 36974.0 300.0 300.0 11 52515.0 55666.0 300.0 300.0
182.38255719220308 23 37293.0 40825.0 300.0 300.0 25 56249.0 59034.0 300.0 300.0
628.6862418677667 18 27785.0 29908.0 300.0 300.0 24 42263.0 44644.0 300.0 300.0
924.8601352299912 55 52094.0 54278.0 300.0 300.0 17 66217.0 68607.0 300.0 300.0
79.46949343421616 45 29145.0 31186.0 300.0 300.0 39 45938.0 47739.0 300.0 300.0
932.4664872404898 13 27852.0 31203.0 300.0 300.0 21 46758.0 49017.0 300.0 300.0
211.33677498327506 16 22255.0 25016.0 300.0 300.0 42 36826.0 39353.0 300.0 300.0
544.2651863872238 46 26058.0 28178.0 300.0 300.0 17 41841.0 43698.0 300.0 300.0
976.5640966232535 33 37471.0 40634.0 300.0 300.0 43 55775.0 58729.0 300.0 300.0
234.14195226750223 21 31493.0 33527.0 300.0 300.0 22 46870.0 49225.0 300.0 300.0
37.57924522113099 50 30530.0 33288.0 300.0 300.0 29 44109.0 46485.0 300.0 300.0
461.59130171388506 44 29855.0 32154.0 300.0 300.0 39 43173.0 46185.0 300.0 300.0
30.485049061707347 22 19692.0 23156.0 300.0 300.0 34 37891.0 40943.0 300.0 300.0
621.5535064259839 60 38788.0 41128.0 300.0 300.0 47 58440.0 61195.0 300.0 300.0
364.3997858127536 39 36134.0 38243.0 300.0 300.0 48 49108.0 52032.0 300.0 300.0
726.4038330063706 53 32572.0 34852.0 300.0 300.0 26 46945.0 50386.0 300.0 300.0
934.0959269260833 50 21414.0 24085.0 300.0 300.0 55 40578.0 43145.0 300.0 300.0
942.7937468205398 25 30039.0 32185.0 300.0 300.0 36 45949.0 48136.0 300.0 300.0
392.6484436001998 16 49796.0 52065.0 300.0 300.0 59 69442.0 72550.0 300.0 300.0
569.212350602182 16 21183.0 24265.0 300.0 300.0 57 41901.0 45047.0 300.0 300.0
520.5780714011115 28 41674.0 44051.0 300.0 300.0 30 56648.0 59795.0 300.0 300.0
48.16706633367429 38 28852.0 30914.0 300.0 300.0 36 45968.0 49430.0 300.0 300.0
520.5200548676863 19 20713.0 22810.0 300.0 300.0 15 39549.0 42879.0 300.0 300.0
215.43654537005386 31 48762.0 52110.0 300.0 300.0 22 68969.0 71897.0 300.0 300.0
653.3675558963773 39 52090.0 55145.0 300.0 300.0 24 71370.0 73324.0 300.0 300.0
987.9680291259302 31 47929.0 50996.0 300.0 300.0 28 65146.0 68405.0 300.0 300.0
764.1045713266454 52 30664.0 33128.0 300.0 300.0 17 49092.0 52526.0 300.0 300.0
856.0886009800431 43 39323.0 41561.0 300.0 300.0 59 58709.0 61884.0 300.0 300.0
783.5124989750216 22 39371.0 41811.0 300.0 300.0 51 56093.0 58221.0 300.0 300.0
883.5624442721136 43 23183.0 25080.0 300.0 300.0 57 38497.0 42020.0 300.0 300.0
955.3278547731037 44 32776.0 36293.0 300.0 300.0 36 52072.0 54808.0 300.0 300.0
923.8230817327429 16 51515.0 53987.0 300.0 300.0 10 71134.0 73534.0 300.0 300.0
156.35373182149493 45 40791.0 42755.0 300.0 300.0 22 57700.0 60387.0 300.0 300.0
659.973024576907 22 51930.0 55186.0 300.0 300.0 35 66244.0 68954.0 300.0 300.0
437.9555442099192 29 19044.0 21311.0 300.0 300.0 45 38294.0 41808.0 300.0 300.0
81.79433506763934 11 50480.0 53283.0 300.0 300.0 41 67465.0 70295.0 300.0 300.0
619.1586925816997 34 22427.0 25445.0 300.0 300.0 42 37895.0 39734.0 300.0 300.0
571.3355131307126 21 38538.0 42009.0 300.0 300.0 28 59429.0 61476.0 300.0 300.0
61.434267853533456 10 43844.0 46337.0 300.0 300.0 57 60803.0 62670.0 300.0 300.0
810.3009107261308 18 30228.0 33678.0 300.0 300.0 53 51598.0 53733.0 300.0 300.0
419.8145844576433 41 49066.0 52451.0 300.0 300.0 34 65500.0 67347.0 300.0 300.0
912.5054886319183 29 30293.0 33541.0 300.0 300.0 27 47977.0 50942.0 300.0 300.0
320.1956432800905 38 34729.0 37959.0 300.0 300.0 53 48780.0 50804.0 300.0 300.0
172.4851497057468 40 51720.0 54064.0 300.0 300.0 36 64908.0 68149.0 300.0 300.0
293.91352192511255 15 28676.0 32097.0 300.0 300.0 12 47099.0 50159.0 300.0 300.0
490.7596043278691 37 33605.0 36655.0 300.0 300.0 32 50447.0 52340.0 300.0 300.0
502.6508062356385 40 22709.0 24657.0 300.0 300.0 19 39464.0 42720.0 300.0 300.0
255.39537082357333 27 22645.0 25855.0 300.0 300.0 13 37229.0 39879.0 300.0 300.0
513.539257140209 43 27163.0 30482.0 300.0 300.0 54 43024.0 46478.0 300.0 300.0
330.94980117156126 37 43849.0 47138.0 300.0 300.0 38 59143.0 62464.0 300.0 300.0
699.4539352294546 57 53987.0 55864.0 300.0 300.0 27 72362.0 75333.0 300.0 300.0
916.5070421356821 19 51475.0 54930.0 300.0 300.0 27 69483.0 72291.0 300.0 300.0
415.7909642182387 60 44866.0 48311.0 300.0 300.0 56 63314.0 65613.0 300.0 300.0
705.6324855535831 56 21192.0 24130.0 300.0 300.0 27 39803.0 42726.0 300.0 300.0
474.715390081754 22 31807.0 34315.0 300.0 300.0 52 49425.0 51597.0 300.0 300.0
818.3385497807365 22 36902.0 40487.0 300.0 300.0 36 52814.0 55497.0 300.0 300.0
242.5569212980604 28 36837.0 39911.0 300.0 300.0 42 51240.0 53131.0 300.0 300.0
918.60889171399 47 27730.0 30601.0 300.0 300.0 30 44142.0 46667.0 300.0 300.0
