10 100
7000.0 0 14400.0 79200.0
2000.0 6 14400.0 79200.0
5000.0 4 14400.0 79200.0
2000.0 9 14400.0 79200.0
2000.0 0 14400.0 79200.0
7000.0 2 14400.0 79200.0
2000.0 9 14400.0 79200.0
10000.0 0 14400.0 79200.0
7000.0 4 14400.0 79200.0
5000.0 6 14400.0 79200.0
47.55859288407605 19 47060.0 49311.0 300.0 300.0 18 66076.0 67891.0 300.0 300.0
736.969673954646 27 23930.0 26640.0 300.0 300.0 19 39713.0 43037.0 300.0 300.0
486.64581661357767 12 36207.0 39652.0 300.0 300.0 42 51117.0 53736.0 300.0 300.0
832.3740080246033 55 50791.0 52900.0 300.0 300.0 51 68670.0 72093.0 300.0 300.0
890.2354190922579 27 28263.0 30388.0 300.0 300.0 54 45684.0 48245.0 300.0 300.0
104.41626177635155 51 46397.0 48986.0 300.0 300.0 33 64792.0 67475.0 300.0 300.0
388.5915882929057 25 26180.0 28129.0 300.0 300.0 35 40819.0 43938.0 300.0 300.0
27.99093196697189 54 40928.0 44340.0 300.0 300.0 49 56242.0 59002.0 300.0 300.0
306.00489273723184 10 35331.0 37374.0 300.0 300.0 20 54886.0 57518.0 300.0 300.0
235.4331062454682 33 46862.0 50069.0 300.0 300.0 55 63884.0 67149.0 300.0 300.0
996.6483557331597 51 46471.0 50011.0 300.0 300.0 37 62540.0 65729.0 300.0 300.0
115.84880767403827 16 34369.0 37698.0 300.0 300.0 42 48611.0 51470.0 300.0 300.0
918.3491722419069 59 43293.0 45813.0 300.0 300.0 25 58360.0 60805.0 300.0 300.0
980.5510722880405 24 19688.0 22466.0 300.0 300.0 42 40332.0 42307.0 300.0 300.0
380.8467826743155 12 46523.0 48414.0 300.0 300.0 11 62031.0 64595.0 300.0 300.0
796.8866901699698 52 49108.0 51160.0 300.0 300.0 34 68365.0 71284.0 300.0 300.0
663.473838714367 28 35798.0 38226.0 300.0 300.0 29 52695.0 55214.0 300.0 300.0
746.8006551957413 45 24760.0 27140.0 300.0 300.0 60 43332.0 45149.0 300.0 300.0
421.8098859138314 20 25254.0 27128.0 300.0 300.0 10 44120.0 47110.0 300.0 300.0
307.98774211191704 21 23822.0 25781.0 300.0 300.0 17 42479.0 45911.0 300.0 300.0
994.6945825561672 43 50498.0 52337.0 300.0 300.0 18 67539.0 69719.0 300.0 300.0
208.83465951337575 22 25592.0 27630.0 300.0 300.0 50 40833.0 43670.0 300.0 300.0
492.4006919121143 45 47419.0 49325.0 300.0 300.0 24 61423.0 63591.0 300.0 300.0
732.3532367378281 14 48410.0 51169.0 300.0 300.0 44 64786.0 67469.0 300.0 300.0
363.48189656278606 49 51579.0 54594.0 300.0 300.0 40 66453.0 69596.0 300.0 300.0
182.10796960693642 52 26007.0 27813.0 300.0 300.0 43 39386.0 42402.0 300.0 300.0
580.9298178893978 32 39717.0 42531.0 300.0 300.0 30 57356.0 60406.0 300.0 300.0
352.2893281675342 43 45772.0 47784.0 300.0 300.0 39 65225.0 67712.0 300.0 300.0
96.27401982206263 36 19370.0 21673.0 300.0 300.0 20 33096.0 36444.0 300.0 300.0
26.491668771941647 21 52821.0 54871.0 300.0 300.0 52 70727.0 72984.0 300.0 300.0
830.9899407803532 24 40789.0 42982.0 300.0 300.0 58 56950.0 60511.0 300.0 300.0
561.7100143423665 60 40781.0 43993.0 300.0 300.0 35 58976.0 61114.0 300.0 300.0
115.26970634214973 35 27132.0 29975.0 300.0 300.0 26 46821.0 50160.0 300.0 300.0
676.2387024562578 52 37943.0 41120.0 300.0 300.0 19 52299.0 54217.0 300.0 300.0
161.46085193093785 60 27373.0 29191.0 300.0 300.0 53 46233.0 49626.0 300.0 300.0
567.5738414629575 23 20817.0 22844.0 300.0 300.0 24 37182.0 40722.0 300.0 300.0
249.2639543311961 10 48144.0 50282.0 300.0 300.0 40 63456.0 66397.0 300.0 300.0
338.5067572439775 18 41221.0 44106.0 300.0 300.0 19 58075.0 60424.0 300.0 300.0
787.4555462383224 14 53826.0 57072.0 300.0 300.0 24 71712.0 75008.0 300.0 300.0
540.1360125803784 35 48583.0 51617.0 300.0 300.0 11 67875.0 69730.0 300.0 300.0
147.19176051708814 46 18140.0 20380.0 300.0 300.0 32 35762.0 37658.0 300.0 300.0
67.68282881653076 34 49062.0 51219.0 300.0 300.0 60 63047.0 64958.0 300.0 300.0
88.9538611946431 45 32097.0 33957.0 300.0 300.0 50 46628.0 49838.0 300.0 300.0
21.311488198445083 42 36067.0 39106.0 300.0 300.0 40 56911.0 60163.0 300.0 300.0
42.39591773262019 29 36908.0 39570.0 300.0 300.0 42 55647.0 58825.0 300.0 300.0
806.5442861681126 58 31551.0 33480.0 300.0 300.0 37 48872.0 50752.0 300.0 300.0
368.5972925334929 31 19946.0 22714.0 300.0 300.0 49 40337.0 43094.0 300.0 300.0
268.60867157578514 28 44631.0 46488.0 300.0 300.0 12 58021.0 61217.0 300.0 300.0
819.737177780581 27 40555.0 44153.0 300.0 300.0 32 60447.0 62615.0 300.0 300.0
87.82844184125848 44 38234.0 41633.0 300.0 300.0 26 58795.0 61481.0 300.0 300.0
603.5949658540078 59 40793.0 43516.0 300.0 300.0 23 60365.0 63703.0 300.0 300.0
799.0078327122562 33 20115.0 23182.0 300.0 300.0 37 39052.0 42323.0 300.0 300.0
10.515775102185598 40 44433.0 47827.0 300.0 300.0 48 60017.0 62781.0 300.0 300.0
411.0734739921682 44 28152.0 30910.0 300.0 300.0 58 48840.0 51839.0 300.0 300.0
328.91703806566676 19 33078.0 35395.0 300.0 300.0 24 47474.0 49303.0 300.0 300.0
702.8215758122652 10 27660.0 29660.0 300.0 300.0 12 41968.0 44015.0 300.0 300.0
481.77582197162417 46 26180.0 29054.0 300.0 300.0 26 40112.0 42236.0 300.0 300.0
349.6313101716434 47 42948.0 44963.0 300.0 300.0 13 60094.0 63179.0 300.0 300.0
289.9288136179276 39 48335.0 50225.0 300.0 300.0 32 61362.0 63327.0 300.0 300.0
321.9898971103379 57 38682.0 40509.0 300.0 300.0 33 54744.0 56915.0 300.0 300.0
696.9149112540231 17 32580.0 35015.0 300.0 300.0 10 47086.0 49090.0 300.0 300.0
701.5429604203425 49 39002.0 41912.0 300.0 300.0 27 56592.0 58603.0 300.0 300.0
472.3451726422202 45 49413.0 52660.0 300.0 300.0 11 66468.0 69950.0 300.0 300.0
630.4251088631228 10 25944.0 27880.0 300.0 300.0 18 39157.0 42586.0 300.0 300.0
503.62308040284364 48 33121.0 35055.0 300.0 300.0 31 50312.0 52825.0 300.0 300.0
475.5053960628942 31 19552.0 22843.0 300.0 300.0 38 38686.0 40960.0 300.0 300.0
555.8614154092984 31 51394.0 54441.0 300.0 300.0 24 65359.0 67298.0 300.0 300.0
115.93718745168114 43 26157.0 28234.0 300.0 300.0 57 43221.0 45566.0 300.0 300.0
453.0271168590405 16 51155.0 52997.0 300.0 300.0 10 65596.0 68093.0 300.0 300.0
199.44833269403273 54 46640.0 48573.0 300.0 300.0 34 65682.0 67554.0 300.0 300.0
745.0435087064491 30 37701.0 40285.0 300.0 300.0 60 56910.0 59795.0 300.0 300.0
143.93343874774723 55 36825.0 39934.0 300.0 300.0 34 51502.0 53559.0 300.0 300.0
670.5172454877734 17 40496.0 42546.0 300.0 300.0 39 56511.0 59780.0 300.0 300.0
954.2783717174558 32 45477.0 48917.0 300.0 300.0 18 59893.0 62829.0 300.0 300.0
307.0366933667059 19 40749.0 44188.0 300.0 300.0 24 58337.0 61889.0 300.0 300.0
682.5006530028978 44 45277.0 48685.0 300.0 300.0 36 60248.0 62629.0 300.0 300.0
284.08506796873365 11 53050.0 55004.0 300.0 300.0 14 69527.0 71871.0 300.0 300.0
669.1366162036725 39 32440.0 35610.0 300.0 300.0 33 51121.0 54652.0 300.0 300.0
990.3787879159912 31 40231.0 43725.0 300.0 300.0 40 56228.0 59738.0 300.0 300.0
886.6418928227205 19 26852.0 29672.0 300.0 300.0 25 42359.0 44574.0 300.0 300.0
370.1034472828069 44 33742.0 36091.0 300.0 300.0 19 52767.0 54697.0 300.0 300.0
567.0558621137035 10 18434.0 20717.0 300.0 300.0 19 33567.0 36231.0 300.0 300.0
812.68024640599 53 34698.0 36686.0 300.0 300.0 22 49021.0 51069.0 300.0 300.0
376.3543322367121 10 52181.0 54947.0 300.0 300.0 21 69511.0 72988.0 300.0 300.0
299.3298790353873 39 50557.0 53832.0 300.0 300.0 59 69251.0 71935.0 300.0 300.0
221.19115410896816 59 41721.0 44683.0 300.0 300.0 29 58979.0 61087.0 300.0 300.0
487.1602431155342 21 47584.0 50860.0 300.0 300.0 14 68318.0 70650.0 300.0 300.0
98.89830800375942 52 18304.0 20321.0 300.0 300.0 15 32223.0 35348.0 300.0 300.0
257.51740283070615 57 51884.0 54142.0 300.0 300.0 54 65722.0 68616.0 300.0 300.0
471.8381165416138 60 32562.0 34722.0 300.0 300.0 23 51061.0 54395.0 300.0 300.0
9.00417012930632 35 25184.0 27291.0 300.0 300.0 36 43303.0 45715.0 300.0 300.0
440.0223270094661 20 25066.0 27099.0 300.0 300.0 28 43923.0 47043.0 300.0 300.0
575.3676602798695 51 36686.0 39281.0 300.0 300.0 39 52883.0 55076.0 300.0 300.0
463.24098982362216 18 34181.0 36990.0 300.0 300.0 17 51945.0 55487.0 300.0 300.0
642.234972397687 41 31276.0 34530.0 300.0 300.0 57 47666.0 49577.0 300.0 300.0
742.0720054446191 57 44792.0 48206.0 300.0 300.0 27 64946.0 67397.0 300.0 300.0
331.66322049332064 57 21128.0 23142.0 300.0 300.0 20 37183.0 40769.0 300.0 300.0
286.73281478221037 45 28512.0 30361.0 300.0 300.0 28 46918.0 49052.0 300.0 300.0
736.2665927806643 51 41235.0 44658.0 300.0 300.0 37 57452.0 60674.0 300.0 300.0
598.825880944078 14 27684.0 29536.0 300.0 300.0 53 46251.0 48153.0 300.0 300.0
