10 100
5000.0 7 14400.0 79200.0
7000.0 4 14400.0 79200.0
7000.0 6 14400.0 79200.0
2000.0 4 14400.0 79200.0
7000.0 2 14400.0 79200.0
2000.0 1 14400.0 79200.0
2000.0 8 14400.0 79200.0
7000.0 0 14400.0 79200.0
5000.0 2 14400.0 79200.0
10000.0 8 14400.0 79200.0
882.7360051954099 33 49862.0 52707.0 300.0 300.0 36 69660.0 72260.0 300.0 300.0
24.157584155264257 20 30885.0 33375.0 300.0 300.0 39 47251.0 50559.0 300.0 300.0
778.1900519447721 13 42982.0 46296.0 300.0 300.0 41 60140.0 63387.0 300.0 300.0
5.261059197239404 17 53971.0 56272.0 300.0 300.0 24 73797.0 76430.0 300.0 300.0
533.0849051762737 59 46675.0 49412.0 300.0 300.0 40 63772.0 66599.0 300.0 300.0
251.4601960728914 57 31848.0 34685.0 300.0 300.0 53 49550.0 53039.0 300.0 300.0
708.9356543521749 47 32415.0 35846.0 300.0 300.0 52 52385.0 54696.0 300.0 300.0
941.5468195183382 44 20162.0 23237.0 300.0 300.0 36 35022.0 37195.0 300.0 300.0
614.1359750795981 12 22921.0 25349.0 300.0 300.0 10 38667.0 41138.0 300.0 300.0
628.3455004816844 41 50378.0 52376.0 300.0 300.0 10 68756.0 70813.0 300.0 300.0
465.96393980104654 55 24037.0 26315.0 300.0 300.0 60 40119.0 42412.0 300.0 300.0
752.1626003792438 14 21973.0 24943.0 300.0 300.0 11 37408.0 40559.0 300.0 300.0
514.2163341651941 42 18809.0 21841.0 300.0 300.0 10 35056.0 37214.0 300.0 300.0
662.7732156978058 47 20631.0 23122.0 300.0 300.0 36 37845.0 40401.0 300.0 300.0
640.3738661410517 54 19083.0 21396.0 300.0 300.0 34 34361.0 37104.0 300.0 300.0
241.7697927428838 13 20253.0 22553.0 300.0 300.0 24 35823.0 37829.0 300.0 300.0
271.9479580977955 59 38173.0 41669.0 300.0 300.0 39 54085.0 56944.0 300.0 300.0
655.7284846167973 16 18878.0 21226.0 300.0 300.0 50 38079.0 41075.0 300.0 300.0
790.531375470607 15 26542.0 29809.0 300.0 300.0 28 45409.0 48143.0 300.0 300.0
568.5963730140678 34 41898.0 44438.0 300.0 300.0 18 59909.0 61949.0 300.0 300.0
715.0443403257033 26 47545.0 50463.0 300.0 300.0 34 65755.0 69208.0 300.0 300.0
573.3782020446336 16 36924.0 40238.0 300.0 300.0 11 55033.0 57239.0 300.0 300.0
169.08905181593337 60 49092.0 51723.0 300.0 300.0 35 67227.0 70180.0 300.0 300.0
177.39226065064318 50 47379.0 49235.0 300.0 300.0 58 60241.0 62631.0 300.0 300.0
712.9235884602843 14 35155.0 38060.0 300.0 300.0 37 55324.0 58917.0 300.0 300.0
385.23939271598596 50 19049.0 21369.0 300.0 300.0 40 37393.0 39704.0 300.0 300.0
865.442656837615 47 30217.0 33716.0 300.0 300.0 17 45103.0 47038.0 300.0 300.0
496.7215478884642 58 19269.0 21128.0 300.0 300.0 42 35362.0 38499.0 300.0 300.0
248.18534035522921 26 32377.0 35859.0 300.0 300.0 21 49469.0 51708.0 300.0 300.0
885.1747497142709 16 52755.0 56287.0 300.0 300.0 60 69144.0 72015.0 300.0 300.0
549.6289919134045 14 43775.0 46940.0 300.0 300.0 27 60132.0 62765.0 300.0 300.0
191.33192790861108 24 45053.0 46874.0 300.0 300.0 32 62399.0 64214.0 300.0 300.0
591.1007245749379 32 37325.0 39324.0 300.0 300.0 46 54442.0 57854.0 300.0 300.0
989.5695658839472 28 38578.0 41589.0 300.0 300.0 33 52659.0 56236.0 300.0 300.0
942.1464520034289 40 40341.0 43525.0 300.0 300.0 17 58387.0 60737.0 300.0 300.0
722.257086377152 20 24959.0 27778.0 300.0 300.0 37 41540.0 44471.0 300.0 300.0
409.1160066457701 44 50303.0 53216.0 300.0 300.0 43 65644.0 67626.0 300.0 300.0
703.3334858789269 32 37128.0 39622.0 300.0 300.0 42 55577.0 58882.0 300.0 300.0
541.4057504956447 59 52666.0 55168.0 300.0 300.0 24 66885.0 69329.0 300.0 300.0
647.9703741866118 41 48836.0 51201.0 300.0 300.0 19 63497.0 66490.0 300.0 300.0
159.972420169491 27 33760.0 35636.0 300.0 300.0 26 48175.0 50103.0 300.0 300.0
359.40938629166783 28 34250.0 37827.0 300.0 300.0 37 51445.0 54150.0 300.0 300.0
16.495377993547166 26 37403.0 40757.0 300.0 300.0 42 52413.0 55454.0 300.0 300.0
499.32367708633296 35 19326.0 21863.0 300.0 300.0 34 35034.0 38011.0 300.0 300.0
602.3958629579993 60 21156.0 23286.0 300.0 300.0 19 36584.0 38926.0 300.0 300.0
371.2606730880381 20 41843.0 43834.0 300.0 300.0 19 55038.0 57831.0 300.0 300.0
17.67286202398788 21 43998.0 46965.0 300.0 300.0 22 62011.0 65203.0 300.0 300.0
179.16802063697145 17 39624.0 41442.0 300.0 300.0 28 54080.0 57216.0 300.0 300.0
712.411998827987 28 19829.0 21817.0 300.0 300.0 12 35084.0 37942.0 300.0 300.0
590.3478014670742 14 18377.0 20877.0 300.0 300.0 24 32186.0 34383.0 300.0 300.0
970.4685506896076 60 34229.0 36345.0 300.0 300.0 13 53992.0 57271.0 300.0 300.0
674.467714300242 45 21078.0 24080.0 300.0 300.0 36 41674.0 44456.0 300.0 300.0
716.1935044690638 46 50467.0 52409.0 300.0 300.0 38 63833.0 67237.0 300.0 300.0
431.89327884801554 45 25518.0 28338.0 300.0 300.0 28 40428.0 42940.0 300.0 300.0
701.5169382395534 12 43357.0 45503.0 300.0 300.0 40 60768.0 63835.0 300.0 300.0
424.3830973163952 56 30668.0 32876.0 300.0 300.0 35 49213.0 51755.0 300.0 300.0
341.9484217002797 46 48214.0 51087.0 300.0 300.0 38 67828.0 70003.0 300.0 300.0
222.274012331384 41 51542.0 53476.0 300.0 300.0 37 64726.0 68244.0 300.0 300.0
495.2052705996076 50 40192.0 43075.0 300.0 300.0 13 60510.0 62517.0 300.0 300.0
962.2112560668521 31 31137.0 33421.0 300.0 300.0 39 48637.0 50799.0 300.0 300.0
753.7094193709613 51 45722.0 47524.0 300.0 300.0 31 63761.0 66315.0 300.0 300.0
730.1684470179812 60 24316.0 27639.0 300.0 300.0 11 44767.0 46631.0 300.0 300.0
399.9570047099951 37 28603.0 30573.0 300.0 300.0 53 46386.0 48499.0 300.0 300.0
442.23842458895047 18 27070.0 30081.0 300.0 300.0 50 41322.0 44469.0 300.0 300.0
958.9854564153421 15 42615.0 46173.0 300.0 300.0 31 62241.0 65076.0 300.0 300.0
571.1255524586043 18 34671.0 36922.0 300.0 300.0 44 54451.0 56875.0 300.0 300.0
291.4436849792619 30 29114.0 32696.0 300.0 300.0 59 50549.0 53086.0 300.0 300.0
374.47138194350373 43 38699.0 41024.0 300.0 300.0 46 57852.0 60803.0 300.0 300.0
780.089808531987 17 18870.0 22337.0 300.0 300.0 37 33460.0 35951.0 300.0 300.0
121.51107137035754 43 26841.0 30361.0 300.0 300.0 19 45074.0 47355.0 300.0 300.0
357.24555097895507 51 42159.0 44956.0 300.0 300.0 36 59218.0 61166.0 300.0 300.0
320.8795570534374 54 45484.0 47601.0 300.0 300.0 32 62168.0 65496.0 300.0 300.0
745.5582632625569 23 35528.0 38043.0 300.0 300.0 49 50128.0 52931.0 300.0 300.0
742.8262596040094 38 30389.0 33627.0 300.0 300.0 10 46356.0 49922.0 300.0 300.0
293.45765959508896 51 52475.0 55344.0 300.0 300.0 26 69368.0 72866.0 300.0 300.0
456.19331292167567 41 49761.0 51861.0 300.0 300.0 51 64151.0 66340.0 300.0 300.0
493.42477527890696 36 48945.0 52464.0 300.0 300.0 52 66278.0 68801.0 300.0 300.0
501.18296677420784 36 35711.0 38344.0 300.0 300.0 12 49772.0 52389.0 300.0 300.0
598.4649690557192 17 18785.0 21342.0 300.0 300.0 48 37972.0 41565.0 300.0 300.0
764.468393606689 48 30765.0 32632.0 300.0 300.0 54 43821.0 46718.0 300.0 300.0
482.2217038838639 47 24424.0 27033.0 300.0 300.0 18 38541.0 41113.0 300.0 300.0
169.25780818549495 37 52663.0 54473.0 300.0 300.0 45 69652.0 72368.0 300.0 300.0
912.5861849298791 32 36534.0 38813.0 300.0 300.0 59 51588.0 54151.0 300.0 300.0
229.540184560444 39 51321.0 54380.0 300.0 300.0 33 71300.0 74824.0 300.0 300.0
978.4247379199643 40 39652.0 42032.0 300.0 300.0 30 53997.0 57344.0 300.0 300.0
119.33792694606204 24 51270.0 54818.0 300.0 300.0 19 67250.0 70366.0 300.0 300.0
384.5131928183075 20 23948.0 27429.0 300.0 300.0 32 40425.0 43530.0 300.0 300.0
683.1555563169272 11 19282.0 21571.0 300.0 300.0 38 34775.0 36863.0 300.0 300.0
430.66328073578086 35 53713.0 56543.0 300.0 300.0 55 71564.0 74736.0 300.0 300.0
756.1089519641578 27 36714.0 40245.0 300.0 300.0 44 52145.0 54580.0 300.0 300.0
546.4487214844914 28 34965.0 38411.0 300.0 300.0 34 53745.0 55796.0 300.0 300.0
998.9842307286178 28 49496.0 51475.0 300.0 300.0 12 66851.0 68940.0 300.0 300.0
451.36875744134267 57 27797.0 29841.0 300.0 300.0 56 40890.0 42858.0 300.0 300.0
396.6258736534825 45 45936.0 48053.0 300.0 300.0 39 62052.0 65031.0 300.0 300.0
149.5722503203999 51 22887.0 25291.0 300.0 300.0 30 36878.0 40082.0 300.0 300.0
63.875753477421135 26 43655.0 45500.0 300.0 300.0 50 58793.0 60974.0 300.0 300.0
705.6353627414638 44 22839.0 26161.0 300.0 300.0 20 43467.0 45633.0 300.0 300.0
982.4456315179334 43 26174.0 28926.0 300.0 300.0 16 44316.0 47531.0 300.0 300.0
849.9402650842485 39 25633.0 29211.0 300.0 300.0 31 43369.0 45784.0 300.0 300.0
419.64203801709965 25 40803.0 43380.0 300.0 300.0 39 59038.0 61929.0 300.0 300.0
