10 100
5000.0 4 14400.0 79200.0
2000.0 8 14400.0 79200.0
2000.0 9 14400.0 79200.0
2000.0 9 14400.0 79200.0
5000.0 8 14400.0 79200.0
2000.0 7 14400.0 79200.0
5000.0 6 14400.0 79200.0
10000.0 1 14400.0 79200.0
10000.0 3 14400.0 79200.0
5000.0 2 14400.0 79200.0
487.3924614798678 49 40381.0 42218.0 300.0 300.0 48 59260.0 62634.0 300.0 300.0
373.357349598318 43 18887.0 22233.0 300.0 300.0 23 39444.0 42934.0 300.0 300.0
98.36319674716232 43 27124.0 30330.0 300.0 300.0 35 43558.0 46512.0 300.0 300.0
530.1828710180185 30 33826.0 37420.0 300.0 300.0 24 48673.0 50574.0 300.0 300.0
14.134805867191847 55 42980.0 45891.0 300.0 300.0 54 63845.0 65838.0 300.0 300.0
17.28098368677877 41 33426.0 36396.0 300.0 300.0 56 52384.0 55172.0 300.0 300.0
659.6591163134381 49 36878.0 38903.0 300.0 300.0 12 50551.0 52980.0 300.0 300.0
425.43034559477735 42 36714.0 39435.0 300.0 300.0 30 55359.0 58084.0 300.0 300.0
553.2322476397028 56 33002.0 34947.0 300.0 300.0 28 50195.0 53591.0 300.0 300.0
399.4174232275597 36 31330.0 34575.0 300.0 300.0 37 48154.0 51252.0 300.0 300.0
161.77657016666814 48 33336.0 36255.0 300.0 300.0 12 49802.0 52049.0 300.0 300.0
25.015509932485468 11 48627.0 50479.0 300.0 300.0 31 64204.0 66087.0 300.0 300.0
590.8781066134989 26 28221.0 30854.0 300.0 300.0 35 47555.0 50430.0 300.0 300.0
902.2859429673376 20 48593.0 51018.0 300.0 300.0 54 65288.0 68474.0 300.0 300.0
935.1884297491537 10 21037.0 23423.0 300.0 300.0 50 37884.0 40787.0 300.0 300.0
945.9383337046834 60 37505.0 39661.0 300.0 300.0 23 50602.0 53538.0 300.0 300.0
757.931136801816 35 33300.0 35671.0 300.0 300.0 18 48437.0 50789.0 300.0 300.0
826.6898939360606 35 47254.0 50413.0 300.0 300.0 31 62808.0 64620.0 300.0 300.0
871.3818834671193 30 23596.0 25636.0 300.0 300.0 38 42962.0 45450.0 300.0 300.0
371.9566261266235 29 31462.0 34657.0 300.0 300.0 35 50211.0 52343.0 300.0 300.0
354.2943382356897 39 39172.0 42143.0 300.0 300.0 54 54764.0 57836.0 300.0 300.0
704.2036204327638 15 33540.0 36077.0 300.0 300.0 48 52575.0 54772.0 300.0 300.0
177.67204620062415 50 50939.0 53425.0 300.0 300.0 10 70573.0 73388.0 300.0 300.0
169.66990783612158 54 24853.0 27679.0 300.0 300.0 51 45599.0 47720.0 300.0 300.0
386.7682346194362 12 47369.0 49235.0 300.0 300.0 21 65502.0 67854.0 300.0 300.0
442.12630940548445 16 46756.0 49011.0 300.0 300.0 46 61142.0 64529.0 300.0 300.0
83.82928582439375 22 49437.0 52925.0 300.0 300.0 11 67242.0 70243.0 300.0 300.0
553.3635117967433 12 49355.0 51908.0 300.0 300.0 52 62992.0 65873.0 300.0 300.0
411.3634697384685 58 38434.0 41408.0 300.0 300.0 15 59061.0 61393.0 300.0 300.0
966.1557794981694 46 36025.0 38395.0 300.0 300.0 45 50374.0 53845.0 300.0 300.0
897.462468291639 29 47272.0 49171.0 300.0 300.0 14 66377.0 69180.0 300.0 300.0
362.7918542284635 54 44676.0 47526.0 300.0 300.0 59 61584.0 64279.0 300.0 300.0
300.1600600026604 27 29679.0 31775.0 300.0 300.0 21 47122.0 49828.0 300.0 300.0
253.57361348175877 55 21989.0 25020.0 300.0 300.0 47 37231.0 39220.0 300.0 300.0
993.5765730633766 56 37472.0 40803.0 300.0 300.0 19 52784.0 55284.0 300.0 300.0
229.99288961346397 28 37972.0 41412.0 300.0 300.0 34 57322.0 59651.0 300.0 300.0
850.6507198336122 36 34627.0 37724.0 300.0 300.0 53 48699.0 51669.0 300.0 300.0
96.02280280944098 11 50476.0 53618.0 300.0 300.0 13 68955.0 72383.0 300.0 300.0
980.9503061651975 13 18044.0 20968.0 300.0 300.0 30 34473.0 37636.0 300.0 300.0
841.8906599311923 45 43359.0 46957.0 300.0 300.0 17 60348.0 63114.0 300.0 300.0
922.1087003056386 20 32343.0 35739.0 300.0 300.0 50 50904.0 53643.0 300.0 300.0
595.9973605156199 27 20876.0 23390.0 300.0 300.0 16 34215.0 36391.0 300.0 300.0
413.95515904417204 23 44443.0 46750.0 300.0 300.0 36 58026.0 61431.0 300.0 300.0
154.85649780800946 13 19088.0 21836.0 300.0 300.0 42 35099.0 37988.0 300.0 300.0
518.8712149123716 38 43692.0 45751.0 300.0 300.0 12 57759.0 61182.0 300.0 300.0
284.95322335246254 37 37594.0 39521.0 300.0 300.0 16 51983.0 55124.0 300.0 300.0
13.164614197783031 55 52382.0 55801.0 300.0 300.0 47 67579.0 70541.0 300.0 300.0
785.5635896585418 26 38038.0 41207.0 300.0 300.0 33 54543.0 56903.0 300.0 300.0
944.5312564252828 53 21169.0 24046.0 300.0 300.0 32 40096.0 43643.0 300.0 300.0
853.4883300028926 21 40483.0 42676.0 300.0 300.0 14 57038.0 59658.0 300.0 300.0
421.578260650071 51 46549.0 50090.0 300.0 300.0 30 63600.0 65683.0 300.0 300.0
889.3837713110764 46 41112.0 43037.0 300.0 300.0 17 59231.0 61320.0 300.0 300.0
823.882735182592 47 37538.0 40679.0 300.0 300.0 48 53780.0 56539.0 300.0 300.0
805.3286834534542 19 31487.0 33380.0 300.0 300.0 44 50991.0 54296.0 300.0 300.0
55.51242071083073 21 35294.0 37184.0 300.0 300.0 22 52682.0 55226.0 300.0 300.0
643.239048803883 36 32927.0 34888.0 300.0 300.0 24 51292.0 53739.0 300.0 300.0
431.0643950413435 34 37867.0 40762.0 300.0 300.0 47 58680.0 61799.0 300.0 300.0
886.8969440905872 46 50033.0 53626.0 300.0 300.0 23 70427.0 72615.0 300.0 300.0
610.1852523741827 53 34678.0 37471.0 300.0 300.0 28 55201.0 57953.0 300.0 300.0
974.2353928676242 54 52908.0 56393.0 300.0 300.0 22 73519.0 76064.0 300.0 300.0
372.70059903104914 16 23895.0 26097.0 300.0 300.0 33 42272.0 44073.0 300.0 300.0
903.0283759218713 47 42804.0 45417.0 300.0 300.0 45 59153.0 62486.0 300.0 300.0
249.75119247210964 50 39517.0 42923.0 300.0 300.0 18 55821.0 58196.0 300.0 300.0
418.56918138540044 59 40433.0 43338.0 300.0 300.0 48 58098.0 60728.0 300.0 300.0
253.93787365648112 20 28763.0 31140.0 300.0 300.0 12 45046.0 48172.0 300.0 300.0
506.93861274033316 24 36537.0 38406.0 300.0 300.0 54 55636.0 58453.0 300.0 300.0
450.01562868629543 53 44140.0 47391.0 300.0 300.0 40 60514.0 63741.0 300.0 300.0
957.111521578549 15 38136.0 40747.0 300.0 300.0 36 56552.0 58624.0 300.0 300.0
503.12811354800755 15 50233.0 52339.0 300.0 300.0 47 68637.0 71772.0 300.0 300.0
748.836444167311 60 51375.0 54210.0 300.0 300.0 27 72078.0 74728.0 300.0 300.0
869.2878751969001 50 19546.0 22313.0 300.0 300.0 26 38234.0 40689.0 300.0 300.0
354.7395925708574 50 34791.0 36743.0 300.0 300.0 28 51083.0 53058.0 300.0 300.0
47.51053529121108 38 37386.0 40738.0 300.0 300.0 52 52183.0 55040.0 300.0 300.0
582.6140887402652 59 47050.0 49871.0 300.0 300.0 57 65683.0 67793.0 300.0 300.0
498.8065674297774 47 44519.0 47229.0 300.0 300.0 11 63113.0 65076.0 300.0 300.0
929.8982716269105 40 26366.0 28454.0 300.0 300.0 60 44466.0 47335.0 300.0 300.0
17.596574219273077 35 41603.0 44944.0 300.0 300.0 58 59422.0 61404.0 300.0 300.0
163.83623907967672 40 30812.0 34382.0 300.0 300.0 50 45596.0 48314.0 300.0 300.0
688.8984530073637 10 33953.0 36780.0 300.0 300.0 14 51019.0 54368.0 300.0 300.0
799.0388092768649 52 34955.0 37633.0 300.0 300.0 27 49062.0 51570.0 300.0 300.0
112.06270554757202 51 27280.0 29732.0 300.0 300.0 36 42544.0 45655.0 300.0 300.0
624.7885757550698 34 30503.0 33325.0 300.0 300.0 11 50095.0 53287.0 300.0 300.0
460.5079422120134 25 20249.0 22479.0 300.0 300.0 45 37140.0 39590.0 300.0 300.0
477.4964945088382 33 38176.0 40034.0 300.0 300.0 54 52902.0 56404.0 300.0 300.0
677.8085173942295 37 39262.0 41289.0 300.0 300.0 40 55493.0 59016.0 300.0 300.0
83.63511066972507 52 28582.0 31963.0 300.0 300.0 20 47363.0 50749.0 300.0 300.0
793.961571202438 11 35125.0 37158.0 300.0 300.0 39 48918.0 52071.0 300.0 300.0
274.03201831316426 42 18477.0 21381.0 300.0 300.0 56 37757.0 40577.0 300.0 300.0
951.4385708527866 28 50405.0 52850.0 300.0 300.0 31 64199.0 66065.0 300.0 300.0
934.7732022187323 59 47129.0 50083.0 300.0 300.0 43 61193.0 64443.0 300.0 300.0
337.8079798260678 10 41520.0 44565.0 300.0 300.0 28 58959.0 61295.0 300.0 300.0
190.67634066923634 51 30491.0 33599.0 300.0 300.0 29 49491.0 52251.0 300.0 300.0
268.77782855551914 40 47940.0 51519.0 300.0 300.0 26 67196.0 69107.0 300.0 300.0
976.2636248086648 60 46022.0 49433.0 300.0 300.0 26 64365.0 66337.0 300.0 300.0
200.3001578460727 21 38496.0 41331.0 300.0 300.0 58 53682.0 56833.0 300.0 300.0
32.68246297714161 31 25103.0 27612.0 300.0 300.0 36 39767.0 41741.0 300.0 300.0
378.13267176243704 45 45489.0 47350.0 300.0 300.0 33 58362.0 61933.0 300.0 300.0
657.7527607218816 18 18443.0 21573.0 300.0 300.0 36 36037.0 39624.0 300.0 300.0
174.56422278035123 46 26136.0 28228.0 300.0 300.0 29 45703.0 47535.0 300.0 300.0
145.30142289441338 12 25385.0 27867.0 300.0 300.0 30 38709.0 42113.0 300.0 300.0
