10 100
5000.0 8 14400.0 79200.0
10000.0 4 14400.0 79200.0
5000.0 8 14400.0 79200.0
10000.0 2 14400.0 79200.0
10000.0 6 14400.0 79200.0
2000.0 9 14400.0 79200.0
5000.0 5 14400.0 79200.0
5000.0 7 14400.0 79200.0
10000.0 8 14400.0 79200.0
5000.0 6 14400.0 79200.0
670.8845002583367 36 46237.0 49425.0 300.0 300.0 29 65743.0 69281.0 300.0 300.0
846.713278461312 44 49910.0 53201.0 300.0 300.0 52 67996.0 70610.0 300.0 300.0
472.16748713854327 17 37716.0 39522.0 300.0 300.0 55 52577.0 55896.0 300.0 300.0
656.3866003644933 19 46534.0 49663.0 300.0 300.0 54 62314.0 65735.0 300.0 300.0
905.2027958374663 11 24234.0 26782.0 300.0 300.0 45 37807.0 41183.0 300.0 300.0
645.3870315404505 14 32784.0 35724.0 300.0 300.0 46 48670.0 50997.0 300.0 300.0
388.81650768183584 33 38546.0 40632.0 300.0 300.0 10 54226.0 57178.0 300.0 300.0
166.82623250294438 42 18618.0 22055.0 300.0 300.0 28 33448.0 37033.0 300.0 300.0
657.1970467435809 21 30979.0 34412.0 300.0 300.0 55 47013.0 49433.0 300.0 300.0
905.239514277415 19 32335.0 35497.0 300.0 300.0 25 51502.0 53564.0 300.0 300.0
250.68016650717396 26 33759.0 36299.0 300.0 300.0 40 47381.0 49966.0 300.0 300.0
178.4211459281465 30 28831.0 31068.0 300.0 300.0 37 45456.0 48060.0 300.0 300.0
540.506096998367 59 21854.0 25292.0 300.0 300.0 34 40209.0 42014.0 300.0 300.0
492.91657279478574 37 18532.0 20961.0 300.0 300.0 40 32686.0 34740.0 300.0 300.0
270.1710391579019 32 38087.0 40771.0 300.0 300.0 14 57711.0 60124.0 300.0 300.0
553.607493755134 56 27752.0 31059.0 300.0 300.0 28 46036.0 48549.0 300.0 300.0
933.9500073128445 23 30255.0 33352.0 300.0 300.0 26 46690.0 48505.0 300.0 300.0
421.63375134494294 19 28661.0 31638.0 300.0 300.0 42 48070.0 51110.0 300.0 300.0
781.4344408962949 39 36066.0 39063.0 300.0 300.0 56 55789.0 57939.0 300.0 300.0
297.70614299672206 28 46460.0 49628.0 300.0 300.0 45 65977.0 69319.0 300.0 300.0
711.47903393937 36 26467.0 29523.0 300.0 300.0 50 44463.0 47796.0 300.0 300.0
879.0906876513639 60 27883.0 30462.0 300.0 300.0 55 43063.0 45808.0 300.0 300.0
285.1438594623357 35 43375.0 46416.0 300.0 300.0 11 61288.0 64161.0 300.0 300.0
31.974445364362445 27 23457.0 25759.0 300.0 300.0 53 43442.0 46303.0 300.0 300.0
889.7717717642241 42 25494.0 28918.0 300.0 300.0 36 41171.0 44050.0 300.0 300.0
754.7224386422355 24 41060.0 44624.0 300.0 300.0 21 56338.0 58764.0 300.0 300.0
179.3631216441336 18 50595.0 53978.0 300.0 300.0 11 69040.0 71265.0 300.0 300.0
934.2417097138685 43 40834.0 43781.0 300.0 300.0 10 59314.0 62119.0 300.0 300.0
113.37413900971016 57 18877.0 20791.0 300.0 300.0 36 32710.0 36149.0 300.0 300.0
54.197139426641286 57 34221.0 36227.0 300.0 300.0 47 49989.0 52978.0 300.0 300.0
639.8234656406568 27 21355.0 24661.0 300.0 300.0 34 36323.0 39551.0 300.0 300.0
871.4629257509331 33 27308.0 30729.0 300.0 300.0 34 47127.0 49704.0 300.0 300.0
601.3717169394213 37 31150.0 32985.0 300.0 300.0 32 44095.0 45969.0 300.0 300.0
691.6077109888301 39 47573.0 49829.0 300.0 300.0 34 66745.0 69300.0 300.0 300.0
176.44064737040821 51 18453.0 21829.0 300.0 300.0 41 33834.0 37011.0 300.0 300.0
535.4397679509735 13 43717.0 45882.0 300.0 300.0 15 63211.0 65686.0 300.0 300.0
852.4401886406283 22 48157.0 51730.0 300.0 300.0 59 63497.0 66525.0 300.0 300.0
471.0947152566376 44 43282.0 46692.0 300.0 300.0 54 63632.0 65497.0 300.0 300.0
925.1235555020169 35 36013.0 38487.0 300.0 300.0 39 52492.0 56039.0 300.0 300.0
198.62145433657142 10 48390.0 51142.0 300.0 300.0 51 65253.0 68363.0 300.0 300.0
46.71989191011716 28 35846.0 38463.0 300.0 300.0 31 52583.0 55845.0 300.0 300.0
609.6766731396011 19 42565.0 45175.0 300.0 300.0 25 56781.0 58979.0 300.0 300.0
734.9022921124853 35 23060.0 25314.0 300.0 300.0 13 41602.0 43455.0 300.0 300.0
231.31267335154115 59 41469.0 44962.0 300.0 300.0 38 62321.0 65792.0 300.0 300.0
693.3119598836827 18 36435.0 38619.0 300.0 300.0 24 51140.0 54363.0 300.0 300.0
911.8526455865848 15 31728.0 34468.0 300.0 300.0 17 50675.0 52513.0 300.0 300.0
580.1305319346213 35 50158.0 52631.0 300.0 300.0 53 66065.0 69502.0 300.0 300.0
764.7791542888517 40 40849.0 44244.0 300.0 300.0 45 55817.0 58150.0 300.0 300.0
651.2954375457623 60 42026.0 45307.0 300.0 300.0 26 56859.0 59924.0 300.0 300.0
684.0818499548132 51 27791.0 30148.0 300.0 300.0 52 46801.0 49138.0 300.0 300.0
765.9932494626662 28 35821.0 37779.0 300.0 300.0 10 54223.0 57180.0 300.0 300.0
846.6563588896807 35 27841.0 31312.0 300.0 300.0 32 42621.0 44435.0 300.0 300.0
200.01577662870352 48 47751.0 49588.0 300.0 300.0 29 67091.0 69743.0 300.0 300.0
673.5329975357454 30 47223.0 50623.0 300.0 300.0 26 61688.0 64730.0 300.0 300.0
802.7775832209475 13 37388.0 39504.0 300.0 300.0 27 52942.0 55724.0 300.0 300.0
115.73003988548759 17 45967.0 49418.0 300.0 300.0 14 66309.0 69533.0 300.0 300.0
350.99753534088427 37 37476.0 40778.0 300.0 300.0 46 53187.0 55760.0 300.0 300.0
730.5364676046933 16 36087.0 39042.0 300.0 300.0 14 51738.0 55193.0 300.0 300.0
700.3412134273871 45 25917.0 28251.0 300.0 300.0 22 44931.0 48027.0 300.0 300.0
422.5719074270845 38 41512.0 43764.0 300.0 300.0 59 60500.0 63237.0 300.0 300.0
79.1844261753043 33 30836.0 33935.0 300.0 300.0 60 46832.0 50425.0 300.0 300.0
527.9599548278098 30 52471.0 54470.0 300.0 300.0 51 68284.0 70200.0 300.0 300.0
778.9391482007032 24 46351.0 49122.0 300.0 300.0 13 64021.0 66307.0 300.0 300.0
940.6777721100276 53 31486.0 34207.0 300.0 300.0 38 49008.0 50823.0 300.0 300.0
605.3128629192487 20 29078.0 32333.0 300.0 300.0 16 47282.0 50493.0 300.0 300.0
523.268666626098 56 26647.0 28515.0 300.0 300.0 13 45313.0 47405.0 300.0 300.0
906.0462443671803 54 44817.0 48295.0 300.0 300.0 25 65579.0 68398.0 300.0 300.0
149.66921915842457 17 29636.0 31975.0 300.0 300.0 12 45431.0 48868.0 300.0 300.0
284.0754328885081 10 34677.0 37019.0 300.0 300.0 12 52506.0 55668.0 300.0 300.0
420.3195430747114 48 40729.0 43000.0 300.0 300.0 13 58898.0 61033.0 300.0 300.0
351.0396533605675 11 48411.0 51516.0 300.0 300.0 42 63470.0 67039.0 300.0 300.0
627.7843192635326 52 29925.0 32954.0 300.0 300.0 38 44817.0 47854.0 300.0 300.0
44.33310522381628 54 26147.0 28503.0 300.0 300.0 38 43013.0 45186.0 300.0 300.0
677.9778275021399 43 39881.0 42726.0 300.0 300.0 36 59200.0 61276.0 300.0 300.0
200.58163759573065 52 49123.0 52627.0 300.0 300.0 54 66899.0 70244.0 300.0 300.0
865.2966670778087 50 35611.0 37692.0 300.0 300.0 31 50983.0 53050.0 300.0 300.0
687.9862621618219 57 32717.0 35857.0 300.0 300.0 15 53117.0 55121.0 300.0 300.0
121.43391426994077 56 23257.0 26019.0 300.0 300.0 13 42460.0 45557.0 300.0 300.0
497.2699954225334 60 20832.0 22862.0 300.0 300.0 15 39195.0 42739.0 300.0 300.0
303.6663654334536 56 34618.0 37341.0 300.0 300.0 55 53861.0 55737.0 300.0 300.0
683.2161784348646 37 49718.0 52641.0 300.0 300.0 10 65675.0 69168.0 300.0 300.0
439.6373852538311 55 36831.0 39429.0 300.0 300.0 32 55838.0 58118.0 300.0 300.0
952.5996351509401 27 26362.0 28515.0 300.0 300.0 48 44038.0 46838.0 300.0 300.0
517.1402349928694 17 30321.0 32995.0 300.0 300.0 41 43994.0 47029.0 300.0 300.0
385.6601657468339 11 48569.0 51979.0 300.0 300.0 19 67391.0 69580.0 300.0 300.0
298.55344380539583 47 38200.0 41447.0 300.0 300.0 55 57881.0 59715.0 300.0 300.0
242.50585767556697 59 42576.0 45111.0 300.0 300.0 35 59779.0 63286.0 300.0 300.0
884.183194176931 48 21210.0 23762.0 300.0 300.0 23 40049.0 42801.0 300.0 300.0
887.6852297152809 41 37141.0 39008.0 300.0 300.0 57 49929.0 52024.0 300.0 300.0
964.9874701768031 52 45142.0 47813.0 300.0 300.0 31 63639.0 66052.0 300.0 300.0
519.7356908657509 14 25330.0 28414.0 300.0 300.0 35 43299.0 46873.0 300.0 300.0
245.53609827435085 38 47066.0 50006.0 300.0 300.0 11 66367.0 69901.0 300.0 300.0
931.2765769487946 17 25082.0 28588.0 300.0 300.0 32 44250.0 46695.0 300.0 300.0
719.5107464172703 22 51390.0 54716.0 300.0 300.0 29 68140.0 71405.0 300.0 300.0
872.0213112706629 33 44841.0 47059.0 300.0 300.0 59 64262.0 67658.0 300.0 300.0
913.8599722161189 55 39344.0 42128.0 300.0 300.0 16 58322.0 61164.0 300.0 300.0
524.158883560877 53 24338.0 26360.0 300.0 300.0 28 40405.0 43578.0 300.0 300.0
939.5611477151299 21 18558.0 20748.0 300.0 300.0 47 37800.0 39997.0 300.0 300.0
18.50486848132138 34 25598.0 28348.0 300.0 300.0 28 39868.0 43171.0 300.0 300.0
986.8403877369298 38 29440.0 32749.0 300.0 300.0 42 49182.0 51663.0 300.0 300.0
