50 1000
7000.0 9 14400.0 79200.0
2000.0 3 14400.0 79200.0
10000.0 0 14400.0 79200.0
10000.0 7 14400.0 79200.0
10000.0 3 14400.0 79200.0
7000.0 7 14400.0 79200.0
7000.0 3 14400.0 79200.0
10000.0 5 14400.0 79200.0
10000.0 7 14400.0 79200.0
5000.0 8 14400.0 79200.0
5000.0 2 14400.0 79200.0
7000.0 3 14400.0 79200.0
10000.0 3 14400.0 79200.0
5000.0 0 14400.0 79200.0
5000.0 2 14400.0 79200.0
2000.0 5 14400.0 79200.0
7000.0 4 14400.0 79200.0
10000.0 1 14400.0 79200.0
10000.0 7 14400.0 79200.0
2000.0 6 14400.0 79200.0
7000.0 3 14400.0 79200.0
7000.0 1 14400.0 79200.0
10000.0 3 14400.0 79200.0
7000.0 5 14400.0 79200.0
10000.0 4 14400.0 79200.0
2000.0 6 14400.0 79200.0
2000.0 5 14400.0 79200.0
2000.0 2 14400.0 79200.0
7000.0 2 14400.0 79200.0
2000.0 4 14400.0 79200.0
10000.0 5 14400.0 79200.0
10000.0 9 14400.0 79200.0
7000.0 6 14400.0 79200.0
5000.0 3 14400.0 79200.0
10000.0 6 14400.0 79200.0
7000.0 6 14400.0 79200.0
10000.0 1 14400.0 79200.0
7000.0 4 14400.0 79200.0
7000.0 9 14400.0 79200.0
7000.0 6 14400.0 79200.0
7000.0 5 14400.0 79200.0
2000.0 1 14400.0 79200.0
10000.0 2 14400.0 79200.0
5000.0 6 14400.0 79200.0
7000.0 0 14400.0 79200.0
2000.0 4 14400.0 79200.0
10000.0 8 14400.0 79200.0
5000.0 9 14400.0 79200.0
2000.0 4 14400.0 79200.0
7000.0 5 14400.0 79200.0
140.6033586737586 48 48529.0 51281.0 300.0 300.0 30 62573.0 65466.0 300.0 300.0
584.0820235564961 59 24278.0 27338.0 300.0 300.0 19 39349.0 41651.0 300.0 300.0
607.4131368035022 57 34224.0 36388.0 300.0 300.0 41 48997.0 50945.0 300.0 300.0
38.94062495710815 48 37516.0 40177.0 300.0 300.0 40 54812.0 58013.0 300.0 300.0
370.7689285238376 44 20274.0 22141.0 300.0 300.0 28 33759.0 36084.0 300.0 300.0
900.8166928306426 23 26265.0 29756.0 300.0 300.0 49 40687.0 43426.0 300.0 300.0
652.2717436396663 56 38994.0 41732.0 300.0 300.0 57 55589.0 58097.0 300.0 300.0
736.5776726486454 17 20922.0 23741.0 300.0 300.0 40 34787.0 38288.0 300.0 300.0
587.3625336914993 25 26297.0 29025.0 300.0 300.0 36 39939.0 42498.0 300.0 300.0
249.97718790553057 54 30621.0 32941.0 300.0 300.0 21 46481.0 49912.0 300.0 300.0
728.4730381452458 41 53381.0 56821.0 300.0 300.0 36 69041.0 71599.0 300.0 300.0
811.9326885968312 50 28617.0 32188.0 300.0 300.0 57 48374.0 51605.0 300.0 300.0
271.0636044235264 11 25108.0 27200.0 300.0 300.0 24 40301.0 43899.0 300.0 300.0
998.8236780092584 10 30836.0 32912.0 300.0 300.0 58 43932.0 46283.0 300.0 300.0
317.69712721659994 57 52265.0 54684.0 300.0 300.0 36 68358.0 70870.0 300.0 300.0
54.76923184224658 39 28979.0 31518.0 300.0 300.0 18 47054.0 50025.0 300.0 300.0
447.38942348958045 11 40734.0 43852.0 300.0 300.0 40 54832.0 56870.0 300.0 300.0
103.54450489582756 43 19225.0 21713.0 300.0 300.0 56 34579.0 37391.0 300.0 300.0
285.5807222467052 39 41451.0 43784.0 300.0 300.0 10 55573.0 57546.0 300.0 300.0
777.0795008846334 37 39895.0 42536.0 300.0 300.0 19 55837.0 58380.0 300.0 300.0
268.91701016416846 40 25593.0 28842.0 300.0 300.0 17 43052.0 45680.0 300.0 300.0
68.50692673601732 23 38554.0 40747.0 300.0 300.0 25 58713.0 61217.0 300.0 300.0
72.71570417343143 52 47425.0 49915.0 300.0 300.0 40 67693.0 69568.0 300.0 300.0
761.0364640039422 60 50414.0 53717.0 300.0 300.0 25 64637.0 66620.0 300.0 300.0
280.9930307272838 28 26267.0 29529.0 300.0 300.0 35 43561.0 46665.0 300.0 300.0
816.4355223002491 37 35492.0 37368.0 300.0 300.0 28 53475.0 56792.0 300.0 300.0
502.1037035612397 17 21522.0 25115.0 300.0 300.0 59 42706.0 46213.0 300.0 300.0
949.8895336663866 11 45182.0 48457.0 300.0 300.0 33 61323.0 63624.0 300.0 300.0
799.6119382851092 44 23290.0 26615.0 300.0 300.0 23 42200.0 44812.0 300.0 300.0
77.15386986425754 34 35491.0 38563.0 300.0 300.0 17 56215.0 58875.0 300.0 300.0
659.5791202595356 22 31055.0 34578.0 300.0 300.0 60 48560.0 51665.0 300.0 300.0
935.2404242153523 49 45482.0 48165.0 300.0 300.0 46 61019.0 63355.0 300.0 300.0
752.9943618852384 46 35635.0 38741.0 300.0 300.0 31 52808.0 55645.0 300.0 300.0
473.8141147440463 38 21075.0 24128.0 300.0 300.0 35 36329.0 39239.0 300.0 300.0
85.93958104595755 50 47428.0 50472.0 300.0 300.0 21 66748.0 70046.0 300.0 300.0
349.79933675753995 53 31489.0 34380.0 300.0 300.0 46 45362.0 48786.0 300.0 300.0
229.99954621802166 50 48998.0 51634.0 300.0 300.0 37 63024.0 65630.0 300.0 300.0
275.5779620081428 17 51765.0 54015.0 300.0 300.0 41 68587.0 70718.0 300.0 300.0
770.499692046974 58 25600.0 28430.0 300.0 300.0 53 45190.0 48240.0 300.0 300.0
49.13591474908174 28 37048.0 39772.0 300.0 300.0 54 53061.0 56117.0 300.0 300.0
838.8564498837175 49 40236.0 42552.0 300.0 300.0 43 58301.0 61747.0 300.0 300.0
794.5017598446624 44 42002.0 45549.0 300.0 300.0 50 63336.0 66643.0 300.0 300.0
155.5097743291145 18 48491.0 50328.0 300.0 300.0 19 64092.0 67445.0 300.0 300.0
459.1035247878987 33 26870.0 29084.0 300.0 300.0 55 44377.0 47189.0 300.0 300.0
808.800639374305 51 20497.0 22944.0 300.0 300.0 29 36633.0 38888.0 300.0 300.0
631.9175550688486 17 37439.0 39725.0 300.0 300.0 21 52386.0 54454.0 300.0 300.0
549.3585792670577 58 36030.0 38781.0 300.0 300.0 28 53609.0 57043.0 300.0 300.0
677.5292948238001 43 40450.0 43774.0 300.0 300.0 59 55811.0 59395.0 300.0 300.0
565.0550595113124 18 46612.0 49943.0 300.0 300.0 46 65865.0 68467.0 300.0 300.0
425.89081360524403 53 39838.0 42260.0 300.0 300.0 17 55538.0 58615.0 300.0 300.0
3.705261724555986 30 43496.0 45548.0 300.0 300.0 24 62828.0 65499.0 300.0 300.0
849.4264036392595 30 25353.0 27741.0 300.0 300.0 60 42931.0 46250.0 300.0 300.0
274.19430956751233 31 50223.0 52832.0 300.0 300.0 25 68134.0 71273.0 300.0 300.0
416.3746505255507 39 50579.0 52592.0 300.0 300.0 13 70499.0 72417.0 300.0 300.0
835.6622017132381 22 25672.0 29203.0 300.0 300.0 60 45610.0 48700.0 300.0 300.0
984.3996441535121 36 32694.0 35680.0 300.0 300.0 60 51113.0 54427.0 300.0 300.0
592.2839990646069 46 42910.0 45235.0 300.0 300.0 41 60624.0 63612.0 300.0 300.0
28.46963814762915 27 20398.0 23765.0 300.0 300.0 41 37509.0 40048.0 300.0 300.0
570.8774285865717 38 42034.0 43941.0 300.0 300.0 29 54815.0 58339.0 300.0 300.0
753.078535424736 10 41702.0 43850.0 300.0 300.0 45 58230.0 61034.0 300.0 300.0
552.2880850020724 36 37240.0 39447.0 300.0 300.0 14 56960.0 59536.0 300.0 300.0
776.7371693727906 13 20487.0 24067.0 300.0 300.0 46 36143.0 39647.0 300.0 300.0
146.84116590632857 16 51828.0 54673.0 300.0 300.0 44 67738.0 69748.0 300.0 300.0
886.3270951925623 36 18208.0 21453.0 300.0 300.0 52 38129.0 40797.0 300.0 300.0
200.08845868528036 58 18198.0 21098.0 300.0 300.0 42 36529.0 39404.0 300.0 300.0
114.80324488077409 45 19479.0 22067.0 300.0 300.0 52 38135.0 41351.0 300.0 300.0
747.9683452178771 26 40306.0 42403.0 300.0 300.0 35 55046.0 57033.0 300.0 300.0
606.6427963814392 10 33717.0 36097.0 300.0 300.0 43 47803.0 49682.0 300.0 300.0
230.06318554073724 30 50861.0 53110.0 300.0 300.0 44 66410.0 69458.0 300.0 300.0
394.5290230610169 42 50056.0 52289.0 300.0 300.0 24 66594.0 68713.0 300.0 300.0
644.9850912748481 49 36801.0 39742.0 300.0 300.0 16 55731.0 58441.0 300.0 300.0
45.57200369159309 50 41384.0 44067.0 300.0 300.0 29 61535.0 63846.0 300.0 300.0
481.5205595655876 51 18479.0 21636.0 300.0 300.0 56 34669.0 36646.0 300.0 300.0
857.8132987398043 16 22101.0 24550.0 300.0 300.0 14 36561.0 39666.0 300.0 300.0
880.8737243851251 38 23503.0 26349.0 300.0 300.0 20 41921.0 44428.0 300.0 300.0
844.1326231283261 56 50833.0 53225.0 300.0 300.0 17 65566.0 67533.0 300.0 300.0
736.3885849966042 31 34271.0 36977.0 300.0 300.0 46 49848.0 53203.0 300.0 300.0
561.6310059236864 37 34264.0 37834.0 300.0 300.0 27 55742.0 57859.0 300.0 300.0
584.1074147819749 16 26908.0 30312.0 300.0 300.0 58 48277.0 50415.0 300.0 300.0
95.14880971890294 11 41150.0 44078.0 300.0 300.0 41 59597.0 62593.0 300.0 300.0
806.410333342966 34 32275.0 34939.0 300.0 300.0 47 52639.0 55934.0 300.0 300.0
333.2011987457185 42 20740.0 22998.0 300.0 300.0 50 36847.0 38843.0 300.0 300.0
97.13269139014625 25 39880.0 42158.0 300.0 300.0 32 53979.0 57075.0 300.0 300.0
467.0673071346788 23 40727.0 44063.0 300.0 300.0 11 60480.0 64078.0 300.0 300.0
414.6975859208504 45 29533.0 32332.0 300.0 300.0 28 45286.0 48111.0 300.0 300.0
267.21685950294795 46 44770.0 46683.0 300.0 300.0 58 63026.0 66105.0 300.0 300.0
984.0334370920284 32 37130.0 40102.0 300.0 300.0 44 57036.0 58963.0 300.0 300.0
748.2381172013911 42 27809.0 30460.0 300.0 300.0 19 44403.0 47925.0 300.0 300.0
861.8465021192303 59 47630.0 50114.0 300.0 300.0 29 63927.0 66798.0 300.0 300.0
910.8578942564155 44 47038.0 49672.0 300.0 300.0 33 61878.0 64709.0 300.0 300.0
326.03793712628504 10 24615.0 26428.0 300.0 300.0 15 40408.0 43029.0 300.0 300.0
168.80707010393058 18 50684.0 52898.0 300.0 300.0 41 66124.0 68764.0 300.0 300.0
920.9209290069963 16 46312.0 49474.0 300.0 300.0 28 64116.0 67644.0 300.0 300.0
134.8479390392281 48 23609.0 26852.0 300.0 300.0 51 44142.0 46267.0 300.0 300.0
527.005935077131 56 27971.0 29888.0 300.0 300.0 34 45500.0 47804.0 300.0 300.0
694.2811496133398 43 27364.0 30218.0 300.0 300.0 28 46940.0 48951.0 300.0 300.0
828.4601815675614 53 19402.0 21870.0 300.0 300.0 49 39305.0 42382.0 300.0 300.0
760.1044129293921 25 20474.0 23226.0 300.0 300.0 41 41181.0 43805.0 300.0 300.0
133.2599623849392 38 32576.0 35655.0 300.0 300.0 25 53158.0 56066.0 300.0 300.0
40.49250444682506 35 21455.0 25031.0 300.0 300.0 59 35884.0 38393.0 300.0 300.0
630.2698222078718 41 37690.0 41181.0 300.0 300.0 16 57621.0 60764.0 300.0 300.0
299.57042275480705 41 37963.0 40002.0 300.0 300.0 10 57574.0 60147.0 300.0 300.0
923.101566504062 34 30156.0 32499.0 300.0 300.0 30 46720.0 49694.0 300.0 300.0
434.0998639980639 16 39584.0 41765.0 300.0 300.0 17 54008.0 56500.0 300.0 300.0
501.10575090287847 20 34694.0 36977.0 300.0 300.0 27 48062.0 50742.0 300.0 300.0
683.6064989964639 32 22483.0 25092.0 300.0 300.0 23 42903.0 45921.0 300.0 300.0
741.0792744143113 15 36107.0 39036.0 300.0 300.0 10 54902.0 57119.0 300.0 300.0
135.931506429391 60 36330.0 39011.0 300.0 300.0 53 56775.0 59931.0 300.0 300.0
986.4629489390014 33 23431.0 25807.0 300.0 300.0 58 37507.0 39654.0 300.0 300.0
564.8584569438018 29 52989.0 56569.0 300.0 300.0 25 70855.0 74259.0 300.0 300.0
240.55233954789313 39 45777.0 48162.0 300.0 300.0 33 63388.0 65767.0 300.0 300.0
456.386769191966 55 49030.0 51844.0 300.0 300.0 26 65349.0 67629.0 300.0 300.0
412.5324070595716 42 37287.0 39571.0 300.0 300.0 56 56580.0 58556.0 300.0 300.0
744.8075688388526 15 29499.0 32603.0 300.0 300.0 40 46082.0 48615.0 300.0 300.0
855.3203110507051 44 36930.0 39523.0 300.0 300.0 54 55767.0 58053.0 300.0 300.0
422.77795089359336 47 25175.0 27476.0 300.0 300.0 22 44509.0 46471.0 300.0 300.0
976.9909671244534 12 50053.0 52897.0 300.0 300.0 35 67205.0 69840.0 300.0 300.0
429.24764688522197 44 24710.0 26613.0 300.0 300.0 51 40695.0 42728.0 300.0 300.0
947.065335719513 18 47483.0 49858.0 300.0 300.0 38 67387.0 70752.0 300.0 300.0
407.9082594272505 10 29277.0 32289.0 300.0 300.0 37 48882.0 51541.0 300.0 300.0
268.64013276212205 18 28940.0 31520.0 300.0 300.0 39 48394.0 50745.0 300.0 300.0
403.72324090196275 25 19419.0 21993.0 300.0 300.0 32 35589.0 38839.0 300.0 300.0
170.08061814824848 28 26283.0 28714.0 300.0 300.0 15 41163.0 44200.0 300.0 300.0
897.3453915983362 13 20160.0 23608.0 300.0 300.0 33 35313.0 37764.0 300.0 300.0
168.01241689783942 33 46060.0 48478.0 300.0 300.0 37 64290.0 67856.0 300.0 300.0
822.5018023037773 53 43919.0 46256.0 300.0 300.0 26 57791.0 59726.0 300.0 300.0
658.234876897245 58 46345.0 48203.0 300.0 300.0 37 63616.0 66750.0 300.0 300.0
159.76477157535862 22 33582.0 36727.0 300.0 300.0 56 51137.0 54168.0 300.0 300.0
253.91390130639547 11 18400.0 21136.0 300.0 300.0 40 39124.0 42592.0 300.0 300.0
125.94163948761006 36 42962.0 46239.0 300.0 300.0 33 61360.0 63455.0 300.0 300.0
671.3493760023437 27 20400.0 23208.0 300.0 300.0 58 40946.0 43567.0 300.0 300.0
890.3999094188083 56 52905.0 55422.0 300.0 300.0 35 68227.0 70261.0 300.0 300.0
982.4747796825061 51 35705.0 38414.0 300.0 300.0 22 55041.0 58090.0 300.0 300.0
641.1574591538098 59 19108.0 22394.0 300.0 300.0 54 39743.0 42510.0 300.0 300.0
839.1406752269543 11 27977.0 30805.0 300.0 300.0 38 42896.0 46332.0 300.0 300.0
922.0521658032399 26 42204.0 44386.0 300.0 300.0 44 61656.0 63823.0 300.0 300.0
15.629944594679369 52 42006.0 45135.0 300.0 300.0 11 58735.0 62244.0 300.0 300.0
679.672811419409 24 40411.0 42584.0 300.0 300.0 54 55186.0 57366.0 300.0 300.0
110.60864403053039 12 47443.0 50716.0 300.0 300.0 58 67747.0 70738.0 300.0 300.0
841.2756681233285 48 51801.0 54394.0 300.0 300.0 21 70462.0 72889.0 300.0 300.0
155.0542115828345 15 31643.0 33675.0 300.0 300.0 50 50207.0 52748.0 300.0 300.0
423.2894366283191 47 51403.0 53244.0 300.0 300.0 14 70610.0 73790.0 300.0 300.0
955.2258660082022 41 33552.0 36111.0 300.0 300.0 40 52452.0 56022.0 300.0 300.0
809.2674516400104 13 37638.0 41023.0 300.0 300.0 58 53179.0 54989.0 300.0 300.0
385.42758686728484 53 48722.0 51035.0 300.0 300.0 46 62393.0 65411.0 300.0 300.0
585.6913880638598 17 21223.0 23205.0 300.0 300.0 38 34006.0 36651.0 300.0 300.0
269.511471560129 28 42992.0 46463.0 300.0 300.0 14 63184.0 66782.0 300.0 300.0
67.65697959071592 18 35210.0 37365.0 300.0 300.0 24 52667.0 54891.0 300.0 300.0
547.5080588891383 57 51812.0 55209.0 300.0 300.0 54 72310.0 75198.0 300.0 300.0
752.3413625725871 43 35468.0 37323.0 300.0 300.0 40 48822.0 50910.0 300.0 300.0
818.5484101767832 38 23301.0 26402.0 300.0 300.0 55 40496.0 42736.0 300.0 300.0
508.8031027639217 34 31986.0 35447.0 300.0 300.0 35 52860.0 55816.0 300.0 300.0
146.84073144410837 50 27476.0 30601.0 300.0 300.0 30 48492.0 50926.0 300.0 300.0
435.0159583627112 59 44995.0 48372.0 300.0 300.0 47 66247.0 69624.0 300.0 300.0
886.7302365357689 41 52211.0 54646.0 300.0 300.0 42 66709.0 68990.0 300.0 300.0
308.3706840565016 21 41308.0 43500.0 300.0 300.0 53 59187.0 62765.0 300.0 300.0
758.0336413751727 48 30937.0 33179.0 300.0 300.0 32 44433.0 46805.0 300.0 300.0
229.86485088746133 40 53396.0 56919.0 300.0 300.0 34 74071.0 76581.0 300.0 300.0
125.4998633587493 54 33115.0 35038.0 300.0 300.0 36 51687.0 54045.0 300.0 300.0
954.8733283763464 17 31691.0 34535.0 300.0 300.0 57 51645.0 55226.0 300.0 300.0
407.38242096258193 10 43647.0 46610.0 300.0 300.0 43 59819.0 61780.0 300.0 300.0
39.1690692923008 33 27255.0 29854.0 300.0 300.0 28 42471.0 44404.0 300.0 300.0
368.0691886328139 38 29784.0 32215.0 300.0 300.0 12 50101.0 53157.0 300.0 300.0
66.53235667836455 36 36278.0 39360.0 300.0 300.0 14 51444.0 53820.0 300.0 300.0
208.22710571694114 59 53986.0 57341.0 300.0 300.0 54 73524.0 75537.0 300.0 300.0
107.01128645354929 35 41535.0 44148.0 300.0 300.0 33 61209.0 64022.0 300.0 300.0
432.0852588765753 28 27851.0 30324.0 300.0 300.0 36 45715.0 48226.0 300.0 300.0
160.2163880105163 59 41882.0 45122.0 300.0 300.0 46 59759.0 63191.0 300.0 300.0
383.7764466667013 40 40588.0 44060.0 300.0 300.0 30 59313.0 61318.0 300.0 300.0
627.8614907688028 23 50588.0 53613.0 300.0 300.0 53 71364.0 73315.0 300.0 300.0
650.9350428775315 55 49752.0 52018.0 300.0 300.0 34 67047.0 69218.0 300.0 300.0
30.39043658175089 36 51616.0 54162.0 300.0 300.0 24 68633.0 70596.0 300.0 300.0
641.2361848890998 34 51949.0 55426.0 300.0 300.0 19 68684.0 70842.0 300.0 300.0
914.6194615771251 18 27271.0 29955.0 300.0 300.0 31 43281.0 45265.0 300.0 300.0
62.85763229599661 15 51967.0 54793.0 300.0 300.0 19 67869.0 70371.0 300.0 300.0
607.9163846969413 10 41565.0 43769.0 300.0 300.0 19 58716.0 60866.0 300.0 300.0
658.9296582015602 50 27007.0 30394.0 300.0 300.0 36 43109.0 45980.0 300.0 300.0
558.9446092610247 26 34554.0 37467.0 300.0 300.0 56 54629.0 56917.0 300.0 300.0
844.258996762985 56 18335.0 21691.0 300.0 300.0 36 33935.0 37367.0 300.0 300.0
99.21188653360724 26 18255.0 21168.0 300.0 300.0 20 38368.0 41056.0 300.0 300.0
214.70049450429386 22 53301.0 55810.0 300.0 300.0 18 68951.0 70884.0 300.0 300.0
681.743622986029 23 45716.0 48461.0 300.0 300.0 26 61208.0 64086.0 300.0 300.0
699.6011956644912 37 27073.0 29172.0 300.0 300.0 32 44729.0 46917.0 300.0 300.0
855.6884966733759 37 49875.0 52079.0 300.0 300.0 15 65127.0 67759.0 300.0 300.0
219.23871850007836 54 20095.0 23559.0 300.0 300.0 33 37604.0 40491.0 300.0 300.0
255.47449027212954 50 38907.0 41830.0 300.0 300.0 32 52929.0 56166.0 300.0 300.0
514.964382039949 19 43874.0 47429.0 300.0 300.0 37 62197.0 64872.0 300.0 300.0
791.5529504139644 28 34265.0 36409.0 300.0 300.0 41 48565.0 51406.0 300.0 300.0
622.0732690069489 59 41509.0 43825.0 300.0 300.0 32 56349.0 59033.0 300.0 300.0
582.4647784955926 54 43313.0 45703.0 300.0 300.0 52 60949.0 64104.0 300.0 300.0
645.8566964805174 16 31026.0 34542.0 300.0 300.0 30 48170.0 50273.0 300.0 300.0
254.97144763971147 14 52647.0 56071.0 300.0 300.0 37 73791.0 77018.0 300.0 300.0
830.8252159866753 31 23250.0 25765.0 300.0 300.0 21 41746.0 45286.0 300.0 300.0
334.73173472225017 19 35574.0 37527.0 300.0 300.0 20 53114.0 54919.0 300.0 300.0
742.0733018200833 39 34984.0 37914.0 300.0 300.0 32 54418.0 56702.0 300.0 300.0
63.25895190942965 23 47850.0 50757.0 300.0 300.0 28 61700.0 63645.0 300.0 300.0
925.9180867304668 22 25932.0 28908.0 300.0 300.0 11 42829.0 45495.0 300.0 300.0
100.82969571299527 31 48327.0 50475.0 300.0 300.0 11 64570.0 66508.0 300.0 300.0
13.382932291578275 58 30175.0 32636.0 300.0 300.0 46 47893.0 50097.0 300.0 300.0
937.1706765567592 55 35529.0 37791.0 300.0 300.0 19 49464.0 51813.0 300.0 300.0
563.2924838038041 32 38253.0 40082.0 300.0 300.0 43 53589.0 55463.0 300.0 300.0
144.04051293117848 34 45906.0 48305.0 300.0 300.0 11 64018.0 66477.0 300.0 300.0
309.54630770847325 57 23031.0 25849.0 300.0 300.0 49 38067.0 39975.0 300.0 300.0
812.5369772698062 20 34382.0 36862.0 300.0 300.0 45 51024.0 54295.0 300.0 300.0
36.77449417993061 28 42490.0 45624.0 300.0 300.0 38 60955.0 63989.0 300.0 300.0
53.7610006936331 42 33215.0 35622.0 300.0 300.0 60 46936.0 48976.0 300.0 300.0
326.647918707321 58 25350.0 27703.0 300.0 300.0 12 45171.0 47909.0 300.0 300.0
469.39619325381955 50 18869.0 22348.0 300.0 300.0 35 39885.0 41695.0 300.0 300.0
519.5984331668694 50 48758.0 52024.0 300.0 300.0 51 68596.0 71654.0 300.0 300.0
168.23062556161162 13 36665.0 39907.0 300.0 300.0 45 53725.0 55584.0 300.0 300.0
658.9486389661256 18 50049.0 53461.0 300.0 300.0 45 66946.0 68967.0 300.0 300.0
599.4449459676421 23 27203.0 29472.0 300.0 300.0 11 41182.0 43232.0 300.0 300.0
21.186279714940248 54 25445.0 28079.0 300.0 300.0 34 43265.0 45735.0 300.0 300.0
61.78222032203817 54 18852.0 21786.0 300.0 300.0 22 39157.0 41619.0 300.0 300.0
291.4437338798035 28 33232.0 35787.0 300.0 300.0 52 53547.0 56184.0 300.0 300.0
832.0388714166439 11 34616.0 36871.0 300.0 300.0 59 52947.0 55707.0 300.0 300.0
80.63768349821964 18 28962.0 31959.0 300.0 300.0 28 43843.0 45713.0 300.0 300.0
23.586504213365167 11 21233.0 24250.0 300.0 300.0 30 37306.0 39166.0 300.0 300.0
473.03696666081896 40 20204.0 22129.0 300.0 300.0 10 40120.0 43471.0 300.0 300.0
357.1409493548299 50 18934.0 21341.0 300.0 300.0 56 34703.0 36852.0 300.0 300.0
672.4859866197219 42 40666.0 43038.0 300.0 300.0 56 58069.0 61290.0 300.0 300.0
307.4015861128605 20 43604.0 45460.0 300.0 300.0 34 58808.0 62131.0 300.0 300.0
723.7184850830753 38 53684.0 55724.0 300.0 300.0 26 71255.0 73419.0 300.0 300.0
620.5288597468801 60 30469.0 33077.0 300.0 300.0 42 45108.0 48128.0 300.0 300.0
223.12700587309175 20 40300.0 43407.0 300.0 300.0 39 54921.0 57807.0 300.0 300.0
3.1266359505821573 16 29542.0 32283.0 300.0 300.0 35 48424.0 51443.0 300.0 300.0
11.36018715864029 56 29904.0 32794.0 300.0 300.0 30 45941.0 47850.0 300.0 300.0
122.23660702522021 45 47020.0 50158.0 300.0 300.0 56 67327.0 70892.0 300.0 300.0
27.929587098485587 52 47729.0 49984.0 300.0 300.0 57 61305.0 64466.0 300.0 300.0
670.9982122364546 50 25226.0 27646.0 300.0 300.0 43 41555.0 44179.0 300.0 300.0
884.7194725982694 38 38676.0 42226.0 300.0 300.0 32 55591.0 58114.0 300.0 300.0
623.6197809082236 58 19503.0 21830.0 300.0 300.0 49 33816.0 37041.0 300.0 300.0
719.3875486927158 50 20039.0 22548.0 300.0 300.0 43 37563.0 39604.0 300.0 300.0
388.05746601338063 29 51192.0 54138.0 300.0 300.0 56 67105.0 70296.0 300.0 300.0
568.9682451675079 57 44684.0 46821.0 300.0 300.0 35 64396.0 67573.0 300.0 300.0
61.598149614016215 10 30249.0 32984.0 300.0 300.0 14 45126.0 47752.0 300.0 300.0
765.7750189418812 12 23213.0 25322.0 300.0 300.0 29 38121.0 41083.0 300.0 300.0
584.0543835081934 40 20575.0 22682.0 300.0 300.0 43 33892.0 36395.0 300.0 300.0
718.5410337892523 57 31399.0 34859.0 300.0 300.0 10 50333.0 53156.0 300.0 300.0
180.54268962300546 45 46511.0 49297.0 300.0 300.0 50 60942.0 63584.0 300.0 300.0
277.6181526900999 26 26626.0 29517.0 300.0 300.0 34 45507.0 47547.0 300.0 300.0
990.2452555453881 17 29255.0 31275.0 300.0 300.0 43 42988.0 45896.0 300.0 300.0
679.3224934321107 14 31955.0 33851.0 300.0 300.0 36 48517.0 50583.0 300.0 300.0
322.93911930394347 39 47975.0 49948.0 300.0 300.0 52 62673.0 64829.0 300.0 300.0
665.8982903356912 52 26559.0 28464.0 300.0 300.0 32 42096.0 44196.0 300.0 300.0
189.57806533495415 33 29121.0 31225.0 300.0 300.0 20 44945.0 48432.0 300.0 300.0
738.1709414093557 35 41183.0 44562.0 300.0 300.0 23 59722.0 62163.0 300.0 300.0
969.3732732699262 15 19303.0 22774.0 300.0 300.0 39 35308.0 37280.0 300.0 300.0
931.2527100936423 43 23638.0 26499.0 300.0 300.0 22 39518.0 42715.0 300.0 300.0
640.5497921264133 14 27234.0 30721.0 300.0 300.0 11 42224.0 45716.0 300.0 300.0
932.5015767421452 31 47740.0 51024.0 300.0 300.0 10 66783.0 70282.0 300.0 300.0
486.54815089980195 24 34792.0 36976.0 300.0 300.0 32 53347.0 55712.0 300.0 300.0
567.5409365139969 55 50843.0 54306.0 300.0 300.0 54 67074.0 69930.0 300.0 300.0
649.5586933550637 14 43237.0 45050.0 300.0 300.0 36 59128.0 62620.0 300.0 300.0
556.1290997945559 27 20825.0 23435.0 300.0 300.0 53 38787.0 41649.0 300.0 300.0
128.95633340189272 26 38173.0 40887.0 300.0 300.0 24 58797.0 60920.0 300.0 300.0
235.99612092324972 21 21213.0 23698.0 300.0 300.0 27 39189.0 42654.0 300.0 300.0
587.8635715027337 36 52684.0 55206.0 300.0 300.0 32 66058.0 68312.0 300.0 300.0
529.7964144085041 24 36502.0 38609.0 300.0 300.0 15 55732.0 58078.0 300.0 300.0
645.4958514012651 23 32373.0 34809.0 300.0 300.0 47 49697.0 52747.0 300.0 300.0
507.78257098086135 12 49814.0 51716.0 300.0 300.0 22 65026.0 67383.0 300.0 300.0
689.30088375637 30 49259.0 52173.0 300.0 300.0 54 69316.0 71901.0 300.0 300.0
305.7923310272389 19 33944.0 36935.0 300.0 300.0 44 49855.0 53400.0 300.0 300.0
866.7310091829225 17 29800.0 32942.0 300.0 300.0 20 50021.0 52779.0 300.0 300.0
83.13192790397972 19 34804.0 37903.0 300.0 300.0 53 52934.0 55275.0 300.0 300.0
23.700534568765974 52 37952.0 41407.0 300.0 300.0 53 52562.0 54785.0 300.0 300.0
945.788097505944 22 48175.0 51731.0 300.0 300.0 52 64435.0 66492.0 300.0 300.0
391.66450170585523 22 25222.0 28787.0 300.0 300.0 33 40863.0 44025.0 300.0 300.0
974.3322926510189 37 37590.0 39877.0 300.0 300.0 59 56611.0 60116.0 300.0 300.0
718.4788463372441 30 52287.0 55238.0 300.0 300.0 18 71624.0 73976.0 300.0 300.0
449.4987786590803 46 24963.0 27306.0 300.0 300.0 20 43321.0 46295.0 300.0 300.0
954.8006694043673 46 20794.0 23632.0 300.0 300.0 56 35960.0 39045.0 300.0 300.0
187.69587749808224 40 50131.0 52225.0 300.0 300.0 27 69690.0 71608.0 300.0 300.0
197.17759801298595 20 19547.0 22981.0 300.0 300.0 30 35247.0 37332.0 300.0 300.0
319.0024314990811 55 37499.0 40908.0 300.0 300.0 34 58536.0 60952.0 300.0 300.0
234.94406938073564 50 52081.0 54147.0 300.0 300.0 28 70494.0 72694.0 300.0 300.0
456.23268418303843 27 22320.0 24363.0 300.0 300.0 42 38547.0 40895.0 300.0 300.0
118.75611894344085 30 26734.0 28781.0 300.0 300.0 26 46138.0 49732.0 300.0 300.0
719.5260861556259 48 53332.0 56884.0 300.0 300.0 23 71198.0 73375.0 300.0 300.0
766.5912842567053 33 19130.0 21370.0 300.0 300.0 58 36219.0 38641.0 300.0 300.0
560.1088536189058 28 48173.0 50812.0 300.0 300.0 60 66854.0 69311.0 300.0 300.0
835.2331595394131 43 26599.0 28721.0 300.0 300.0 39 42123.0 44790.0 300.0 300.0
442.23496290198125 26 39782.0 42409.0 300.0 300.0 39 58423.0 60884.0 300.0 300.0
232.93866591718125 59 33700.0 36021.0 300.0 300.0 16 50834.0 53860.0 300.0 300.0
726.0701852071924 45 48227.0 50722.0 300.0 300.0 56 65568.0 69014.0 300.0 300.0
537.8138151275521 30 27584.0 29413.0 300.0 300.0 48 43815.0 46695.0 300.0 300.0
188.03664668310415 20 26602.0 28604.0 300.0 300.0 30 39649.0 42592.0 300.0 300.0
756.4417192294169 12 28702.0 31966.0 300.0 300.0 22 49034.0 51115.0 300.0 300.0
519.8630217456113 14 45073.0 48032.0 300.0 300.0 24 59663.0 62514.0 300.0 300.0
832.9261811559766 19 25920.0 28198.0 300.0 300.0 14 41035.0 42964.0 300.0 300.0
473.64004922484094 44 50191.0 52244.0 300.0 300.0 32 67115.0 69230.0 300.0 300.0
858.5269448569511 58 26731.0 28974.0 300.0 300.0 50 45326.0 48770.0 300.0 300.0
537.2855235674302 45 53344.0 56935.0 300.0 300.0 37 73379.0 75236.0 300.0 300.0
279.631340562309 51 22355.0 25438.0 300.0 300.0 26 41176.0 44578.0 300.0 300.0
712.083969641349 23 27957.0 30651.0 300.0 300.0 14 42107.0 44637.0 300.0 300.0
534.4701571959648 58 47235.0 49998.0 300.0 300.0 17 65375.0 68787.0 300.0 300.0
59.85508448757704 14 38811.0 41036.0 300.0 300.0 40 55643.0 58102.0 300.0 300.0
428.659413042887 35 28119.0 30733.0 300.0 300.0 23 46753.0 49870.0 300.0 300.0
739.6779524190569 60 22679.0 24483.0 300.0 300.0 48 37747.0 40392.0 300.0 300.0
382.62019422481296 32 38470.0 41776.0 300.0 300.0 55 57123.0 59335.0 300.0 300.0
670.1779957302726 56 51332.0 54218.0 300.0 300.0 37 66084.0 68314.0 300.0 300.0
130.86329904568962 57 20752.0 22647.0 300.0 300.0 55 34916.0 36854.0 300.0 300.0
249.77390014761636 17 38815.0 40677.0 300.0 300.0 46 56089.0 59294.0 300.0 300.0
939.0599494953603 35 50789.0 53512.0 300.0 300.0 27 68562.0 71231.0 300.0 300.0
619.9600169308573 40 51504.0 54464.0 300.0 300.0 14 69841.0 72829.0 300.0 300.0
329.1709798905208 49 36282.0 38968.0 300.0 300.0 47 52131.0 55670.0 300.0 300.0
251.0135672282453 24 53659.0 57032.0 300.0 300.0 42 71531.0 74536.0 300.0 300.0
299.4620145372136 11 22175.0 24938.0 300.0 300.0 50 42522.0 44909.0 300.0 300.0
510.1973465352497 31 38727.0 41051.0 300.0 300.0 14 53596.0 55516.0 300.0 300.0
213.1563722657337 49 43994.0 46489.0 300.0 300.0 54 64162.0 66636.0 300.0 300.0
793.6742525874365 40 26111.0 29431.0 300.0 300.0 58 42607.0 45889.0 300.0 300.0
759.3089009016633 47 49079.0 51503.0 300.0 300.0 24 67254.0 70852.0 300.0 300.0
578.439547894029 25 33193.0 36132.0 300.0 300.0 33 49157.0 51539.0 300.0 300.0
499.13745263568677 24 31691.0 33959.0 300.0 300.0 36 45514.0 47625.0 300.0 300.0
802.4604442815419 37 32544.0 34646.0 300.0 300.0 12 51178.0 53261.0 300.0 300.0
571.8131793591543 42 33708.0 35613.0 300.0 300.0 58 48044.0 50557.0 300.0 300.0
592.1171213960852 31 45982.0 49382.0 300.0 300.0 34 62801.0 65101.0 300.0 300.0
701.2498420089593 21 24791.0 27287.0 300.0 300.0 44 41185.0 44203.0 300.0 300.0
917.5668254052833 51 40855.0 44321.0 300.0 300.0 56 58384.0 61713.0 300.0 300.0
9.78575867947329 39 52865.0 55894.0 300.0 300.0 57 69735.0 72276.0 300.0 300.0
19.778628765920182 16 49970.0 52359.0 300.0 300.0 21 65797.0 67710.0 300.0 300.0
580.2327839479734 42 20062.0 23374.0 300.0 300.0 53 38620.0 41656.0 300.0 300.0
778.0640993163533 56 30241.0 33427.0 300.0 300.0 53 44552.0 47560.0 300.0 300.0
723.365592031007 12 35220.0 38702.0 300.0 300.0 59 53451.0 56136.0 300.0 300.0
793.6828462464788 41 39654.0 42008.0 300.0 300.0 13 55297.0 58394.0 300.0 300.0
496.7036358378265 45 25967.0 27982.0 300.0 300.0 59 40417.0 43824.0 300.0 300.0
182.63539550410556 20 19606.0 23058.0 300.0 300.0 25 40081.0 42371.0 300.0 300.0
909.9374859336654 56 19627.0 22979.0 300.0 300.0 55 39232.0 41293.0 300.0 300.0
587.5440442938415 15 36321.0 38657.0 300.0 300.0 44 49465.0 52594.0 300.0 300.0
154.48629745027276 32 26796.0 30033.0 300.0 300.0 40 42168.0 44627.0 300.0 300.0
32.418290718637664 40 41735.0 44672.0 300.0 300.0 19 61652.0 65083.0 300.0 300.0
55.728913185586926 49 28630.0 31035.0 300.0 300.0 34 44930.0 47436.0 300.0 300.0
112.32931812162184 10 40104.0 42969.0 300.0 300.0 36 54776.0 58195.0 300.0 300.0
197.09737865663212 33 22707.0 24969.0 300.0 300.0 60 36473.0 39647.0 300.0 300.0
899.1834582608253 52 33433.0 36601.0 300.0 300.0 26 50637.0 52539.0 300.0 300.0
970.4912012101381 35 32771.0 34747.0 300.0 300.0 17 46903.0 50261.0 300.0 300.0
480.8586677651395 19 20528.0 23360.0 300.0 300.0 24 34806.0 37155.0 300.0 300.0
316.78395256298575 32 46717.0 49638.0 300.0 300.0 44 65576.0 68550.0 300.0 300.0
469.307712875494 13 47849.0 51420.0 300.0 300.0 32 66782.0 69817.0 300.0 300.0
517.3337205231547 58 22616.0 25800.0 300.0 300.0 46 40252.0 42884.0 300.0 300.0
208.5603393175569 33 36068.0 39066.0 300.0 300.0 23 53155.0 56169.0 300.0 300.0
950.5447111708896 46 50412.0 53225.0 300.0 300.0 33 65919.0 68100.0 300.0 300.0
989.975691506458 52 46004.0 48242.0 300.0 300.0 24 59232.0 61479.0 300.0 300.0
839.1945657215022 24 42598.0 45943.0 300.0 300.0 13 61951.0 63930.0 300.0 300.0
903.0851051687595 45 48991.0 52008.0 300.0 300.0 24 68630.0 72097.0 300.0 300.0
271.3563953309719 10 34792.0 37658.0 300.0 300.0 23 55504.0 57819.0 300.0 300.0
188.77139102517194 31 38304.0 40666.0 300.0 300.0 53 52108.0 54416.0 300.0 300.0
1.594887223372754 20 29869.0 32376.0 300.0 300.0 58 49206.0 51467.0 300.0 300.0
149.58488744687148 38 42453.0 46027.0 300.0 300.0 16 57044.0 60152.0 300.0 300.0
35.365903174160216 53 53153.0 54979.0 300.0 300.0 45 72594.0 75360.0 300.0 300.0
951.2964698937061 30 51393.0 54567.0 300.0 300.0 49 71072.0 73401.0 300.0 300.0
808.2380754713844 11 18264.0 20800.0 300.0 300.0 34 37358.0 40191.0 300.0 300.0
521.3128342766629 53 52338.0 54156.0 300.0 300.0 27 66719.0 68564.0 300.0 300.0
917.097368922235 26 33311.0 36117.0 300.0 300.0 29 50263.0 52278.0 300.0 300.0
323.6799941312828 24 43181.0 45895.0 300.0 300.0 45 60178.0 63276.0 300.0 300.0
101.67909261595199 18 48323.0 50239.0 300.0 300.0 15 68236.0 71588.0 300.0 300.0
36.80333000431957 39 44725.0 47546.0 300.0 300.0 47 60549.0 63629.0 300.0 300.0
254.76323873422857 30 36696.0 38830.0 300.0 300.0 21 52129.0 53939.0 300.0 300.0
157.81951975938813 17 31228.0 34432.0 300.0 300.0 26 50213.0 52215.0 300.0 300.0
135.70355374133547 30 36978.0 39979.0 300.0 300.0 47 53823.0 56296.0 300.0 300.0
745.2419946359205 23 49184.0 51339.0 300.0 300.0 11 68849.0 71223.0 300.0 300.0
636.5566870614033 60 36008.0 38524.0 300.0 300.0 19 49975.0 53019.0 300.0 300.0
936.9211950041267 42 48899.0 52205.0 300.0 300.0 51 63269.0 65390.0 300.0 300.0
599.219875817532 38 25120.0 27603.0 300.0 300.0 37 41280.0 43484.0 300.0 300.0
450.73747459518677 25 50239.0 52209.0 300.0 300.0 14 67497.0 69713.0 300.0 300.0
486.3424023782659 53 23095.0 26262.0 300.0 300.0 49 40773.0 43758.0 300.0 300.0
7.382376180682271 57 43775.0 46960.0 300.0 300.0 43 60109.0 62162.0 300.0 300.0
583.3820106413737 30 25657.0 28957.0 300.0 300.0 27 40111.0 42460.0 300.0 300.0
884.0580759723598 39 48376.0 50549.0 300.0 300.0 46 64939.0 66899.0 300.0 300.0
753.4512323282898 17 26620.0 28626.0 300.0 300.0 29 42394.0 45137.0 300.0 300.0
600.2867337801778 11 43816.0 46755.0 300.0 300.0 29 59673.0 62887.0 300.0 300.0
214.32445143033618 60 27027.0 29366.0 300.0 300.0 30 43237.0 46750.0 300.0 300.0
896.9982795068275 26 43885.0 45831.0 300.0 300.0 14 57981.0 59867.0 300.0 300.0
976.3239186657765 22 32830.0 35160.0 300.0 300.0 33 52059.0 54541.0 300.0 300.0
651.7593821552587 30 46579.0 49638.0 300.0 300.0 51 62423.0 65673.0 300.0 300.0
823.3050385282824 17 31293.0 33916.0 300.0 300.0 32 51857.0 53809.0 300.0 300.0
489.8911154820028 38 27618.0 30058.0 300.0 300.0 49 47044.0 49279.0 300.0 300.0
373.53760888987955 32 26353.0 29699.0 300.0 300.0 14 41571.0 43912.0 300.0 300.0
526.154635979802 30 51559.0 54922.0 300.0 300.0 60 68868.0 71488.0 300.0 300.0
394.21546704214484 32 22044.0 24122.0 300.0 300.0 39 37549.0 39982.0 300.0 300.0
686.8848444128366 54 50390.0 52733.0 300.0 300.0 27 66409.0 68525.0 300.0 300.0
218.2881797227788 10 41481.0 44381.0 300.0 300.0 40 56318.0 59105.0 300.0 300.0
309.52689905486 48 35269.0 37604.0 300.0 300.0 16 55260.0 57341.0 300.0 300.0
615.3331409606934 48 33236.0 36648.0 300.0 300.0 12 50164.0 52354.0 300.0 300.0
446.45292880485374 29 51300.0 54054.0 300.0 300.0 33 69409.0 72856.0 300.0 300.0
573.6905448953848 19 29750.0 32173.0 300.0 300.0 28 43786.0 46262.0 300.0 300.0
373.0609341582507 38 19203.0 21011.0 300.0 300.0 42 37382.0 40177.0 300.0 300.0
167.8521227888049 39 53940.0 55898.0 300.0 300.0 38 68242.0 71273.0 300.0 300.0
936.2085878466721 25 46651.0 50161.0 300.0 300.0 29 63470.0 66639.0 300.0 300.0
506.2979566638217 47 46906.0 49475.0 300.0 300.0 35 64299.0 67590.0 300.0 300.0
407.11465454691853 53 46129.0 49083.0 300.0 300.0 32 62479.0 65353.0 300.0 300.0
908.1453055561024 53 47662.0 50046.0 300.0 300.0 21 67536.0 70574.0 300.0 300.0
611.4465439508191 45 23424.0 25603.0 300.0 300.0 54 41615.0 44612.0 300.0 300.0
154.03051764052256 50 41442.0 43995.0 300.0 300.0 25 61217.0 63538.0 300.0 300.0
96.25408359967923 46 48396.0 51582.0 300.0 300.0 14 69016.0 71720.0 300.0 300.0
343.87369115778876 24 52446.0 54701.0 300.0 300.0 13 71412.0 74809.0 300.0 300.0
615.9361045743202 15 52455.0 54696.0 300.0 300.0 60 69281.0 72705.0 300.0 300.0
502.2422051467704 52 31937.0 33921.0 300.0 300.0 18 48974.0 52376.0 300.0 300.0
44.1367406715788 18 47058.0 50399.0 300.0 300.0 31 63945.0 67472.0 300.0 300.0
265.9727192299511 44 23433.0 26583.0 300.0 300.0 21 38162.0 41487.0 300.0 300.0
71.34119160896535 60 20452.0 22525.0 300.0 300.0 12 35104.0 37846.0 300.0 300.0
417.94451046613636 60 39267.0 42429.0 300.0 300.0 21 59477.0 61687.0 300.0 300.0
464.3260410896253 57 26545.0 29744.0 300.0 300.0 30 43508.0 46540.0 300.0 300.0
579.2098200411149 44 42850.0 45209.0 300.0 300.0 29 62976.0 65261.0 300.0 300.0
838.2448702731399 36 52939.0 55544.0 300.0 300.0 28 66835.0 70098.0 300.0 300.0
407.2445766992251 11 48543.0 51468.0 300.0 300.0 39 64693.0 66764.0 300.0 300.0
529.0963000274211 33 38513.0 41997.0 300.0 300.0 36 56055.0 58512.0 300.0 300.0
273.4213459638558 17 45602.0 48670.0 300.0 300.0 41 62226.0 64191.0 300.0 300.0
317.1068646477043 29 33972.0 37191.0 300.0 300.0 25 49649.0 52210.0 300.0 300.0
694.8434564537077 54 22237.0 25806.0 300.0 300.0 25 39589.0 42479.0 300.0 300.0
113.01389011969243 16 28174.0 30192.0 300.0 300.0 44 46221.0 48370.0 300.0 300.0
95.70097759111162 60 51711.0 53602.0 300.0 300.0 25 66804.0 70235.0 300.0 300.0
811.5850109749962 38 27155.0 29853.0 300.0 300.0 30 41325.0 44874.0 300.0 300.0
576.9809154480805 28 46473.0 48641.0 300.0 300.0 22 62887.0 66153.0 300.0 300.0
981.5573904015129 29 47056.0 50600.0 300.0 300.0 18 66930.0 69796.0 300.0 300.0
820.7261985278876 17 39777.0 42573.0 300.0 300.0 38 58132.0 60347.0 300.0 300.0
899.5020014027875 25 50002.0 53112.0 300.0 300.0 59 69530.0 72781.0 300.0 300.0
570.5004194439089 32 22846.0 25808.0 300.0 300.0 56 39221.0 41403.0 300.0 300.0
257.26542276632557 14 21564.0 24024.0 300.0 300.0 28 34842.0 37200.0 300.0 300.0
72.0727587856631 50 22447.0 24576.0 300.0 300.0 44 38745.0 41894.0 300.0 300.0
148.34147604417402 56 42100.0 45265.0 300.0 300.0 20 62751.0 64870.0 300.0 300.0
670.7488911207732 15 50352.0 52310.0 300.0 300.0 14 66759.0 69980.0 300.0 300.0
246.87792423605515 11 27110.0 29458.0 300.0 300.0 14 42887.0 46345.0 300.0 300.0
421.78185294063496 59 51606.0 54485.0 300.0 300.0 57 66428.0 69395.0 300.0 300.0
372.5082683077969 34 32833.0 36255.0 300.0 300.0 54 51688.0 54223.0 300.0 300.0
39.8129407808705 19 44198.0 47515.0 300.0 300.0 32 58865.0 61739.0 300.0 300.0
432.6628819723944 52 52772.0 55619.0 300.0 300.0 34 72948.0 76131.0 300.0 300.0
988.6083137766683 38 27512.0 30416.0 300.0 300.0 33 42538.0 45581.0 300.0 300.0
458.6896905871504 55 20566.0 23331.0 300.0 300.0 40 36282.0 39241.0 300.0 300.0
674.1341299061081 46 38205.0 40877.0 300.0 300.0 45 55670.0 57977.0 300.0 300.0
619.5973893340832 16 19533.0 22086.0 300.0 300.0 60 38081.0 41082.0 300.0 300.0
967.2923872692396 41 24592.0 27149.0 300.0 300.0 20 39621.0 42570.0 300.0 300.0
583.5059145076252 45 38231.0 40442.0 300.0 300.0 37 53731.0 56469.0 300.0 300.0
46.83357995657666 13 35436.0 38081.0 300.0 300.0 18 54067.0 57010.0 300.0 300.0
887.2980882089521 56 36164.0 38508.0 300.0 300.0 20 52359.0 54464.0 300.0 300.0
451.86185051855364 29 28909.0 32088.0 300.0 300.0 14 43057.0 44978.0 300.0 300.0
414.23924213155203 41 24173.0 26700.0 300.0 300.0 31 43096.0 45897.0 300.0 300.0
385.11600149379376 48 35418.0 38482.0 300.0 300.0 54 53369.0 55392.0 300.0 300.0
121.57304603081765 52 24616.0 27368.0 300.0 300.0 56 43451.0 46802.0 300.0 300.0
565.3847198584291 35 24486.0 26502.0 300.0 300.0 48 44164.0 46909.0 300.0 300.0
618.7838155706663 15 41886.0 45257.0 300.0 300.0 55 58547.0 60783.0 300.0 300.0
126.91214461328538 53 27963.0 30382.0 300.0 300.0 46 45300.0 47917.0 300.0 300.0
495.1932362022735 52 53539.0 56428.0 300.0 300.0 37 71218.0 73224.0 300.0 300.0
276.7577325208914 38 31775.0 34918.0 300.0 300.0 32 50761.0 53228.0 300.0 300.0
715.0584763057021 52 29944.0 32616.0 300.0 300.0 40 43861.0 46948.0 300.0 300.0
203.4573270230281 27 47092.0 50485.0 300.0 300.0 40 66863.0 68941.0 300.0 300.0
330.95862760808706 56 28129.0 30321.0 300.0 300.0 58 42536.0 45787.0 300.0 300.0
372.0291022854464 41 31483.0 34061.0 300.0 300.0 30 48109.0 50725.0 300.0 300.0
962.9774330710502 49 49955.0 52539.0 300.0 300.0 39 69705.0 72416.0 300.0 300.0
115.79361572664415 40 23939.0 27004.0 300.0 300.0 12 41098.0 43166.0 300.0 300.0
312.3606676599289 30 20985.0 23989.0 300.0 300.0 41 36006.0 39456.0 300.0 300.0
853.4183849922812 25 44756.0 47316.0 300.0 300.0 50 62894.0 64951.0 300.0 300.0
643.6745489055039 31 23782.0 25932.0 300.0 300.0 37 43074.0 45237.0 300.0 300.0
313.2213376226185 50 36795.0 40312.0 300.0 300.0 13 55975.0 58131.0 300.0 300.0
8.118710187197674 48 52001.0 54879.0 300.0 300.0 21 66811.0 69432.0 300.0 300.0
563.6105409642217 27 50475.0 53803.0 300.0 300.0 30 66803.0 70321.0 300.0 300.0
681.0290828281213 52 23560.0 26573.0 300.0 300.0 44 40698.0 44137.0 300.0 300.0
140.51531558146436 52 29530.0 32796.0 300.0 300.0 55 48317.0 51882.0 300.0 300.0
146.59561510834996 52 39546.0 42232.0 300.0 300.0 16 56760.0 60295.0 300.0 300.0
76.06500122832838 40 25924.0 29025.0 300.0 300.0 33 41224.0 43586.0 300.0 300.0
139.6420549492201 14 19199.0 21278.0 300.0 300.0 19 36326.0 38472.0 300.0 300.0
598.2600365142716 22 24690.0 27641.0 300.0 300.0 37 38499.0 41125.0 300.0 300.0
14.573188659605218 55 38265.0 41515.0 300.0 300.0 25 57803.0 61141.0 300.0 300.0
853.9947611346544 28 38566.0 40766.0 300.0 300.0 48 55223.0 58234.0 300.0 300.0
681.263656618111 11 22095.0 24959.0 300.0 300.0 22 36720.0 39637.0 300.0 300.0
356.94709339482444 42 22406.0 25475.0 300.0 300.0 32 42463.0 46031.0 300.0 300.0
762.095647458741 60 18841.0 21824.0 300.0 300.0 30 33583.0 35532.0 300.0 300.0
361.3347915020988 23 37968.0 41038.0 300.0 300.0 60 56749.0 59375.0 300.0 300.0
578.274491534257 11 50678.0 52876.0 300.0 300.0 53 69220.0 71619.0 300.0 300.0
880.5172422074684 31 27018.0 30104.0 300.0 300.0 51 43885.0 46389.0 300.0 300.0
271.06516645179124 40 31865.0 35148.0 300.0 300.0 33 49336.0 51268.0 300.0 300.0
208.43258401790044 31 22108.0 24830.0 300.0 300.0 59 41227.0 44582.0 300.0 300.0
368.1739889795267 36 43221.0 46768.0 300.0 300.0 48 57905.0 61290.0 300.0 300.0
148.8184561780772 52 47960.0 50203.0 300.0 300.0 27 61243.0 63335.0 300.0 300.0
590.0005069399884 58 51717.0 54062.0 300.0 300.0 35 65807.0 68499.0 300.0 300.0
533.3584459349152 36 53375.0 55569.0 300.0 300.0 18 73467.0 76645.0 300.0 300.0
687.1318613610259 47 19998.0 23363.0 300.0 300.0 40 36898.0 39286.0 300.0 300.0
320.9905775162711 11 35926.0 39181.0 300.0 300.0 52 55470.0 57883.0 300.0 300.0
750.846107087838 46 20938.0 24459.0 300.0 300.0 22 40672.0 43172.0 300.0 300.0
656.6464575334029 56 28481.0 31392.0 300.0 300.0 44 44026.0 46796.0 300.0 300.0
243.50930449985142 48 18377.0 21469.0 300.0 300.0 46 38848.0 42276.0 300.0 300.0
753.0761440209479 48 35744.0 37710.0 300.0 300.0 29 50377.0 53504.0 300.0 300.0
65.94594135554743 49 39058.0 42125.0 300.0 300.0 31 54024.0 56179.0 300.0 300.0
602.9416504634248 44 47370.0 49528.0 300.0 300.0 24 60533.0 63487.0 300.0 300.0
283.85850237463427 41 38912.0 41400.0 300.0 300.0 52 54195.0 57154.0 300.0 300.0
73.1957787840255 36 31628.0 34170.0 300.0 300.0 43 47493.0 50254.0 300.0 300.0
754.2720694361614 21 26181.0 28746.0 300.0 300.0 46 44185.0 47138.0 300.0 300.0
357.4428399952051 25 42854.0 45508.0 300.0 300.0 20 62433.0 64918.0 300.0 300.0
264.2607956440445 28 35699.0 38541.0 300.0 300.0 49 51818.0 53946.0 300.0 300.0
526.4161444445242 35 52597.0 54808.0 300.0 300.0 38 72146.0 74072.0 300.0 300.0
965.725794997669 21 24863.0 26856.0 300.0 300.0 56 40827.0 44167.0 300.0 300.0
718.1942752267399 50 53307.0 56775.0 300.0 300.0 26 67813.0 70087.0 300.0 300.0
768.9647260609656 50 48513.0 51329.0 300.0 300.0 36 63305.0 65977.0 300.0 300.0
528.9771057585654 47 27875.0 31396.0 300.0 300.0 50 45395.0 47572.0 300.0 300.0
960.8046436358966 45 31910.0 35369.0 300.0 300.0 52 51847.0 53659.0 300.0 300.0
317.1941697327053 27 29160.0 32500.0 300.0 300.0 42 48909.0 52140.0 300.0 300.0
16.13778886417805 59 43182.0 45141.0 300.0 300.0 21 57594.0 60228.0 300.0 300.0
317.8336375557453 38 25950.0 27943.0 300.0 300.0 27 43989.0 46257.0 300.0 300.0
360.15544808588294 58 46692.0 49812.0 300.0 300.0 48 66371.0 69196.0 300.0 300.0
813.9511117424805 29 44284.0 47507.0 300.0 300.0 49 58638.0 61426.0 300.0 300.0
557.1460294729329 60 24659.0 28160.0 300.0 300.0 49 40851.0 43413.0 300.0 300.0
746.5078896055564 18 52720.0 54657.0 300.0 300.0 47 71758.0 75284.0 300.0 300.0
4.5106107550773045 51 44426.0 46400.0 300.0 300.0 18 63060.0 66011.0 300.0 300.0
414.53439572487525 16 27522.0 30312.0 300.0 300.0 46 41470.0 44571.0 300.0 300.0
11.128481995478111 36 21954.0 25254.0 300.0 300.0 39 40424.0 43965.0 300.0 300.0
662.0348144961253 21 31803.0 34749.0 300.0 300.0 22 50525.0 53341.0 300.0 300.0
60.230726502068734 11 43598.0 45556.0 300.0 300.0 41 59513.0 61449.0 300.0 300.0
737.3279197565557 36 53693.0 56157.0 300.0 300.0 57 71681.0 73975.0 300.0 300.0
880.7337540961059 13 35816.0 38843.0 300.0 300.0 19 51752.0 54219.0 300.0 300.0
900.32466422646 38 47568.0 50164.0 300.0 300.0 57 65681.0 68522.0 300.0 300.0
569.1536228011325 57 32288.0 34614.0 300.0 300.0 52 46802.0 50223.0 300.0 300.0
633.6113477076824 38 25363.0 28718.0 300.0 300.0 32 46356.0 48302.0 300.0 300.0
667.7388075356489 41 44530.0 46986.0 300.0 300.0 51 62743.0 65576.0 300.0 300.0
758.554351489962 20 18844.0 21546.0 300.0 300.0 19 37243.0 39169.0 300.0 300.0
673.6761539999933 21 48648.0 52237.0 300.0 300.0 35 69734.0 71961.0 300.0 300.0
876.7563844640306 53 20444.0 23851.0 300.0 300.0 13 35065.0 37531.0 300.0 300.0
648.870606452213 18 40674.0 43627.0 300.0 300.0 58 58286.0 61450.0 300.0 300.0
843.2387172030759 22 36494.0 39670.0 300.0 300.0 46 56433.0 60030.0 300.0 300.0
248.97218690616262 49 52110.0 53978.0 300.0 300.0 19 71536.0 73578.0 300.0 300.0
658.2401965152226 10 28431.0 31354.0 300.0 300.0 31 47826.0 51358.0 300.0 300.0
782.5033526586865 51 37883.0 40338.0 300.0 300.0 32 58256.0 60131.0 300.0 300.0
451.42204240051177 23 45205.0 48041.0 300.0 300.0 11 61501.0 63893.0 300.0 300.0
643.9758863506839 19 38148.0 41729.0 300.0 300.0 36 58301.0 61751.0 300.0 300.0
571.8417971399755 39 41603.0 44113.0 300.0 300.0 23 61106.0 64005.0 300.0 300.0
296.0054276397756 16 41904.0 44327.0 300.0 300.0 42 55628.0 57611.0 300.0 300.0
119.96885571243476 32 26805.0 30143.0 300.0 300.0 20 41098.0 43061.0 300.0 300.0
671.2371832522977 12 44491.0 46429.0 300.0 300.0 58 62749.0 64942.0 300.0 300.0
229.30149918113975 59 46984.0 48974.0 300.0 300.0 29 62909.0 66412.0 300.0 300.0
551.3619725164484 48 52214.0 55609.0 300.0 300.0 24 71706.0 74434.0 300.0 300.0
674.2225881662183 58 25334.0 27879.0 300.0 300.0 29 44998.0 48341.0 300.0 300.0
892.9814007671928 30 42679.0 46274.0 300.0 300.0 54 60562.0 63377.0 300.0 300.0
831.3874994619052 19 32175.0 34155.0 300.0 300.0 58 47119.0 49304.0 300.0 300.0
803.3000828179944 43 33398.0 36630.0 300.0 300.0 16 50780.0 53195.0 300.0 300.0
22.33915667877373 15 46838.0 50195.0 300.0 300.0 35 63946.0 66502.0 300.0 300.0
626.6831335043706 53 53684.0 57222.0 300.0 300.0 36 72253.0 74660.0 300.0 300.0
917.7276846800665 12 45348.0 48222.0 300.0 300.0 19 62139.0 64241.0 300.0 300.0
449.4958116123444 14 45269.0 48477.0 300.0 300.0 48 66455.0 69814.0 300.0 300.0
75.39223228999015 38 45466.0 47398.0 300.0 300.0 52 58451.0 61531.0 300.0 300.0
938.1896302474081 57 18052.0 20602.0 300.0 300.0 40 35951.0 37946.0 300.0 300.0
136.92916695522229 36 32763.0 36142.0 300.0 300.0 59 52378.0 54334.0 300.0 300.0
326.5430888011438 49 51374.0 53757.0 300.0 300.0 18 68249.0 71164.0 300.0 300.0
525.885384747655 34 51985.0 53901.0 300.0 300.0 24 65142.0 67377.0 300.0 300.0
203.90663557972434 39 49613.0 52334.0 300.0 300.0 52 66435.0 69508.0 300.0 300.0
215.42140778043873 49 20117.0 22801.0 300.0 300.0 30 38618.0 42207.0 300.0 300.0
528.216734878868 60 37062.0 39998.0 300.0 300.0 17 52276.0 55193.0 300.0 300.0
788.5958905763287 15 47186.0 50350.0 300.0 300.0 42 63737.0 66527.0 300.0 300.0
605.785221297697 50 27289.0 29174.0 300.0 300.0 10 40290.0 42099.0 300.0 300.0
359.1234859333331 43 38844.0 42071.0 300.0 300.0 16 57964.0 61049.0 300.0 300.0
114.16314134223494 58 36691.0 38494.0 300.0 300.0 38 54912.0 57395.0 300.0 300.0
197.7137504914157 26 50909.0 54123.0 300.0 300.0 39 71231.0 73584.0 300.0 300.0
173.82580154277406 12 51853.0 54710.0 300.0 300.0 11 68080.0 70257.0 300.0 300.0
96.4501260773173 48 21185.0 23239.0 300.0 300.0 30 34753.0 37334.0 300.0 300.0
937.5034734614001 52 22868.0 26074.0 300.0 300.0 60 36997.0 39755.0 300.0 300.0
563.0285909491696 48 27558.0 29420.0 300.0 300.0 53 40757.0 44151.0 300.0 300.0
710.5406866324232 49 33753.0 36415.0 300.0 300.0 52 52255.0 54970.0 300.0 300.0
64.33436641907886 36 34389.0 36362.0 300.0 300.0 23 51289.0 54779.0 300.0 300.0
648.9364822703719 34 52731.0 55027.0 300.0 300.0 55 66320.0 69854.0 300.0 300.0
415.4561022129398 20 20958.0 23496.0 300.0 300.0 53 38508.0 40828.0 300.0 300.0
120.29467324769027 13 40174.0 42129.0 300.0 300.0 35 55849.0 57915.0 300.0 300.0
450.8601265108926 31 46890.0 50235.0 300.0 300.0 14 64276.0 67270.0 300.0 300.0
732.7786880056782 54 49347.0 51738.0 300.0 300.0 43 67492.0 69379.0 300.0 300.0
718.485087612078 12 41312.0 44214.0 300.0 300.0 48 60542.0 63141.0 300.0 300.0
323.6682281696694 14 18513.0 21887.0 300.0 300.0 10 37298.0 40055.0 300.0 300.0
738.7606419221195 16 21570.0 23688.0 300.0 300.0 35 34739.0 36775.0 300.0 300.0
196.98205037152348 49 44220.0 47487.0 300.0 300.0 24 58758.0 60720.0 300.0 300.0
487.16473946920235 40 18744.0 21461.0 300.0 300.0 27 36013.0 39389.0 300.0 300.0
62.96584901979496 38 45268.0 47172.0 300.0 300.0 40 60947.0 63825.0 300.0 300.0
43.4538870527299 22 41466.0 44671.0 300.0 300.0 20 60218.0 62514.0 300.0 300.0
274.52045561704165 19 39643.0 41691.0 300.0 300.0 48 55366.0 57550.0 300.0 300.0
640.0411748110165 59 19566.0 23061.0 300.0 300.0 21 37591.0 40879.0 300.0 300.0
499.7170093687908 14 28080.0 30381.0 300.0 300.0 23 46201.0 49201.0 300.0 300.0
707.4492404745203 14 27280.0 29644.0 300.0 300.0 19 46100.0 48780.0 300.0 300.0
197.63770797662295 31 23340.0 26547.0 300.0 300.0 37 42846.0 46225.0 300.0 300.0
511.9912471553816 42 36885.0 39611.0 300.0 300.0 48 51358.0 54698.0 300.0 300.0
568.4957504844508 58 30259.0 32592.0 300.0 300.0 36 49555.0 51472.0 300.0 300.0
899.8746927694241 26 52064.0 54797.0 300.0 300.0 47 66346.0 68375.0 300.0 300.0
779.3018990011061 46 42343.0 44558.0 300.0 300.0 48 56910.0 60122.0 300.0 300.0
777.1906166153909 39 40578.0 42580.0 300.0 300.0 21 57650.0 61073.0 300.0 300.0
583.6094957679363 54 19596.0 22950.0 300.0 300.0 40 36048.0 38233.0 300.0 300.0
775.537040191702 47 40204.0 42489.0 300.0 300.0 34 59344.0 61980.0 300.0 300.0
177.81176281819867 43 30481.0 34066.0 300.0 300.0 59 48075.0 50423.0 300.0 300.0
71.49242651227871 47 30881.0 33652.0 300.0 300.0 58 47635.0 50763.0 300.0 300.0
596.1857106799742 37 46612.0 50040.0 300.0 300.0 39 65654.0 68181.0 300.0 300.0
272.34205666959764 40 35562.0 38756.0 300.0 300.0 34 53016.0 56462.0 300.0 300.0
830.8529631428773 22 40129.0 42176.0 300.0 300.0 29 57396.0 60244.0 300.0 300.0
362.281389340946 50 40998.0 44264.0 300.0 300.0 18 55415.0 58310.0 300.0 300.0
468.910843932839 36 27616.0 30782.0 300.0 300.0 25 48678.0 51026.0 300.0 300.0
869.0658035429344 50 21180.0 23053.0 300.0 300.0 55 39713.0 42542.0 300.0 300.0
124.40330808745026 25 18021.0 21019.0 300.0 300.0 26 33965.0 36258.0 300.0 300.0
91.4078187553915 27 45118.0 47324.0 300.0 300.0 29 64893.0 68000.0 300.0 300.0
574.152828275614 58 41051.0 43964.0 300.0 300.0 42 58140.0 60358.0 300.0 300.0
587.3817676863598 56 38402.0 40859.0 300.0 300.0 24 56472.0 59767.0 300.0 300.0
909.737678054349 19 47005.0 48904.0 300.0 300.0 20 65177.0 67624.0 300.0 300.0
313.0949816668629 32 53121.0 55546.0 300.0 300.0 49 72281.0 74289.0 300.0 300.0
428.42481611398233 36 33560.0 36041.0 300.0 300.0 19 53731.0 56365.0 300.0 300.0
202.7133663456322 45 30573.0 32954.0 300.0 300.0 59 49583.0 51491.0 300.0 300.0
498.38505636058636 19 30459.0 33632.0 300.0 300.0 58 51358.0 54357.0 300.0 300.0
463.75175612734677 43 51990.0 55089.0 300.0 300.0 15 70149.0 72134.0 300.0 300.0
452.1245215397617 59 31081.0 34539.0 300.0 300.0 30 45935.0 48254.0 300.0 300.0
27.894376971484114 18 41689.0 44081.0 300.0 300.0 25 57632.0 61126.0 300.0 300.0
250.24115881675112 59 43943.0 47357.0 300.0 300.0 44 65159.0 68233.0 300.0 300.0
34.41254592817822 58 46610.0 50071.0 300.0 300.0 59 62113.0 64826.0 300.0 300.0
388.21014866937844 24 43967.0 46458.0 300.0 300.0 20 59825.0 61979.0 300.0 300.0
751.7851999961533 52 21407.0 24099.0 300.0 300.0 16 40962.0 43137.0 300.0 300.0
324.14267461407843 59 19283.0 21242.0 300.0 300.0 38 36209.0 38091.0 300.0 300.0
269.0644286214595 15 27095.0 29238.0 300.0 300.0 53 46923.0 49316.0 300.0 300.0
726.9502127893799 27 43754.0 45924.0 300.0 300.0 18 60290.0 62909.0 300.0 300.0
651.9056840831006 57 32792.0 34693.0 300.0 300.0 20 50087.0 52152.0 300.0 300.0
583.0595398864659 24 31810.0 34642.0 300.0 300.0 41 45818.0 49042.0 300.0 300.0
83.41156367948966 12 46186.0 49363.0 300.0 300.0 41 63851.0 66440.0 300.0 300.0
766.111186826193 59 28660.0 31703.0 300.0 300.0 36 48496.0 51088.0 300.0 300.0
55.809992337932044 30 43987.0 46134.0 300.0 300.0 23 63574.0 65789.0 300.0 300.0
37.664109733131504 40 43931.0 46889.0 300.0 300.0 11 58694.0 62155.0 300.0 300.0
688.6651768496064 44 36532.0 39121.0 300.0 300.0 30 54345.0 56908.0 300.0 300.0
686.9240844163936 24 49249.0 52024.0 300.0 300.0 45 67109.0 69655.0 300.0 300.0
200.34328011231716 15 45668.0 48586.0 300.0 300.0 28 61668.0 64992.0 300.0 300.0
572.3871768471618 21 21443.0 23426.0 300.0 300.0 57 37220.0 40674.0 300.0 300.0
913.7368711651322 24 53755.0 56904.0 300.0 300.0 30 68049.0 70632.0 300.0 300.0
245.89621464955235 16 26910.0 29032.0 300.0 300.0 54 41924.0 45474.0 300.0 300.0
631.0829111942337 42 32741.0 35902.0 300.0 300.0 38 48317.0 50188.0 300.0 300.0
27.172755270835292 53 35192.0 38694.0 300.0 300.0 14 50911.0 53998.0 300.0 300.0
946.7521342237286 47 49246.0 52048.0 300.0 300.0 25 65541.0 68098.0 300.0 300.0
371.0127321027995 50 21909.0 25154.0 300.0 300.0 29 38372.0 40431.0 300.0 300.0
996.1825975718633 10 29153.0 32312.0 300.0 300.0 24 45599.0 48615.0 300.0 300.0
5.994349830065859 28 41722.0 44188.0 300.0 300.0 45 56527.0 58778.0 300.0 300.0
163.08970034120972 34 32478.0 35309.0 300.0 300.0 56 51445.0 54652.0 300.0 300.0
108.09758336441023 46 18737.0 22328.0 300.0 300.0 39 36382.0 38387.0 300.0 300.0
519.5003524285547 34 47018.0 49080.0 300.0 300.0 46 66920.0 69389.0 300.0 300.0
49.79826923725994 58 34417.0 36700.0 300.0 300.0 21 49281.0 52560.0 300.0 300.0
872.1917045956387 41 24424.0 27466.0 300.0 300.0 20 45239.0 48802.0 300.0 300.0
989.0811422301807 16 18327.0 20458.0 300.0 300.0 38 32586.0 35688.0 300.0 300.0
587.3063378276487 41 23456.0 25505.0 300.0 300.0 56 38286.0 41790.0 300.0 300.0
46.8895261134451 28 39509.0 42497.0 300.0 300.0 23 59539.0 61602.0 300.0 300.0
199.17860343640737 26 39239.0 42320.0 300.0 300.0 59 56550.0 58665.0 300.0 300.0
988.6473723726145 30 31437.0 34337.0 300.0 300.0 45 46739.0 49114.0 300.0 300.0
751.0301122314371 18 46585.0 48560.0 300.0 300.0 32 66499.0 68313.0 300.0 300.0
957.8787968184133 54 30894.0 32749.0 300.0 300.0 29 46029.0 48632.0 300.0 300.0
919.8417526552832 31 40924.0 43265.0 300.0 300.0 18 55597.0 58194.0 300.0 300.0
799.2111990749914 58 27093.0 29607.0 300.0 300.0 22 47448.0 49550.0 300.0 300.0
35.4211207771058 45 18087.0 21588.0 300.0 300.0 36 34470.0 37451.0 300.0 300.0
105.1598110039852 25 22305.0 24571.0 300.0 300.0 19 40462.0 43973.0 300.0 300.0
888.8758794440664 44 25028.0 27998.0 300.0 300.0 42 42483.0 45319.0 300.0 300.0
186.4018739977682 43 24453.0 26313.0 300.0 300.0 20 38040.0 40721.0 300.0 300.0
747.1603459124653 17 19540.0 22431.0 300.0 300.0 20 40143.0 42107.0 300.0 300.0
418.48805762703745 52 40756.0 43955.0 300.0 300.0 32 60144.0 62120.0 300.0 300.0
741.2522838047789 30 28721.0 31514.0 300.0 300.0 42 48308.0 51734.0 300.0 300.0
688.2059923331061 53 37814.0 39724.0 300.0 300.0 34 54549.0 56791.0 300.0 300.0
3.3748773779213037 39 25443.0 28746.0 300.0 300.0 31 46092.0 48211.0 300.0 300.0
138.58351785127022 14 47485.0 50644.0 300.0 300.0 26 66139.0 68357.0 300.0 300.0
805.4233779830286 22 19695.0 21741.0 300.0 300.0 34 36512.0 40016.0 300.0 300.0
890.6493292040165 37 40693.0 43972.0 300.0 300.0 56 57001.0 58985.0 300.0 300.0
942.6714391607313 28 29391.0 31237.0 300.0 300.0 11 48911.0 52144.0 300.0 300.0
559.7816250798624 35 35763.0 38461.0 300.0 300.0 29 54113.0 57516.0 300.0 300.0
644.5872598403798 22 39345.0 42382.0 300.0 300.0 35 56270.0 58239.0 300.0 300.0
951.3740933120922 43 30016.0 31947.0 300.0 300.0 18 48600.0 51301.0 300.0 300.0
43.21898619321518 28 49314.0 52562.0 300.0 300.0 41 70085.0 71922.0 300.0 300.0
440.60818082424544 44 30980.0 34320.0 300.0 300.0 28 45854.0 49013.0 300.0 300.0
338.53129146914927 54 22577.0 25204.0 300.0 300.0 33 36247.0 39495.0 300.0 300.0
949.6940935626484 26 41421.0 44681.0 300.0 300.0 60 61349.0 64036.0 300.0 300.0
153.07429561356435 44 45032.0 47467.0 300.0 300.0 31 63687.0 66982.0 300.0 300.0
727.7554328202067 35 23337.0 25537.0 300.0 300.0 12 39521.0 41440.0 300.0 300.0
533.611379313752 19 21318.0 24035.0 300.0 300.0 24 36980.0 39052.0 300.0 300.0
17.687241698060575 20 23535.0 27088.0 300.0 300.0 50 44908.0 48411.0 300.0 300.0
737.3587863154835 56 32510.0 35400.0 300.0 300.0 59 48964.0 51247.0 300.0 300.0
224.28829147815588 49 41247.0 44515.0 300.0 300.0 12 58827.0 61913.0 300.0 300.0
422.2139078925361 31 45475.0 49050.0 300.0 300.0 43 63234.0 66434.0 300.0 300.0
51.61132543651903 47 38799.0 41864.0 300.0 300.0 52 54132.0 57530.0 300.0 300.0
465.05890592649223 23 38342.0 41052.0 300.0 300.0 30 58377.0 61119.0 300.0 300.0
787.0109773415716 21 48199.0 50196.0 300.0 300.0 59 65300.0 67799.0 300.0 300.0
165.58555086110306 20 19543.0 21987.0 300.0 300.0 17 33244.0 36076.0 300.0 300.0
116.40541006987182 10 53008.0 55899.0 300.0 300.0 60 69083.0 71137.0 300.0 300.0
595.1360729545906 58 20865.0 23833.0 300.0 300.0 56 38108.0 40932.0 300.0 300.0
560.7761795983893 27 25412.0 28684.0 300.0 300.0 60 40619.0 42438.0 300.0 300.0
845.2056892732512 21 43472.0 46108.0 300.0 300.0 32 63596.0 66468.0 300.0 300.0
438.26587484507576 50 33229.0 36665.0 300.0 300.0 54 52432.0 54256.0 300.0 300.0
677.2969182510694 12 51155.0 54118.0 300.0 300.0 16 69975.0 72678.0 300.0 300.0
649.1203038851803 36 38965.0 41698.0 300.0 300.0 23 58241.0 60584.0 300.0 300.0
817.9148064151555 24 34662.0 36774.0 300.0 300.0 37 50065.0 53506.0 300.0 300.0
131.26282962858338 42 46074.0 48899.0 300.0 300.0 27 64616.0 67512.0 300.0 300.0
857.1876923398677 22 33853.0 36690.0 300.0 300.0 28 54313.0 57554.0 300.0 300.0
480.9597605561723 14 47417.0 50830.0 300.0 300.0 59 65470.0 68325.0 300.0 300.0
358.8019237620168 22 18059.0 21365.0 300.0 300.0 60 32180.0 34335.0 300.0 300.0
523.6888763841322 17 27567.0 29949.0 300.0 300.0 41 43120.0 45612.0 300.0 300.0
568.9420082583085 27 50316.0 53682.0 300.0 300.0 11 67501.0 69638.0 300.0 300.0
962.1851032060817 13 44068.0 47216.0 300.0 300.0 32 61837.0 63669.0 300.0 300.0
703.3923900390921 30 47342.0 50131.0 300.0 300.0 19 67584.0 69435.0 300.0 300.0
138.30889216085674 53 25893.0 28178.0 300.0 300.0 16 40388.0 43680.0 300.0 300.0
609.9236112536024 34 41035.0 44537.0 300.0 300.0 46 56221.0 59423.0 300.0 300.0
298.84121786306196 50 39051.0 41280.0 300.0 300.0 51 57274.0 59268.0 300.0 300.0
46.96729410691991 43 46083.0 48872.0 300.0 300.0 56 65745.0 69146.0 300.0 300.0
37.90626855555579 10 39347.0 42766.0 300.0 300.0 54 60762.0 63657.0 300.0 300.0
523.1716568556463 46 46587.0 49832.0 300.0 300.0 55 64436.0 67355.0 300.0 300.0
145.1832670510893 13 42364.0 44932.0 300.0 300.0 47 62775.0 66244.0 300.0 300.0
723.8838512538493 35 37485.0 40856.0 300.0 300.0 14 52451.0 55972.0 300.0 300.0
373.4973999454948 55 23592.0 26428.0 300.0 300.0 10 40864.0 43110.0 300.0 300.0
862.468376680301 28 20581.0 23651.0 300.0 300.0 48 39681.0 42628.0 300.0 300.0
465.2499482784057 14 53719.0 57252.0 300.0 300.0 42 68131.0 70871.0 300.0 300.0
673.556260275368 42 32970.0 35886.0 300.0 300.0 34 47561.0 50701.0 300.0 300.0
567.3125417153345 19 41106.0 43276.0 300.0 300.0 10 55235.0 57553.0 300.0 300.0
283.1142901973719 28 26100.0 29576.0 300.0 300.0 45 45738.0 48193.0 300.0 300.0
200.69674565543417 34 34773.0 37926.0 300.0 300.0 27 52843.0 56420.0 300.0 300.0
402.2946476298863 50 53348.0 56830.0 300.0 300.0 12 69809.0 72844.0 300.0 300.0
626.1183989967975 24 31253.0 33717.0 300.0 300.0 58 45932.0 47802.0 300.0 300.0
488.4097506709435 22 49112.0 51610.0 300.0 300.0 12 64162.0 67289.0 300.0 300.0
510.48386050845676 10 41801.0 44866.0 300.0 300.0 45 62466.0 64724.0 300.0 300.0
971.4891428446751 12 41730.0 45233.0 300.0 300.0 13 63034.0 66026.0 300.0 300.0
612.6836762248704 57 19930.0 22365.0 300.0 300.0 43 37859.0 40329.0 300.0 300.0
867.5053081800601 42 44128.0 47210.0 300.0 300.0 10 58593.0 61204.0 300.0 300.0
989.6146734995954 34 52327.0 54256.0 300.0 300.0 40 65476.0 69064.0 300.0 300.0
82.66552509906356 16 34548.0 37478.0 300.0 300.0 10 54939.0 57514.0 300.0 300.0
304.16574697894015 22 47041.0 49756.0 300.0 300.0 17 60834.0 63653.0 300.0 300.0
184.69826454325457 58 21068.0 23253.0 300.0 300.0 21 35780.0 38011.0 300.0 300.0
884.472600720478 38 47473.0 50344.0 300.0 300.0 31 67564.0 69516.0 300.0 300.0
88.72732066279177 55 42217.0 45112.0 300.0 300.0 52 58052.0 61275.0 300.0 300.0
535.9230871040251 27 32322.0 35820.0 300.0 300.0 33 46690.0 48561.0 300.0 300.0
923.41596347352 37 47878.0 51079.0 300.0 300.0 21 64070.0 67070.0 300.0 300.0
901.4051819500913 33 48976.0 51660.0 300.0 300.0 53 63400.0 66782.0 300.0 300.0
738.2387113711796 17 37949.0 40833.0 300.0 300.0 59 53275.0 55397.0 300.0 300.0
667.7346586356414 34 21091.0 24680.0 300.0 300.0 17 39661.0 42843.0 300.0 300.0
850.0412465492149 59 44868.0 47635.0 300.0 300.0 38 59340.0 62413.0 300.0 300.0
753.0564904367153 13 43838.0 46549.0 300.0 300.0 14 59606.0 63166.0 300.0 300.0
655.8916454593939 29 22130.0 24220.0 300.0 300.0 38 42156.0 44362.0 300.0 300.0
16.6340673841866 56 31511.0 35019.0 300.0 300.0 25 46293.0 48913.0 300.0 300.0
43.3987141363501 23 48066.0 51293.0 300.0 300.0 59 65318.0 68261.0 300.0 300.0
103.54987247627389 36 52507.0 55195.0 300.0 300.0 55 72700.0 75320.0 300.0 300.0
977.3393026695095 42 48403.0 50208.0 300.0 300.0 46 65732.0 68599.0 300.0 300.0
976.5426855431317 57 23765.0 26191.0 300.0 300.0 46 44135.0 47622.0 300.0 300.0
35.1354322092875 11 52076.0 54444.0 300.0 300.0 52 66270.0 68709.0 300.0 300.0
58.97499590073352 57 36232.0 39098.0 300.0 300.0 33 50960.0 53469.0 300.0 300.0
190.36765827220037 14 42246.0 44330.0 300.0 300.0 35 61923.0 64056.0 300.0 300.0
889.6128072302067 13 45302.0 48310.0 300.0 300.0 33 64946.0 68533.0 300.0 300.0
824.3928256020915 21 43984.0 47162.0 300.0 300.0 36 60008.0 62616.0 300.0 300.0
803.7346745407177 10 19954.0 23139.0 300.0 300.0 58 41075.0 43302.0 300.0 300.0
86.91527405066269 27 41337.0 44319.0 300.0 300.0 17 60548.0 63362.0 300.0 300.0
547.6680824580446 43 30874.0 33573.0 300.0 300.0 59 46281.0 49151.0 300.0 300.0
367.0814953777405 39 44812.0 47574.0 300.0 300.0 16 62747.0 66025.0 300.0 300.0
406.1582984141587 22 28565.0 31317.0 300.0 300.0 24 49307.0 52639.0 300.0 300.0
801.7413005867994 32 43357.0 45891.0 300.0 300.0 19 63176.0 65130.0 300.0 300.0
484.3554586777338 11 31583.0 33704.0 300.0 300.0 46 50070.0 53230.0 300.0 300.0
695.7339419426228 58 51816.0 55216.0 300.0 300.0 37 72539.0 75887.0 300.0 300.0
208.3906818756319 11 40837.0 43971.0 300.0 300.0 38 57703.0 59959.0 300.0 300.0
203.57986022375763 48 37170.0 39572.0 300.0 300.0 25 56281.0 59849.0 300.0 300.0
969.5990543211458 24 25495.0 28543.0 300.0 300.0 52 40394.0 42971.0 300.0 300.0
100.32467629377051 56 39647.0 42849.0 300.0 300.0 35 58576.0 61434.0 300.0 300.0
575.9160157043192 25 32555.0 36148.0 300.0 300.0 19 47455.0 50661.0 300.0 300.0
413.4089658251745 50 49409.0 52482.0 300.0 300.0 12 67105.0 69278.0 300.0 300.0
837.6731665925959 24 43595.0 46983.0 300.0 300.0 10 60762.0 63452.0 300.0 300.0
793.6114692500116 56 18919.0 21071.0 300.0 300.0 32 37800.0 40081.0 300.0 300.0
111.17904142017699 42 28600.0 31265.0 300.0 300.0 14 44376.0 46191.0 300.0 300.0
952.0002512242887 14 40540.0 44055.0 300.0 300.0 18 60484.0 63233.0 300.0 300.0
968.688022453035 22 44973.0 47141.0 300.0 300.0 49 61001.0 63768.0 300.0 300.0
196.46479252874417 56 35211.0 37687.0 300.0 300.0 59 50053.0 52577.0 300.0 300.0
733.616442655152 56 20710.0 23004.0 300.0 300.0 58 33932.0 37421.0 300.0 300.0
965.2057256422445 33 52317.0 54198.0 300.0 300.0 29 67015.0 70387.0 300.0 300.0
400.50870706211805 38 50074.0 52140.0 300.0 300.0 29 64915.0 67181.0 300.0 300.0
409.3174686917228 24 27816.0 30716.0 300.0 300.0 56 43128.0 46716.0 300.0 300.0
295.013227860793 19 29608.0 33192.0 300.0 300.0 36 44030.0 47596.0 300.0 300.0
140.47616359316817 27 18331.0 21649.0 300.0 300.0 56 39571.0 42346.0 300.0 300.0
674.1040687266127 11 26731.0 30123.0 300.0 300.0 42 44132.0 46597.0 300.0 300.0
585.2798910406453 42 51754.0 54985.0 300.0 300.0 33 68638.0 71067.0 300.0 300.0
634.4504881217379 17 20928.0 22758.0 300.0 300.0 44 34694.0 38122.0 300.0 300.0
311.89518178483144 39 24947.0 27695.0 300.0 300.0 32 44679.0 47098.0 300.0 300.0
110.04863147328425 56 24379.0 26346.0 300.0 300.0 26 43492.0 45955.0 300.0 300.0
788.6307158158862 51 50632.0 52774.0 300.0 300.0 58 65750.0 68631.0 300.0 300.0
181.2126960930338 27 20060.0 21985.0 300.0 300.0 48 33637.0 36023.0 300.0 300.0
353.55203025064384 59 43476.0 46097.0 300.0 300.0 19 63511.0 65833.0 300.0 300.0
277.37810603437487 17 35491.0 38758.0 300.0 300.0 32 56499.0 58638.0 300.0 300.0
509.30677509198483 11 47882.0 50132.0 300.0 300.0 19 62992.0 65541.0 300.0 300.0
386.8735644021213 54 19562.0 22379.0 300.0 300.0 33 38350.0 40979.0 300.0 300.0
782.3650238415352 16 49744.0 52470.0 300.0 300.0 46 66518.0 69825.0 300.0 300.0
948.2244308277546 32 25708.0 29272.0 300.0 300.0 46 44758.0 47544.0 300.0 300.0
309.6798695306825 50 35697.0 38606.0 300.0 300.0 46 55235.0 57479.0 300.0 300.0
409.3818778463667 16 50176.0 52351.0 300.0 300.0 40 69874.0 72869.0 300.0 300.0
531.5068242009902 48 20537.0 22552.0 300.0 300.0 40 40366.0 42478.0 300.0 300.0
332.6337475708165 26 23516.0 26397.0 300.0 300.0 14 42395.0 45845.0 300.0 300.0
104.32267169283772 55 32722.0 35721.0 300.0 300.0 37 50102.0 53142.0 300.0 300.0
582.3197476478119 18 32818.0 35291.0 300.0 300.0 50 46548.0 49869.0 300.0 300.0
614.3718702977966 40 19493.0 22598.0 300.0 300.0 49 40489.0 42972.0 300.0 300.0
357.6967750108457 56 40520.0 43854.0 300.0 300.0 57 56723.0 59091.0 300.0 300.0
316.6293104770025 36 37073.0 39330.0 300.0 300.0 16 51757.0 54125.0 300.0 300.0
281.60759836901593 44 20017.0 22293.0 300.0 300.0 28 37440.0 39493.0 300.0 300.0
876.564894179226 51 38019.0 41136.0 300.0 300.0 30 58204.0 61252.0 300.0 300.0
193.59804326839614 32 48485.0 50412.0 300.0 300.0 14 63807.0 66757.0 300.0 300.0
618.0712211712033 36 52736.0 55360.0 300.0 300.0 55 69935.0 72725.0 300.0 300.0
849.7813987313981 37 31347.0 33870.0 300.0 300.0 35 45197.0 47346.0 300.0 300.0
729.679182651985 51 31703.0 34021.0 300.0 300.0 21 45191.0 47721.0 300.0 300.0
136.41625960809668 56 45263.0 47626.0 300.0 300.0 51 61504.0 65040.0 300.0 300.0
136.53155496553416 39 34711.0 37105.0 300.0 300.0 53 49395.0 52693.0 300.0 300.0
254.56957231830702 21 36308.0 39621.0 300.0 300.0 29 55932.0 57951.0 300.0 300.0
675.6717752216906 56 25434.0 28121.0 300.0 300.0 19 41103.0 43331.0 300.0 300.0
333.48583821830056 58 46604.0 49174.0 300.0 300.0 41 63864.0 66045.0 300.0 300.0
919.5771960933836 47 29416.0 32674.0 300.0 300.0 10 47256.0 49944.0 300.0 300.0
143.84846599511945 40 23874.0 26659.0 300.0 300.0 20 38297.0 41303.0 300.0 300.0
564.4319715678246 57 51083.0 52895.0 300.0 300.0 49 65982.0 68324.0 300.0 300.0
681.8546777336234 40 40526.0 43415.0 300.0 300.0 45 57959.0 61060.0 300.0 300.0
56.68984145033795 31 38002.0 39861.0 300.0 300.0 35 52163.0 54669.0 300.0 300.0
913.156764180947 24 40605.0 43504.0 300.0 300.0 19 54663.0 56835.0 300.0 300.0
879.6787918559876 31 30077.0 31996.0 300.0 300.0 17 49073.0 52646.0 300.0 300.0
543.8513626209248 58 31573.0 33573.0 300.0 300.0 46 47212.0 50248.0 300.0 300.0
201.39300447670394 30 45106.0 47581.0 300.0 300.0 50 62551.0 65115.0 300.0 300.0
324.80081586102295 33 38751.0 41410.0 300.0 300.0 32 54342.0 56283.0 300.0 300.0
919.612017763766 11 51616.0 53982.0 300.0 300.0 41 68515.0 70880.0 300.0 300.0
706.0003314202735 14 31715.0 34224.0 300.0 300.0 42 46400.0 49893.0 300.0 300.0
289.87483296296614 29 30429.0 33328.0 300.0 300.0 22 47299.0 50223.0 300.0 300.0
109.1843245227605 44 36180.0 38067.0 300.0 300.0 59 51025.0 53621.0 300.0 300.0
528.7799922090342 45 25502.0 28698.0 300.0 300.0 46 42932.0 45625.0 300.0 300.0
258.50080064671977 18 51010.0 54438.0 300.0 300.0 32 70131.0 72881.0 300.0 300.0
27.121377066692375 32 27185.0 30034.0 300.0 300.0 22 45790.0 48635.0 300.0 300.0
839.3477307701636 59 39263.0 41844.0 300.0 300.0 60 59159.0 62711.0 300.0 300.0
46.41757248378353 26 22691.0 25723.0 300.0 300.0 45 39177.0 41918.0 300.0 300.0
792.2114521898469 19 48380.0 51794.0 300.0 300.0 28 66846.0 69334.0 300.0 300.0
204.73892072047738 29 42074.0 45236.0 300.0 300.0 13 60015.0 62537.0 300.0 300.0
198.80386504057512 25 53978.0 56264.0 300.0 300.0 40 71067.0 74495.0 300.0 300.0
364.04528288278834 40 44693.0 47780.0 300.0 300.0 32 63238.0 66464.0 300.0 300.0
498.55975322612835 26 32939.0 34865.0 300.0 300.0 16 47488.0 50771.0 300.0 300.0
126.55742028091088 10 21824.0 23626.0 300.0 300.0 27 34858.0 37426.0 300.0 300.0
560.6079427832148 53 33575.0 36918.0 300.0 300.0 12 49665.0 52470.0 300.0 300.0
431.4109696775563 57 24801.0 27450.0 300.0 300.0 34 45345.0 48579.0 300.0 300.0
415.021014385396 46 51274.0 53568.0 300.0 300.0 50 67703.0 71266.0 300.0 300.0
348.7722138924362 32 33705.0 37042.0 300.0 300.0 39 52921.0 55315.0 300.0 300.0
562.2019103756477 57 51005.0 54543.0 300.0 300.0 41 66219.0 68088.0 300.0 300.0
214.893608370199 30 35906.0 39311.0 300.0 300.0 47 53818.0 57400.0 300.0 300.0
184.78909628010476 54 23962.0 26720.0 300.0 300.0 15 42847.0 46394.0 300.0 300.0
590.7942334258796 24 25586.0 28131.0 300.0 300.0 56 42109.0 44196.0 300.0 300.0
95.92434976053066 15 37152.0 40611.0 300.0 300.0 23 54487.0 57879.0 300.0 300.0
996.2781519874178 27 21274.0 23880.0 300.0 300.0 20 39452.0 42917.0 300.0 300.0
293.98718224722376 50 53282.0 55851.0 300.0 300.0 14 73452.0 76362.0 300.0 300.0
41.14363368501983 51 41180.0 44565.0 300.0 300.0 54 62039.0 64263.0 300.0 300.0
839.1791033968088 38 51508.0 54426.0 300.0 300.0 25 67108.0 69662.0 300.0 300.0
2.349709584821058 44 36160.0 39357.0 300.0 300.0 16 53115.0 56331.0 300.0 300.0
813.2433505756125 10 33719.0 36214.0 300.0 300.0 48 50728.0 53472.0 300.0 300.0
369.63557726309136 28 44071.0 46891.0 300.0 300.0 51 61560.0 64586.0 300.0 300.0
121.10670049763783 25 22537.0 24906.0 300.0 300.0 55 37841.0 39894.0 300.0 300.0
677.0436544287415 28 49527.0 52266.0 300.0 300.0 34 63666.0 66100.0 300.0 300.0
202.68284567794925 56 33311.0 36193.0 300.0 300.0 44 49332.0 52579.0 300.0 300.0
562.7710402651308 10 29904.0 31772.0 300.0 300.0 44 49114.0 52098.0 300.0 300.0
564.205009363297 16 22306.0 25015.0 300.0 300.0 30 38310.0 41586.0 300.0 300.0
447.9283276283836 25 42377.0 45751.0 300.0 300.0 21 58577.0 61041.0 300.0 300.0
740.3647741449521 26 41235.0 43515.0 300.0 300.0 31 57033.0 59216.0 300.0 300.0
223.6594423532684 38 47862.0 51028.0 300.0 300.0 11 67476.0 69592.0 300.0 300.0
549.6964925917484 40 36325.0 39686.0 300.0 300.0 28 52712.0 54607.0 300.0 300.0
597.5850106082459 12 44335.0 46821.0 300.0 300.0 34 59867.0 62044.0 300.0 300.0
603.9179864893578 41 23260.0 25883.0 300.0 300.0 29 38678.0 41055.0 300.0 300.0
220.96423536573383 15 34064.0 36603.0 300.0 300.0 21 52033.0 54902.0 300.0 300.0
134.5414011492664 32 26628.0 28673.0 300.0 300.0 53 43083.0 46260.0 300.0 300.0
827.9897375470437 18 49144.0 51304.0 300.0 300.0 27 65002.0 67778.0 300.0 300.0
573.6075095201521 43 43787.0 46203.0 300.0 300.0 50 60719.0 63055.0 300.0 300.0
533.2762352228592 47 44996.0 48065.0 300.0 300.0 23 58974.0 61933.0 300.0 300.0
595.8474215693351 42 24210.0 27515.0 300.0 300.0 17 43026.0 46044.0 300.0 300.0
302.290177520946 52 38582.0 40511.0 300.0 300.0 49 52446.0 55260.0 300.0 300.0
732.2888590676257 12 37174.0 39883.0 300.0 300.0 13 52825.0 54920.0 300.0 300.0
815.984225202929 36 48396.0 50578.0 300.0 300.0 15 65370.0 68955.0 300.0 300.0
295.0283717510379 39 21827.0 23964.0 300.0 300.0 41 35208.0 38707.0 300.0 300.0
363.4099790117095 16 47087.0 50251.0 300.0 300.0 37 61782.0 63855.0 300.0 300.0
413.68516808462874 12 37877.0 41433.0 300.0 300.0 42 57070.0 60242.0 300.0 300.0
617.1253190232171 24 30194.0 32662.0 300.0 300.0 38 49093.0 50955.0 300.0 300.0
39.41542388468289 45 29948.0 33524.0 300.0 300.0 58 48554.0 50544.0 300.0 300.0
762.7018171103691 18 35999.0 39130.0 300.0 300.0 27 55302.0 57235.0 300.0 300.0
995.1474217758366 38 24690.0 26590.0 300.0 300.0 14 39924.0 42460.0 300.0 300.0
286.8630410313966 46 49193.0 51769.0 300.0 300.0 19 62763.0 65868.0 300.0 300.0
573.1267150526223 36 43315.0 45203.0 300.0 300.0 22 58915.0 60994.0 300.0 300.0
84.41003375161782 10 36833.0 39395.0 300.0 300.0 44 53455.0 55408.0 300.0 300.0
944.5356697032843 39 46929.0 49305.0 300.0 300.0 17 64315.0 66193.0 300.0 300.0
462.1537533863289 40 48094.0 51143.0 300.0 300.0 19 64647.0 67935.0 300.0 300.0
251.85185348513627 51 39107.0 42279.0 300.0 300.0 15 56554.0 59923.0 300.0 300.0
122.99203808334225 56 47359.0 49232.0 300.0 300.0 16 62850.0 65541.0 300.0 300.0
813.0850104809558 39 39897.0 41856.0 300.0 300.0 32 59683.0 62924.0 300.0 300.0
563.8273008030516 24 26314.0 29786.0 300.0 300.0 25 44039.0 45967.0 300.0 300.0
347.81034737588044 25 50091.0 52818.0 300.0 300.0 19 70489.0 73510.0 300.0 300.0
260.3872943248078 12 50559.0 53851.0 300.0 300.0 43 65801.0 68385.0 300.0 300.0
617.0970999128622 44 31329.0 33802.0 300.0 300.0 17 45453.0 47726.0 300.0 300.0
17.72085838882642 32 40709.0 43208.0 300.0 300.0 55 59825.0 61987.0 300.0 300.0
791.4936631896016 30 43464.0 45546.0 300.0 300.0 58 60378.0 62312.0 300.0 300.0
399.1115926261559 43 34612.0 38168.0 300.0 300.0 22 49731.0 52786.0 300.0 300.0
271.0239959979861 12 33697.0 36753.0 300.0 300.0 50 49891.0 52011.0 300.0 300.0
904.6696825956703 25 24904.0 27263.0 300.0 300.0 14 40886.0 44329.0 300.0 300.0
485.90273978207057 15 48216.0 50558.0 300.0 300.0 48 64457.0 66656.0 300.0 300.0
734.5932387785464 57 38096.0 40131.0 300.0 300.0 46 51584.0 54512.0 300.0 300.0
422.98851459243826 32 29401.0 31717.0 300.0 300.0 53 47344.0 49471.0 300.0 300.0
456.0723653717614 42 22353.0 24627.0 300.0 300.0 22 37553.0 39626.0 300.0 300.0
626.8443168405389 11 46898.0 48921.0 300.0 300.0 58 63145.0 65853.0 300.0 300.0
596.4570495570337 43 20460.0 22478.0 300.0 300.0 52 35734.0 37806.0 300.0 300.0
201.01090274841127 17 18801.0 20612.0 300.0 300.0 26 38014.0 39946.0 300.0 300.0
242.41181365129506 14 24582.0 26577.0 300.0 300.0 12 44113.0 46226.0 300.0 300.0
729.4506940668931 28 37591.0 40063.0 300.0 300.0 14 55437.0 58777.0 300.0 300.0
753.5010953676056 23 23583.0 26780.0 300.0 300.0 49 38902.0 41680.0 300.0 300.0
4.1890148116081605 39 22935.0 26402.0 300.0 300.0 26 42611.0 45017.0 300.0 300.0
51.528099902845234 46 18263.0 21387.0 300.0 300.0 25 32259.0 34387.0 300.0 300.0
296.4392364207765 18 30643.0 33564.0 300.0 300.0 16 45822.0 48158.0 300.0 300.0
960.899856605319 54 53842.0 56587.0 300.0 300.0 44 73113.0 75000.0 300.0 300.0
567.8051402075808 23 33448.0 36527.0 300.0 300.0 22 47839.0 49762.0 300.0 300.0
321.6024849208566 40 32811.0 34807.0 300.0 300.0 18 46369.0 48586.0 300.0 300.0
267.7297825930701 21 20409.0 22714.0 300.0 300.0 53 36043.0 38888.0 300.0 300.0
130.70716601428555 26 47657.0 50624.0 300.0 300.0 18 66328.0 68135.0 300.0 300.0
94.80941665702436 18 37887.0 41480.0 300.0 300.0 22 58326.0 60259.0 300.0 300.0
580.7266243525041 31 40164.0 42810.0 300.0 300.0 24 54591.0 57169.0 300.0 300.0
563.8892642262246 10 48773.0 51676.0 300.0 300.0 33 68910.0 72306.0 300.0 300.0
328.0207760994083 36 18812.0 21970.0 300.0 300.0 49 35517.0 38222.0 300.0 300.0
278.3567573829192 32 22977.0 25950.0 300.0 300.0 38 38763.0 41912.0 300.0 300.0
650.5948067135307 21 22204.0 25545.0 300.0 300.0 20 40076.0 42418.0 300.0 300.0
177.47455393457244 36 30624.0 34182.0 300.0 300.0 28 46064.0 48631.0 300.0 300.0
835.2096001286652 15 31148.0 33314.0 300.0 300.0 12 50699.0 52698.0 300.0 300.0
541.0496524703274 38 27839.0 30047.0 300.0 300.0 60 47308.0 49924.0 300.0 300.0
396.27086732683915 45 20986.0 23401.0 300.0 300.0 58 37801.0 40293.0 300.0 300.0
376.6963242654301 50 21755.0 24681.0 300.0 300.0 34 40167.0 42498.0 300.0 300.0
785.3939867334519 10 39312.0 42620.0 300.0 300.0 45 58415.0 61125.0 300.0 300.0
786.2672005342573 42 19338.0 21259.0 300.0 300.0 20 32175.0 34611.0 300.0 300.0
547.1461631932045 35 34479.0 37487.0 300.0 300.0 13 50141.0 52015.0 300.0 300.0
664.9278617294345 45 44812.0 48119.0 300.0 300.0 28 60157.0 62405.0 300.0 300.0
343.90832472587726 26 29289.0 31930.0 300.0 300.0 30 43450.0 45782.0 300.0 300.0
395.4361463417372 60 32845.0 35395.0 300.0 300.0 29 47320.0 49524.0 300.0 300.0
576.1182642863895 55 36002.0 38044.0 300.0 300.0 56 51060.0 53736.0 300.0 300.0
187.43477042763078 19 28949.0 32041.0 300.0 300.0 50 45672.0 47526.0 300.0 300.0
112.76391101175864 19 45299.0 47291.0 300.0 300.0 40 62127.0 64968.0 300.0 300.0
112.3266855438484 35 35672.0 38251.0 300.0 300.0 47 54250.0 56854.0 300.0 300.0
804.6846483757911 29 26820.0 29904.0 300.0 300.0 59 43913.0 47278.0 300.0 300.0
293.30267948558907 38 39770.0 43075.0 300.0 300.0 35 55216.0 58112.0 300.0 300.0
348.16998951411284 55 22394.0 24250.0 300.0 300.0 38 41249.0 43267.0 300.0 300.0
831.4327249754456 37 35274.0 37705.0 300.0 300.0 54 48898.0 51321.0 300.0 300.0
801.0594738466906 51 30589.0 33610.0 300.0 300.0 60 49913.0 52347.0 300.0 300.0
945.892046796705 50 37902.0 41367.0 300.0 300.0 39 53972.0 55980.0 300.0 300.0
714.9589939856985 24 26735.0 28847.0 300.0 300.0 46 43457.0 45788.0 300.0 300.0
152.22193417936492 44 38062.0 39913.0 300.0 300.0 24 57698.0 59896.0 300.0 300.0
756.5857743145481 43 53361.0 56812.0 300.0 300.0 49 70640.0 73781.0 300.0 300.0
629.2501701407979 45 39226.0 41196.0 300.0 300.0 43 55542.0 58068.0 300.0 300.0
654.3015658349299 35 18019.0 20522.0 300.0 300.0 39 34519.0 36568.0 300.0 300.0
874.5186883728827 46 23238.0 26622.0 300.0 300.0 41 40577.0 43766.0 300.0 300.0
862.6290525284955 39 47867.0 50295.0 300.0 300.0 31 65431.0 67903.0 300.0 300.0
320.7627362485427 29 33308.0 36057.0 300.0 300.0 20 48092.0 49968.0 300.0 300.0
12.386111280229816 57 26908.0 29694.0 300.0 300.0 39 43123.0 45143.0 300.0 300.0
392.5081911312439 46 41555.0 44531.0 300.0 300.0 23 55688.0 57930.0 300.0 300.0
765.8031266765538 59 51532.0 54866.0 300.0 300.0 42 70586.0 73113.0 300.0 300.0
991.9280660251029 56 37005.0 39302.0 300.0 300.0 21 53460.0 55506.0 300.0 300.0
367.77630166737686 21 24571.0 26865.0 300.0 300.0 47 43707.0 46179.0 300.0 300.0
195.8280559354173 57 25245.0 28263.0 300.0 300.0 47 41965.0 44570.0 300.0 300.0
953.7920108926182 37 50443.0 52444.0 300.0 300.0 10 68987.0 72386.0 300.0 300.0
959.4895258516873 15 41476.0 44619.0 300.0 300.0 32 60269.0 63246.0 300.0 300.0
503.9492136266567 23 51573.0 54523.0 300.0 300.0 53 71887.0 74127.0 300.0 300.0
405.93901029735815 17 26584.0 28612.0 300.0 300.0 23 42782.0 45982.0 300.0 300.0
417.1968701562071 28 24007.0 27273.0 300.0 300.0 18 38186.0 40522.0 300.0 300.0
238.26264373913654 22 53023.0 55784.0 300.0 300.0 20 72441.0 76028.0 300.0 300.0
701.056066458278 33 41351.0 44619.0 300.0 300.0 20 57399.0 59616.0 300.0 300.0
464.4435155750163 22 32661.0 35281.0 300.0 300.0 19 48927.0 52094.0 300.0 300.0
144.75014791732966 47 23494.0 26286.0 300.0 300.0 45 37097.0 39379.0 300.0 300.0
844.8449193396126 20 23185.0 26220.0 300.0 300.0 10 43695.0 45946.0 300.0 300.0
967.2360423609338 54 43399.0 45438.0 300.0 300.0 39 62690.0 65069.0 300.0 300.0
747.247809152763 20 28880.0 31549.0 300.0 300.0 53 43208.0 46721.0 300.0 300.0
939.9036969725181 28 47986.0 51068.0 300.0 300.0 26 64871.0 67995.0 300.0 300.0
767.9985656635542 11 47458.0 51018.0 300.0 300.0 44 67848.0 69841.0 300.0 300.0
994.8534378129021 13 39027.0 42081.0 300.0 300.0 46 58622.0 62040.0 300.0 300.0
4.43887536758425 29 23600.0 26629.0 300.0 300.0 40 40623.0 43995.0 300.0 300.0
696.2115873643653 33 47423.0 50242.0 300.0 300.0 41 64359.0 67139.0 300.0 300.0
56.84727732854922 23 48765.0 51699.0 300.0 300.0 32 66805.0 69407.0 300.0 300.0
510.8166795663178 12 44207.0 47796.0 300.0 300.0 30 62375.0 64814.0 300.0 300.0
120.47483613969435 31 44995.0 46808.0 300.0 300.0 32 58405.0 61028.0 300.0 300.0
637.0920240385072 12 20532.0 23325.0 300.0 300.0 42 39661.0 43202.0 300.0 300.0
182.12985026118324 30 39471.0 42847.0 300.0 300.0 11 55669.0 58717.0 300.0 300.0
792.6776010612651 26 21505.0 24454.0 300.0 300.0 29 41740.0 44502.0 300.0 300.0
752.76392531712 13 22860.0 24738.0 300.0 300.0 51 40173.0 43233.0 300.0 300.0
112.46755455250424 16 37328.0 40316.0 300.0 300.0 55 54426.0 57040.0 300.0 300.0
498.60541042999716 59 26289.0 28117.0 300.0 300.0 26 39917.0 42681.0 300.0 300.0
443.49768536329645 51 28480.0 31344.0 300.0 300.0 40 49016.0 50991.0 300.0 300.0
938.933169935953 59 52539.0 55296.0 300.0 300.0 33 69668.0 72415.0 300.0 300.0
350.44614380819115 36 29729.0 32571.0 300.0 300.0 15 46056.0 48229.0 300.0 300.0
278.3060417214762 11 29812.0 31717.0 300.0 300.0 13 46468.0 49931.0 300.0 300.0
58.507629801127 18 53198.0 56521.0 300.0 300.0 28 70393.0 73660.0 300.0 300.0
764.0652479950902 56 33491.0 35677.0 300.0 300.0 42 48384.0 50972.0 300.0 300.0
86.620003549297 33 43509.0 45339.0 300.0 300.0 38 60159.0 61960.0 300.0 300.0
394.68470243481 49 26700.0 29746.0 300.0 300.0 47 43851.0 46425.0 300.0 300.0
175.375429563401 36 52627.0 55676.0 300.0 300.0 51 73539.0 76579.0 300.0 300.0
648.9078053187843 31 21252.0 24152.0 300.0 300.0 24 37923.0 40335.0 300.0 300.0
236.72335045630678 57 18352.0 20867.0 300.0 300.0 36 37206.0 40539.0 300.0 300.0
316.8072061873142 18 19705.0 21927.0 300.0 300.0 41 35411.0 38499.0 300.0 300.0
877.4369576626101 60 36668.0 39000.0 300.0 300.0 17 51167.0 54143.0 300.0 300.0
758.5367887656081 25 44636.0 47682.0 300.0 300.0 45 59214.0 62663.0 300.0 300.0
740.3038873307396 44 36259.0 39476.0 300.0 300.0 55 51384.0 54894.0 300.0 300.0
620.5893835987584 27 26772.0 29095.0 300.0 300.0 13 41042.0 43563.0 300.0 300.0
615.5327352682827 57 41501.0 43876.0 300.0 300.0 36 58541.0 61168.0 300.0 300.0
438.1812284155535 33 52000.0 54740.0 300.0 300.0 46 68165.0 70276.0 300.0 300.0
383.7272621085155 40 43829.0 46711.0 300.0 300.0 27 61011.0 63485.0 300.0 300.0
740.6815345411023 60 31336.0 33477.0 300.0 300.0 41 45881.0 49183.0 300.0 300.0
229.13289996814444 30 42624.0 46169.0 300.0 300.0 13 57368.0 59387.0 300.0 300.0
458.89402983462304 37 41225.0 44338.0 300.0 300.0 57 61907.0 64067.0 300.0 300.0
810.2476883700521 58 51162.0 53473.0 300.0 300.0 42 65300.0 68571.0 300.0 300.0
171.95396845936227 14 23736.0 26972.0 300.0 300.0 49 43261.0 45404.0 300.0 300.0
781.2220914533714 30 18631.0 21698.0 300.0 300.0 56 38497.0 40424.0 300.0 300.0
200.4795435089024 38 33825.0 35989.0 300.0 300.0 21 51489.0 54881.0 300.0 300.0
43.041621547560084 28 35187.0 38344.0 300.0 300.0 17 53626.0 56599.0 300.0 300.0
783.6392758477502 17 44332.0 46261.0 300.0 300.0 42 57266.0 60782.0 300.0 300.0
673.9546555530557 27 23268.0 25835.0 300.0 300.0 53 39669.0 43129.0 300.0 300.0
712.5654074703549 38 22147.0 25099.0 300.0 300.0 20 37782.0 39889.0 300.0 300.0
684.0163225803259 52 32137.0 33939.0 300.0 300.0 55 49864.0 52158.0 300.0 300.0
332.0380535308043 39 44435.0 47460.0 300.0 300.0 51 62763.0 65022.0 300.0 300.0
583.379574469238 12 47671.0 51040.0 300.0 300.0 33 63577.0 66162.0 300.0 300.0
876.932680847562 51 18144.0 20942.0 300.0 300.0 55 33137.0 35989.0 300.0 300.0
506.86802708111264 52 44756.0 47910.0 300.0 300.0 30 61711.0 64805.0 300.0 300.0
649.2968037832245 45 23568.0 25813.0 300.0 300.0 17 36727.0 39565.0 300.0 300.0
41.57399759778879 25 52970.0 55323.0 300.0 300.0 21 68501.0 71988.0 300.0 300.0
645.1948091825985 30 42510.0 44324.0 300.0 300.0 15 59102.0 60992.0 300.0 300.0
437.2796838949099 13 50466.0 53444.0 300.0 300.0 55 68106.0 70028.0 300.0 300.0
