50 1000
7000.0 2 14400.0 79200.0
10000.0 9 14400.0 79200.0
7000.0 1 14400.0 79200.0
2000.0 0 14400.0 79200.0
10000.0 1 14400.0 79200.0
5000.0 6 14400.0 79200.0
5000.0 6 14400.0 79200.0
7000.0 7 14400.0 79200.0
7000.0 3 14400.0 79200.0
5000.0 7 14400.0 79200.0
7000.0 4 14400.0 79200.0
5000.0 8 14400.0 79200.0
5000.0 7 14400.0 79200.0
10000.0 7 14400.0 79200.0
5000.0 6 14400.0 79200.0
10000.0 0 14400.0 79200.0
7000.0 3 14400.0 79200.0
10000.0 5 14400.0 79200.0
10000.0 9 14400.0 79200.0
2000.0 8 14400.0 79200.0
10000.0 7 14400.0 79200.0
7000.0 0 14400.0 79200.0
5000.0 7 14400.0 79200.0
2000.0 6 14400.0 79200.0
10000.0 5 14400.0 79200.0
10000.0 8 14400.0 79200.0
5000.0 5 14400.0 79200.0
5000.0 0 14400.0 79200.0
5000.0 5 14400.0 79200.0
10000.0 1 14400.0 79200.0
7000.0 9 14400.0 79200.0
7000.0 4 14400.0 79200.0
10000.0 4 14400.0 79200.0
5000.0 2 14400.0 79200.0
2000.0 8 14400.0 79200.0
2000.0 5 14400.0 79200.0
7000.0 7 14400.0 79200.0
7000.0 6 14400.0 79200.0
7000.0 5 14400.0 79200.0
10000.0 6 14400.0 79200.0
7000.0 7 14400.0 79200.0
7000.0 8 14400.0 79200.0
2000.0 6 14400.0 79200.0
2000.0 1 14400.0 79200.0
7000.0 8 14400.0 79200.0
7000.0 8 14400.0 79200.0
10000.0 3 14400.0 79200.0
7000.0 5 14400.0 79200.0
2000.0 2 14400.0 79200.0
10000.0 4 14400.0 79200.0
884.3099567339233 25 45524.0 48486.0 300.0 300.0 45 61843.0 64210.0 300.0 300.0
372.4114807029125 40 32463.0 34342.0 300.0 300.0 55 50133.0 52826.0 300.0 300.0
81.18936065273752 56 40995.0 44255.0 300.0 300.0 42 56805.0 58744.0 300.0 300.0
999.9649314552095 57 48814.0 50730.0 300.0 300.0 55 67278.0 69454.0 300.0 300.0
28.774577260932467 47 21578.0 24694.0 300.0 300.0 59 36417.0 38630.0 300.0 300.0
175.55817328450775 52 53786.0 56773.0 300.0 300.0 57 70927.0 73093.0 300.0 300.0
992.1526249742707 10 50040.0 52422.0 300.0 300.0 36 64919.0 68252.0 300.0 300.0
859.3695303682297 52 44451.0 47877.0 300.0 300.0 14 63331.0 65764.0 300.0 300.0
593.7329075959566 52 45206.0 48790.0 300.0 300.0 45 63210.0 66620.0 300.0 300.0
945.1243313561515 40 41540.0 43954.0 300.0 300.0 10 59855.0 61901.0 300.0 300.0
456.20680393725235 57 35307.0 38508.0 300.0 300.0 40 55876.0 59296.0 300.0 300.0
914.1640508967266 56 28585.0 31338.0 300.0 300.0 57 43671.0 45626.0 300.0 300.0
534.5094512840694 46 37396.0 40115.0 300.0 300.0 40 51610.0 54819.0 300.0 300.0
722.1881970928248 50 45305.0 48637.0 300.0 300.0 60 61047.0 62963.0 300.0 300.0
146.55827984481894 43 23799.0 26624.0 300.0 300.0 54 41658.0 44986.0 300.0 300.0
489.3366049718458 19 23016.0 25415.0 300.0 300.0 59 43197.0 45285.0 300.0 300.0
564.2929884499177 45 23384.0 26886.0 300.0 300.0 28 38215.0 40015.0 300.0 300.0
340.4360538579957 46 26736.0 28853.0 300.0 300.0 18 39675.0 43059.0 300.0 300.0
491.0225479270499 53 25990.0 28757.0 300.0 300.0 21 45410.0 48325.0 300.0 300.0
867.9415347767602 55 50954.0 54238.0 300.0 300.0 45 67954.0 70126.0 300.0 300.0
735.5247596592208 43 42556.0 46135.0 300.0 300.0 23 57630.0 60825.0 300.0 300.0
346.0204656633311 15 47217.0 50265.0 300.0 300.0 23 66435.0 68989.0 300.0 300.0
914.3438092078464 16 26266.0 28800.0 300.0 300.0 29 39627.0 42798.0 300.0 300.0
925.3975430146676 24 50409.0 52669.0 300.0 300.0 58 65414.0 68697.0 300.0 300.0
447.26776782932274 29 30258.0 32963.0 300.0 300.0 20 46433.0 49289.0 300.0 300.0
484.41320153940336 28 32097.0 34207.0 300.0 300.0 48 48804.0 51990.0 300.0 300.0
442.392907708669 28 46839.0 50318.0 300.0 300.0 32 64553.0 66820.0 300.0 300.0
736.0385642322586 26 18194.0 20034.0 300.0 300.0 18 34594.0 37844.0 300.0 300.0
141.22088049442493 60 25534.0 27571.0 300.0 300.0 45 42644.0 45817.0 300.0 300.0
211.49747077047166 48 47559.0 49526.0 300.0 300.0 14 63716.0 65947.0 300.0 300.0
364.9904888030375 13 53202.0 56258.0 300.0 300.0 52 73310.0 76180.0 300.0 300.0
211.21313269455234 46 18426.0 21274.0 300.0 300.0 30 37631.0 41062.0 300.0 300.0
184.39512528298906 36 21639.0 24242.0 300.0 300.0 39 39232.0 41191.0 300.0 300.0
69.93392236784501 27 53812.0 56501.0 300.0 300.0 15 71787.0 74787.0 300.0 300.0
748.8288303320663 51 37918.0 41226.0 300.0 300.0 25 53752.0 56037.0 300.0 300.0
696.3921263470412 50 29495.0 33045.0 300.0 300.0 44 46600.0 49087.0 300.0 300.0
640.5693718588382 34 23788.0 26009.0 300.0 300.0 42 38818.0 41225.0 300.0 300.0
374.37294381358635 40 39807.0 43066.0 300.0 300.0 21 59648.0 61933.0 300.0 300.0
155.4420911625981 49 35146.0 38574.0 300.0 300.0 56 56252.0 59168.0 300.0 300.0
41.65821011000303 30 23385.0 25797.0 300.0 300.0 24 39691.0 43117.0 300.0 300.0
805.4950999292499 33 19186.0 21396.0 300.0 300.0 12 37362.0 40577.0 300.0 300.0
470.3755274641668 10 28040.0 31305.0 300.0 300.0 42 49254.0 52225.0 300.0 300.0
951.4018210004731 15 24758.0 28038.0 300.0 300.0 35 43603.0 46496.0 300.0 300.0
965.6154344122292 11 19076.0 21253.0 300.0 300.0 33 35559.0 37831.0 300.0 300.0
522.421544250688 23 53743.0 56533.0 300.0 300.0 22 70187.0 73024.0 300.0 300.0
871.9438397658638 10 27271.0 30802.0 300.0 300.0 48 47619.0 49449.0 300.0 300.0
98.89043900306093 57 34268.0 36649.0 300.0 300.0 36 50505.0 52920.0 300.0 300.0
557.1703176795922 46 35419.0 38046.0 300.0 300.0 18 54036.0 56824.0 300.0 300.0
404.8634520866271 32 36222.0 38534.0 300.0 300.0 26 51774.0 54254.0 300.0 300.0
841.3515673733848 37 50122.0 52026.0 300.0 300.0 30 63145.0 65054.0 300.0 300.0
284.5326992763759 10 51012.0 53488.0 300.0 300.0 11 66167.0 68666.0 300.0 300.0
502.8008545984991 53 24471.0 26685.0 300.0 300.0 37 44454.0 46706.0 300.0 300.0
172.63578933272206 18 25656.0 27457.0 300.0 300.0 23 44835.0 46732.0 300.0 300.0
452.50340850245084 13 53493.0 55744.0 300.0 300.0 30 73474.0 75841.0 300.0 300.0
682.8409533618476 50 28099.0 29940.0 300.0 300.0 52 47744.0 50288.0 300.0 300.0
88.84308795137996 55 29684.0 31814.0 300.0 300.0 10 45584.0 49072.0 300.0 300.0
355.03120038300017 33 29989.0 32914.0 300.0 300.0 57 45540.0 47404.0 300.0 300.0
875.341907822018 33 38661.0 42113.0 300.0 300.0 19 54313.0 56292.0 300.0 300.0
557.8572437460182 16 37663.0 40522.0 300.0 300.0 23 53465.0 56059.0 300.0 300.0
208.98958793802015 22 48705.0 51771.0 300.0 300.0 59 63471.0 66844.0 300.0 300.0
631.6174002086101 26 52723.0 56167.0 300.0 300.0 37 73104.0 76388.0 300.0 300.0
533.8591972802585 28 52628.0 54559.0 300.0 300.0 19 65998.0 68733.0 300.0 300.0
282.55156387963166 44 33745.0 36551.0 300.0 300.0 59 47385.0 50940.0 300.0 300.0
506.6079404611619 55 51686.0 54892.0 300.0 300.0 31 66348.0 68287.0 300.0 300.0
66.48343189512396 24 42203.0 45402.0 300.0 300.0 54 60643.0 63287.0 300.0 300.0
924.0597027512126 51 46953.0 49434.0 300.0 300.0 50 67300.0 69440.0 300.0 300.0
200.26193794391745 17 38904.0 41510.0 300.0 300.0 18 56718.0 59149.0 300.0 300.0
399.65142146607457 54 37100.0 39658.0 300.0 300.0 23 53710.0 57230.0 300.0 300.0
445.8650394715696 40 24798.0 26623.0 300.0 300.0 30 39795.0 41620.0 300.0 300.0
230.75980206497516 43 42793.0 46121.0 300.0 300.0 50 59881.0 62822.0 300.0 300.0
65.93906761057566 11 39211.0 42270.0 300.0 300.0 25 59886.0 61906.0 300.0 300.0
72.84801084921678 19 21996.0 24700.0 300.0 300.0 56 38911.0 42043.0 300.0 300.0
851.931491258341 20 50769.0 53360.0 300.0 300.0 12 64998.0 68205.0 300.0 300.0
453.3986893030392 19 21249.0 24422.0 300.0 300.0 45 35697.0 38415.0 300.0 300.0
587.1842112559224 38 41798.0 43859.0 300.0 300.0 23 60115.0 63436.0 300.0 300.0
577.5185515510611 43 30439.0 32337.0 300.0 300.0 17 45312.0 48066.0 300.0 300.0
497.116971900484 54 26066.0 28105.0 300.0 300.0 48 39785.0 43288.0 300.0 300.0
541.0739954109913 32 42377.0 44543.0 300.0 300.0 17 62394.0 65877.0 300.0 300.0
836.0463410143901 60 45429.0 48527.0 300.0 300.0 41 59863.0 62516.0 300.0 300.0
953.7877583333553 19 30560.0 34079.0 300.0 300.0 26 50510.0 53648.0 300.0 300.0
703.7320176616945 21 36508.0 39066.0 300.0 300.0 52 51174.0 53233.0 300.0 300.0
45.80518683695334 44 46351.0 48195.0 300.0 300.0 38 62363.0 64908.0 300.0 300.0
22.27026094243556 29 49832.0 51708.0 300.0 300.0 30 69191.0 72074.0 300.0 300.0
783.1172179459735 18 25240.0 27053.0 300.0 300.0 27 42204.0 44599.0 300.0 300.0
742.6913893981326 41 53046.0 55464.0 300.0 300.0 59 72124.0 75593.0 300.0 300.0
30.56611564497025 46 34276.0 37665.0 300.0 300.0 48 52089.0 55505.0 300.0 300.0
307.16454366635026 31 27603.0 29471.0 300.0 300.0 44 43691.0 45590.0 300.0 300.0
791.0024315182623 35 43853.0 46260.0 300.0 300.0 55 62151.0 63989.0 300.0 300.0
43.04679410725654 18 21767.0 24863.0 300.0 300.0 17 38499.0 41295.0 300.0 300.0
414.9178297730318 42 39998.0 42346.0 300.0 300.0 50 57638.0 60577.0 300.0 300.0
994.4848117474223 41 47458.0 49655.0 300.0 300.0 40 63499.0 66769.0 300.0 300.0
50.34075670928273 56 52849.0 56361.0 300.0 300.0 24 69094.0 71528.0 300.0 300.0
50.61419091596697 39 18269.0 20954.0 300.0 300.0 10 37727.0 39748.0 300.0 300.0
606.1113376081892 51 24063.0 26774.0 300.0 300.0 13 38461.0 41141.0 300.0 300.0
560.7036363828319 58 29487.0 31624.0 300.0 300.0 39 42541.0 46056.0 300.0 300.0
985.3907715837082 47 45108.0 47291.0 300.0 300.0 20 63404.0 65410.0 300.0 300.0
749.3369896075864 40 26766.0 30025.0 300.0 300.0 10 44688.0 46890.0 300.0 300.0
147.31925987678008 44 26550.0 30116.0 300.0 300.0 57 41710.0 44362.0 300.0 300.0
581.7661004005074 17 27753.0 30872.0 300.0 300.0 46 46339.0 48378.0 300.0 300.0
744.4078775835419 15 26109.0 29390.0 300.0 300.0 23 41603.0 43825.0 300.0 300.0
563.1281947827613 46 26003.0 28418.0 300.0 300.0 16 45841.0 47905.0 300.0 300.0
217.1946277519986 16 31054.0 33827.0 300.0 300.0 55 45378.0 47403.0 300.0 300.0
676.9053597490845 14 37198.0 39834.0 300.0 300.0 19 53810.0 56456.0 300.0 300.0
595.9548571601412 52 52852.0 56011.0 300.0 300.0 17 73203.0 76711.0 300.0 300.0
28.785736348391655 48 42534.0 45243.0 300.0 300.0 20 62993.0 65449.0 300.0 300.0
136.24338147683014 13 41442.0 44540.0 300.0 300.0 35 56170.0 58752.0 300.0 300.0
122.32015090513715 33 22289.0 25875.0 300.0 300.0 15 43160.0 46322.0 300.0 300.0
809.5501390580904 17 27326.0 29779.0 300.0 300.0 55 40871.0 43498.0 300.0 300.0
272.17740695189264 20 51376.0 54595.0 300.0 300.0 25 71892.0 74213.0 300.0 300.0
575.5372497106841 38 40273.0 42271.0 300.0 300.0 33 57930.0 61285.0 300.0 300.0
788.492152208995 58 44171.0 47272.0 300.0 300.0 36 64992.0 68117.0 300.0 300.0
5.730924419649397 24 47987.0 50968.0 300.0 300.0 48 62408.0 64235.0 300.0 300.0
930.2425405339217 49 20308.0 23834.0 300.0 300.0 60 36315.0 38822.0 300.0 300.0
922.0818613379419 54 22901.0 25181.0 300.0 300.0 52 36024.0 39487.0 300.0 300.0
524.6478290857842 40 45334.0 48802.0 300.0 300.0 22 62665.0 66019.0 300.0 300.0
203.77188281179215 56 28272.0 30964.0 300.0 300.0 11 42618.0 45536.0 300.0 300.0
740.4601214189044 42 35259.0 38621.0 300.0 300.0 19 54580.0 57338.0 300.0 300.0
232.6943325734353 54 24285.0 27018.0 300.0 300.0 58 41186.0 44127.0 300.0 300.0
52.34592273555905 53 43881.0 45880.0 300.0 300.0 57 63663.0 67236.0 300.0 300.0
757.2146271065516 37 28647.0 30657.0 300.0 300.0 20 47132.0 49539.0 300.0 300.0
567.2835359973886 47 30246.0 33240.0 300.0 300.0 15 45172.0 48487.0 300.0 300.0
404.5338566602355 25 20397.0 23942.0 300.0 300.0 41 38891.0 40715.0 300.0 300.0
837.3986454296265 12 53484.0 56754.0 300.0 300.0 39 71157.0 74076.0 300.0 300.0
48.026936038313316 48 21954.0 23958.0 300.0 300.0 54 35713.0 37940.0 300.0 300.0
151.64466258862132 36 48269.0 50996.0 300.0 300.0 25 62556.0 65677.0 300.0 300.0
605.4674201337699 36 44895.0 47768.0 300.0 300.0 27 60623.0 63428.0 300.0 300.0
285.3102988028483 49 19919.0 23144.0 300.0 300.0 13 39313.0 42868.0 300.0 300.0
209.62492021289435 27 25068.0 27986.0 300.0 300.0 46 42506.0 45814.0 300.0 300.0
354.98107184336834 48 31306.0 34063.0 300.0 300.0 43 50265.0 52970.0 300.0 300.0
641.2423027497812 58 50331.0 52669.0 300.0 300.0 41 69354.0 71894.0 300.0 300.0
950.1449809601909 21 30845.0 34370.0 300.0 300.0 11 49053.0 51634.0 300.0 300.0
267.15544020741976 56 42893.0 44809.0 300.0 300.0 40 59918.0 63304.0 300.0 300.0
123.34146388708444 36 42251.0 44583.0 300.0 300.0 34 58830.0 61836.0 300.0 300.0
788.9757145037935 12 21689.0 23945.0 300.0 300.0 51 35813.0 38847.0 300.0 300.0
260.21015291948066 47 48047.0 51485.0 300.0 300.0 42 64198.0 66472.0 300.0 300.0
920.3498755609191 56 23704.0 26244.0 300.0 300.0 10 40397.0 43941.0 300.0 300.0
819.9767698643444 48 35166.0 37672.0 300.0 300.0 28 53636.0 56469.0 300.0 300.0
697.7610791076011 17 18423.0 21738.0 300.0 300.0 38 34699.0 36660.0 300.0 300.0
546.1704295069094 21 30864.0 33676.0 300.0 300.0 12 47784.0 50002.0 300.0 300.0
749.9247198840303 25 29637.0 32183.0 300.0 300.0 40 43952.0 46844.0 300.0 300.0
966.425180638865 36 48597.0 51422.0 300.0 300.0 15 67736.0 70975.0 300.0 300.0
247.22983551409615 13 23399.0 26735.0 300.0 300.0 28 43622.0 46656.0 300.0 300.0
908.1822147088945 23 21845.0 24237.0 300.0 300.0 29 38654.0 40975.0 300.0 300.0
902.9184267332645 37 46825.0 50169.0 300.0 300.0 31 63420.0 66563.0 300.0 300.0
792.4512524257042 51 52040.0 54734.0 300.0 300.0 23 68661.0 71977.0 300.0 300.0
763.6961843165316 35 29307.0 32040.0 300.0 300.0 12 46504.0 48753.0 300.0 300.0
678.3660130644704 52 50932.0 53690.0 300.0 300.0 24 70345.0 73782.0 300.0 300.0
305.5178258299858 20 32250.0 34561.0 300.0 300.0 38 45470.0 48929.0 300.0 300.0
324.30080717650725 60 35763.0 39012.0 300.0 300.0 40 52123.0 55601.0 300.0 300.0
721.0516528244743 17 39088.0 41390.0 300.0 300.0 27 55426.0 57793.0 300.0 300.0
923.410474938889 50 34536.0 38010.0 300.0 300.0 58 54750.0 57447.0 300.0 300.0
163.84182099954248 28 30824.0 32906.0 300.0 300.0 57 43880.0 46648.0 300.0 300.0
38.58481812238346 12 43234.0 46623.0 300.0 300.0 25 61767.0 63894.0 300.0 300.0
999.8652459235839 32 44799.0 46650.0 300.0 300.0 29 62610.0 65410.0 300.0 300.0
589.3281498704218 48 20852.0 22715.0 300.0 300.0 59 36577.0 38815.0 300.0 300.0
943.8137479666589 35 52505.0 55784.0 300.0 300.0 43 71179.0 74428.0 300.0 300.0
375.70716092653345 29 51342.0 53154.0 300.0 300.0 57 65293.0 67426.0 300.0 300.0
943.1840792215017 41 31126.0 34390.0 300.0 300.0 45 48882.0 51972.0 300.0 300.0
516.3600320235379 28 46628.0 49310.0 300.0 300.0 47 62803.0 66321.0 300.0 300.0
170.66832119464138 56 19486.0 21337.0 300.0 300.0 53 38093.0 40329.0 300.0 300.0
642.1024223636595 51 42326.0 45332.0 300.0 300.0 40 56227.0 59616.0 300.0 300.0
831.3185627524754 15 21327.0 24499.0 300.0 300.0 19 37048.0 40329.0 300.0 300.0
646.7520052350415 51 51293.0 53108.0 300.0 300.0 45 67761.0 71161.0 300.0 300.0
256.8026716530423 52 37522.0 39541.0 300.0 300.0 50 56185.0 58906.0 300.0 300.0
34.651934406758066 51 23059.0 25700.0 300.0 300.0 38 38442.0 41840.0 300.0 300.0
0.43468750194441963 45 36953.0 39129.0 300.0 300.0 29 56462.0 59806.0 300.0 300.0
311.6033779725819 14 33963.0 36513.0 300.0 300.0 29 51141.0 53250.0 300.0 300.0
153.59521086887207 33 45427.0 47889.0 300.0 300.0 44 61193.0 64298.0 300.0 300.0
693.4970986282569 23 39808.0 42760.0 300.0 300.0 15 54207.0 57107.0 300.0 300.0
651.0661027015163 11 46019.0 49042.0 300.0 300.0 36 61141.0 64016.0 300.0 300.0
515.2139184874172 31 53337.0 55148.0 300.0 300.0 26 70917.0 73218.0 300.0 300.0
928.4804740231159 40 52579.0 54638.0 300.0 300.0 39 65514.0 67609.0 300.0 300.0
831.0717002310877 44 42031.0 44411.0 300.0 300.0 40 57031.0 59443.0 300.0 300.0
432.69655513030693 39 23600.0 26410.0 300.0 300.0 36 40999.0 43995.0 300.0 300.0
636.3324837387638 42 19784.0 23157.0 300.0 300.0 56 40154.0 42161.0 300.0 300.0
392.98145940079723 27 53959.0 55788.0 300.0 300.0 37 68205.0 71128.0 300.0 300.0
95.52509558988176 44 27064.0 30100.0 300.0 300.0 39 42132.0 45727.0 300.0 300.0
149.35333308656072 42 35912.0 39327.0 300.0 300.0 49 56865.0 59203.0 300.0 300.0
935.4368862490381 50 45227.0 47107.0 300.0 300.0 12 64262.0 67021.0 300.0 300.0
650.5657369795857 15 19835.0 23340.0 300.0 300.0 22 34177.0 36649.0 300.0 300.0
405.8108986931984 39 52673.0 55556.0 300.0 300.0 31 68363.0 71175.0 300.0 300.0
408.6904896421425 26 35971.0 39314.0 300.0 300.0 44 52334.0 55333.0 300.0 300.0
695.6510162143393 54 51441.0 53360.0 300.0 300.0 46 65087.0 67967.0 300.0 300.0
895.1051823492476 52 52607.0 54570.0 300.0 300.0 15 67574.0 71010.0 300.0 300.0
543.5669031082508 25 28537.0 32081.0 300.0 300.0 57 47843.0 49922.0 300.0 300.0
733.3305822556865 23 49793.0 53358.0 300.0 300.0 36 65378.0 68763.0 300.0 300.0
732.1325346285188 27 23427.0 25829.0 300.0 300.0 53 41536.0 44618.0 300.0 300.0
971.3834363348872 38 38699.0 41921.0 300.0 300.0 21 56435.0 58942.0 300.0 300.0
803.5132153770104 24 42588.0 45771.0 300.0 300.0 14 61860.0 64490.0 300.0 300.0
568.2720762343218 10 36850.0 39244.0 300.0 300.0 41 52230.0 54399.0 300.0 300.0
380.7396668476155 20 47329.0 50421.0 300.0 300.0 34 63339.0 66111.0 300.0 300.0
108.50941019755534 57 30511.0 33319.0 300.0 300.0 60 44227.0 47491.0 300.0 300.0
989.4477775618559 28 31942.0 35313.0 300.0 300.0 56 51096.0 54066.0 300.0 300.0
751.9588914917008 21 39127.0 41286.0 300.0 300.0 23 59109.0 61202.0 300.0 300.0
921.513702109792 35 48096.0 50032.0 300.0 300.0 59 63357.0 66948.0 300.0 300.0
855.2587997633882 43 44575.0 48020.0 300.0 300.0 22 64536.0 67299.0 300.0 300.0
997.0195497287052 49 34821.0 38295.0 300.0 300.0 51 54036.0 55910.0 300.0 300.0
371.1475142493779 13 33631.0 37190.0 300.0 300.0 46 53336.0 56065.0 300.0 300.0
705.9891699999113 55 24686.0 26518.0 300.0 300.0 22 41423.0 44612.0 300.0 300.0
583.2800697985131 43 28949.0 32549.0 300.0 300.0 15 50076.0 53666.0 300.0 300.0
147.3113211193441 38 23388.0 25384.0 300.0 300.0 60 39004.0 42040.0 300.0 300.0
490.9965269379145 24 33579.0 35773.0 300.0 300.0 34 49417.0 51761.0 300.0 300.0
39.57099867216285 11 50099.0 53136.0 300.0 300.0 13 65401.0 68339.0 300.0 300.0
979.7652173841993 51 19725.0 21629.0 300.0 300.0 17 34470.0 37834.0 300.0 300.0
326.8658404771716 40 21820.0 24004.0 300.0 300.0 55 40359.0 43207.0 300.0 300.0
41.841765951504684 51 51751.0 55121.0 300.0 300.0 24 68261.0 70504.0 300.0 300.0
121.19405806901572 21 39838.0 42651.0 300.0 300.0 50 60227.0 62766.0 300.0 300.0
725.599684222504 31 33221.0 36277.0 300.0 300.0 15 53517.0 55443.0 300.0 300.0
850.1401650100072 20 19272.0 22031.0 300.0 300.0 32 37646.0 40455.0 300.0 300.0
152.9099971823701 33 37609.0 41202.0 300.0 300.0 38 56299.0 58208.0 300.0 300.0
62.20733625469099 13 27655.0 29728.0 300.0 300.0 15 45461.0 48639.0 300.0 300.0
48.169854100719945 42 34974.0 36823.0 300.0 300.0 37 53121.0 55690.0 300.0 300.0
789.4750009916935 60 25469.0 27279.0 300.0 300.0 44 42490.0 45953.0 300.0 300.0
450.76303645539593 11 27813.0 29863.0 300.0 300.0 53 42051.0 44224.0 300.0 300.0
194.90136642109124 59 45522.0 47450.0 300.0 300.0 27 63658.0 67188.0 300.0 300.0
49.92085177950778 22 49114.0 51936.0 300.0 300.0 27 63344.0 66722.0 300.0 300.0
315.5173784454857 58 31795.0 34577.0 300.0 300.0 52 50559.0 53486.0 300.0 300.0
286.5527553087491 15 39613.0 42971.0 300.0 300.0 42 56079.0 59337.0 300.0 300.0
538.324205885228 59 49730.0 52176.0 300.0 300.0 31 69710.0 72304.0 300.0 300.0
644.420854966908 49 22000.0 25350.0 300.0 300.0 40 40657.0 43227.0 300.0 300.0
357.63620811202156 38 44556.0 46401.0 300.0 300.0 24 57606.0 59883.0 300.0 300.0
521.2071007549177 38 28376.0 31451.0 300.0 300.0 27 44426.0 47007.0 300.0 300.0
415.00781944483487 40 22886.0 26300.0 300.0 300.0 12 38796.0 41750.0 300.0 300.0
581.1030471703294 44 52199.0 54948.0 300.0 300.0 51 72746.0 74694.0 300.0 300.0
629.2222881747329 38 21970.0 24024.0 300.0 300.0 23 36834.0 39245.0 300.0 300.0
381.45603454617327 32 40115.0 42016.0 300.0 300.0 23 55834.0 58478.0 300.0 300.0
806.9532271999966 34 32291.0 35192.0 300.0 300.0 19 51890.0 54453.0 300.0 300.0
408.0196064418868 37 48947.0 51490.0 300.0 300.0 10 63652.0 65897.0 300.0 300.0
766.8656410774491 36 20031.0 22621.0 300.0 300.0 23 39175.0 41201.0 300.0 300.0
2.145340250610195 38 21409.0 23619.0 300.0 300.0 15 35560.0 38891.0 300.0 300.0
102.69933079023275 49 34771.0 37692.0 300.0 300.0 55 49340.0 52281.0 300.0 300.0
308.8565447674342 60 47186.0 49519.0 300.0 300.0 56 60674.0 62533.0 300.0 300.0
5.254561292343696 25 46968.0 50505.0 300.0 300.0 30 62026.0 64047.0 300.0 300.0
591.5752272941209 26 50471.0 52547.0 300.0 300.0 33 67603.0 70820.0 300.0 300.0
419.52697664203964 50 18526.0 21564.0 300.0 300.0 25 37271.0 40210.0 300.0 300.0
556.1223247824893 52 45075.0 47606.0 300.0 300.0 38 59858.0 61944.0 300.0 300.0
451.2424579824198 49 29413.0 32112.0 300.0 300.0 38 44404.0 46896.0 300.0 300.0
696.6402803944943 54 20374.0 23531.0 300.0 300.0 47 35278.0 37260.0 300.0 300.0
685.8264310621119 24 35893.0 38163.0 300.0 300.0 58 53576.0 55807.0 300.0 300.0
846.8371932452517 23 51567.0 54782.0 300.0 300.0 58 70573.0 74052.0 300.0 300.0
630.8802437328716 55 25678.0 29187.0 300.0 300.0 42 44511.0 46487.0 300.0 300.0
803.3353253320994 51 22587.0 24804.0 300.0 300.0 40 40236.0 43250.0 300.0 300.0
138.3826126138429 39 47141.0 49149.0 300.0 300.0 44 62203.0 64551.0 300.0 300.0
30.214054455739547 21 53211.0 55492.0 300.0 300.0 56 73032.0 74942.0 300.0 300.0
562.3132495685164 13 30712.0 33227.0 300.0 300.0 23 46831.0 49579.0 300.0 300.0
485.73217147621205 36 25949.0 27890.0 300.0 300.0 17 44545.0 46986.0 300.0 300.0
827.8096571964961 46 40534.0 43828.0 300.0 300.0 11 59346.0 61385.0 300.0 300.0
698.7359384178786 37 42792.0 45521.0 300.0 300.0 59 61065.0 64209.0 300.0 300.0
155.29349531253078 53 31326.0 33816.0 300.0 300.0 34 44985.0 48518.0 300.0 300.0
512.8197623128718 41 39132.0 42130.0 300.0 300.0 14 59214.0 61921.0 300.0 300.0
132.5922517183974 57 33841.0 36662.0 300.0 300.0 17 53782.0 55976.0 300.0 300.0
794.6993999749388 24 45706.0 48046.0 300.0 300.0 25 62646.0 65719.0 300.0 300.0
254.65955499248471 37 33212.0 35586.0 300.0 300.0 18 52373.0 55107.0 300.0 300.0
737.640784148588 35 27348.0 30648.0 300.0 300.0 57 42412.0 44493.0 300.0 300.0
158.1683305254581 13 33343.0 35761.0 300.0 300.0 30 51156.0 53313.0 300.0 300.0
783.7065478325637 54 25205.0 28349.0 300.0 300.0 25 46253.0 48855.0 300.0 300.0
130.48791491658463 23 49021.0 51723.0 300.0 300.0 45 63656.0 66404.0 300.0 300.0
226.9457963692647 48 22724.0 26078.0 300.0 300.0 12 39819.0 42643.0 300.0 300.0
242.21374102387304 15 28106.0 30836.0 300.0 300.0 30 47389.0 50214.0 300.0 300.0
64.75345402096467 38 40658.0 42465.0 300.0 300.0 51 56568.0 58683.0 300.0 300.0
671.7213143016899 54 33492.0 36910.0 300.0 300.0 57 48797.0 52333.0 300.0 300.0
942.1255072312221 16 46245.0 49359.0 300.0 300.0 24 61606.0 64484.0 300.0 300.0
600.7667056044088 13 25866.0 28551.0 300.0 300.0 49 44788.0 47763.0 300.0 300.0
123.47565004373917 29 21976.0 24231.0 300.0 300.0 31 37563.0 40175.0 300.0 300.0
962.9308912200106 48 53082.0 56547.0 300.0 300.0 49 72302.0 75363.0 300.0 300.0
353.47066217464794 54 31573.0 34129.0 300.0 300.0 17 49267.0 51310.0 300.0 300.0
432.0555793204958 10 28379.0 31193.0 300.0 300.0 23 48096.0 50487.0 300.0 300.0
490.77668645890515 41 40112.0 43002.0 300.0 300.0 17 56250.0 59086.0 300.0 300.0
315.4707453991128 15 36029.0 38819.0 300.0 300.0 42 55241.0 57808.0 300.0 300.0
659.8482844686542 51 35265.0 38071.0 300.0 300.0 11 49432.0 51987.0 300.0 300.0
545.8711030720314 45 22407.0 25160.0 300.0 300.0 59 38465.0 41031.0 300.0 300.0
843.4784750607568 13 22266.0 25738.0 300.0 300.0 50 37479.0 40030.0 300.0 300.0
184.63511840890334 18 44010.0 46816.0 300.0 300.0 55 58465.0 61979.0 300.0 300.0
794.6719059585971 12 22080.0 24654.0 300.0 300.0 31 41285.0 44462.0 300.0 300.0
806.0496695577013 27 23753.0 25710.0 300.0 300.0 32 43202.0 45348.0 300.0 300.0
576.7975774866056 23 40996.0 42966.0 300.0 300.0 17 56613.0 58860.0 300.0 300.0
733.5297809996065 54 18751.0 21238.0 300.0 300.0 45 36643.0 38595.0 300.0 300.0
126.58245542996605 57 28050.0 31327.0 300.0 300.0 31 49063.0 52287.0 300.0 300.0
362.11180745112523 26 27837.0 29924.0 300.0 300.0 10 44037.0 45840.0 300.0 300.0
890.3643418388707 38 30853.0 33836.0 300.0 300.0 22 49785.0 52866.0 300.0 300.0
102.22074954310922 51 53963.0 57145.0 300.0 300.0 30 68253.0 70975.0 300.0 300.0
709.5458124428606 18 19860.0 23397.0 300.0 300.0 54 35264.0 38590.0 300.0 300.0
803.3258714969955 36 39299.0 41310.0 300.0 300.0 11 54398.0 57008.0 300.0 300.0
860.1669159874394 47 18501.0 20914.0 300.0 300.0 39 33864.0 37342.0 300.0 300.0
707.3253670950015 36 36895.0 39894.0 300.0 300.0 43 51402.0 53433.0 300.0 300.0
102.11165724674831 17 46866.0 48853.0 300.0 300.0 46 63182.0 66581.0 300.0 300.0
994.4436784366941 30 22950.0 25534.0 300.0 300.0 23 38322.0 40493.0 300.0 300.0
118.21555497810354 46 52458.0 54481.0 300.0 300.0 11 71372.0 73565.0 300.0 300.0
132.56193214678268 45 30586.0 34074.0 300.0 300.0 30 49297.0 52648.0 300.0 300.0
159.36774698107615 58 29675.0 33195.0 300.0 300.0 54 44539.0 47288.0 300.0 300.0
447.0818803064014 51 43111.0 45965.0 300.0 300.0 27 59131.0 61569.0 300.0 300.0
629.8870769373019 31 42662.0 44626.0 300.0 300.0 34 57324.0 60326.0 300.0 300.0
374.87585528733047 29 19533.0 21459.0 300.0 300.0 35 38040.0 40785.0 300.0 300.0
803.6624707744942 30 38738.0 41616.0 300.0 300.0 56 53173.0 55930.0 300.0 300.0
644.1986977859985 43 21988.0 25519.0 300.0 300.0 23 40578.0 43525.0 300.0 300.0
645.8232275083163 51 32013.0 34727.0 300.0 300.0 15 45534.0 47935.0 300.0 300.0
383.6117723620632 28 22072.0 25217.0 300.0 300.0 14 41067.0 43348.0 300.0 300.0
601.4579120854282 28 31774.0 35329.0 300.0 300.0 53 52453.0 55058.0 300.0 300.0
767.3423330766984 32 50202.0 52642.0 300.0 300.0 45 68354.0 71686.0 300.0 300.0
210.92057891775318 40 49860.0 53296.0 300.0 300.0 42 68021.0 70580.0 300.0 300.0
971.8027830571801 11 46124.0 48141.0 300.0 300.0 51 60069.0 62025.0 300.0 300.0
13.71436437731477 32 48108.0 50521.0 300.0 300.0 53 66710.0 69338.0 300.0 300.0
777.3249293481288 14 47931.0 51375.0 300.0 300.0 10 67152.0 70219.0 300.0 300.0
637.3642805209888 50 33083.0 35321.0 300.0 300.0 47 46898.0 49200.0 300.0 300.0
288.9991518775973 17 51297.0 54451.0 300.0 300.0 58 70373.0 72899.0 300.0 300.0
445.9965576905249 19 25113.0 28124.0 300.0 300.0 13 41841.0 43668.0 300.0 300.0
768.7006466335926 36 47352.0 50374.0 300.0 300.0 34 61526.0 64669.0 300.0 300.0
91.82119833240276 13 23990.0 26428.0 300.0 300.0 45 42620.0 45635.0 300.0 300.0
124.16116256773213 48 27450.0 30356.0 300.0 300.0 49 44961.0 48492.0 300.0 300.0
702.0309392960031 38 50989.0 52927.0 300.0 300.0 48 65838.0 67743.0 300.0 300.0
956.9050472925952 42 50174.0 53164.0 300.0 300.0 56 65766.0 68473.0 300.0 300.0
908.8228012498995 52 45705.0 47994.0 300.0 300.0 46 59609.0 61582.0 300.0 300.0
354.99116829562286 17 47893.0 49901.0 300.0 300.0 46 62561.0 64955.0 300.0 300.0
140.73210708478322 35 50939.0 54272.0 300.0 300.0 49 69697.0 71673.0 300.0 300.0
564.1377791986629 12 20009.0 23598.0 300.0 300.0 27 38175.0 41139.0 300.0 300.0
423.0316657069809 47 19015.0 22585.0 300.0 300.0 52 37729.0 40397.0 300.0 300.0
876.6827136325297 58 28293.0 31789.0 300.0 300.0 29 46098.0 49664.0 300.0 300.0
751.7560372499231 52 36606.0 39968.0 300.0 300.0 59 54101.0 56945.0 300.0 300.0
246.04844068791098 43 50191.0 52033.0 300.0 300.0 16 63781.0 67361.0 300.0 300.0
12.49992840482783 60 47852.0 50511.0 300.0 300.0 49 62635.0 66149.0 300.0 300.0
328.4153011521741 11 36128.0 38956.0 300.0 300.0 58 50534.0 52979.0 300.0 300.0
498.42626021134674 50 31230.0 33814.0 300.0 300.0 39 51570.0 54001.0 300.0 300.0
546.01118830523 24 47370.0 49536.0 300.0 300.0 39 60561.0 62870.0 300.0 300.0
663.1916751556051 37 39656.0 43179.0 300.0 300.0 33 54672.0 57805.0 300.0 300.0
890.0251837992777 39 30226.0 32977.0 300.0 300.0 19 48312.0 50994.0 300.0 300.0
629.4187067821717 24 31502.0 34738.0 300.0 300.0 54 46918.0 49050.0 300.0 300.0
177.25062318437423 15 53800.0 56364.0 300.0 300.0 18 68621.0 70672.0 300.0 300.0
701.9558412412412 11 53778.0 56004.0 300.0 300.0 17 70893.0 73808.0 300.0 300.0
344.1345005594195 37 29432.0 32980.0 300.0 300.0 39 44396.0 47239.0 300.0 300.0
231.87961822520674 51 21470.0 24759.0 300.0 300.0 55 36722.0 39610.0 300.0 300.0
715.3080359609555 37 44733.0 48047.0 300.0 300.0 49 65265.0 67118.0 300.0 300.0
400.79974810594956 20 21946.0 24330.0 300.0 300.0 57 36067.0 39061.0 300.0 300.0
490.62181119809856 56 29855.0 33228.0 300.0 300.0 58 49800.0 52643.0 300.0 300.0
88.69032822816747 33 22102.0 24642.0 300.0 300.0 23 40047.0 42467.0 300.0 300.0
534.3135759724111 12 33637.0 36308.0 300.0 300.0 41 50984.0 52990.0 300.0 300.0
929.7276411904738 35 35460.0 37745.0 300.0 300.0 57 51370.0 53631.0 300.0 300.0
860.6695614550101 29 27458.0 31035.0 300.0 300.0 51 48163.0 50113.0 300.0 300.0
911.3814663254589 18 46244.0 48748.0 300.0 300.0 25 63530.0 67117.0 300.0 300.0
540.256338146415 43 37244.0 40453.0 300.0 300.0 42 51743.0 54860.0 300.0 300.0
628.5729729384673 55 20377.0 22706.0 300.0 300.0 33 34187.0 37260.0 300.0 300.0
506.72482561519496 52 44890.0 48302.0 300.0 300.0 48 64699.0 68053.0 300.0 300.0
247.73822909324062 39 28712.0 31860.0 300.0 300.0 28 45046.0 47620.0 300.0 300.0
442.9211923549414 28 42449.0 45726.0 300.0 300.0 29 61124.0 63972.0 300.0 300.0
780.1667248851065 29 44388.0 46569.0 300.0 300.0 15 64038.0 67380.0 300.0 300.0
442.5619133722264 44 52502.0 55809.0 300.0 300.0 10 73230.0 75302.0 300.0 300.0
809.4278920487177 42 27139.0 29073.0 300.0 300.0 43 45839.0 49014.0 300.0 300.0
965.387714760682 18 22139.0 24652.0 300.0 300.0 28 41361.0 43464.0 300.0 300.0
997.8482584899216 33 33383.0 35256.0 300.0 300.0 39 46152.0 48762.0 300.0 300.0
74.23624622821612 55 41399.0 44170.0 300.0 300.0 17 60036.0 62216.0 300.0 300.0
630.0190077629932 18 52943.0 54934.0 300.0 300.0 47 66675.0 69438.0 300.0 300.0
515.9627741022988 35 22811.0 24777.0 300.0 300.0 23 39322.0 42411.0 300.0 300.0
989.7398024825026 42 41925.0 44832.0 300.0 300.0 24 56237.0 59825.0 300.0 300.0
698.0711663640596 36 27172.0 29130.0 300.0 300.0 43 45548.0 49026.0 300.0 300.0
347.5515109641697 41 33432.0 35947.0 300.0 300.0 11 49664.0 53155.0 300.0 300.0
442.14548925722676 53 33595.0 35913.0 300.0 300.0 32 52265.0 55404.0 300.0 300.0
830.3687132944448 15 23887.0 27255.0 300.0 300.0 12 39225.0 41324.0 300.0 300.0
845.9203259496945 39 20597.0 23976.0 300.0 300.0 11 41020.0 42954.0 300.0 300.0
8.355681265164726 42 25535.0 28928.0 300.0 300.0 21 39839.0 43156.0 300.0 300.0
49.69918751241708 20 39892.0 42675.0 300.0 300.0 27 59349.0 62133.0 300.0 300.0
957.1367801415961 44 35475.0 37793.0 300.0 300.0 23 50029.0 53124.0 300.0 300.0
930.8006100502404 53 24147.0 27584.0 300.0 300.0 44 43883.0 46415.0 300.0 300.0
110.10685029641975 52 51054.0 53425.0 300.0 300.0 56 67240.0 69548.0 300.0 300.0
102.13215915962137 55 25298.0 27182.0 300.0 300.0 56 42479.0 44735.0 300.0 300.0
914.7991535908268 42 52654.0 55877.0 300.0 300.0 52 68964.0 70924.0 300.0 300.0
287.59086356194996 34 44544.0 46620.0 300.0 300.0 54 61690.0 64090.0 300.0 300.0
142.14225498638444 42 34579.0 36659.0 300.0 300.0 43 53722.0 55705.0 300.0 300.0
516.8650093244261 36 52851.0 55767.0 300.0 300.0 18 68331.0 71306.0 300.0 300.0
395.52972761111624 54 46700.0 48802.0 300.0 300.0 32 62091.0 65250.0 300.0 300.0
313.8449542662862 13 23896.0 26319.0 300.0 300.0 22 41622.0 44574.0 300.0 300.0
639.8549827915756 37 22314.0 25384.0 300.0 300.0 22 41111.0 43329.0 300.0 300.0
444.0895620172559 22 22835.0 25789.0 300.0 300.0 10 36909.0 40149.0 300.0 300.0
365.31431471635267 26 19171.0 22401.0 300.0 300.0 42 33407.0 36306.0 300.0 300.0
994.8674877206633 42 25096.0 27789.0 300.0 300.0 37 40997.0 44208.0 300.0 300.0
747.5194202806105 52 43113.0 46354.0 300.0 300.0 38 62613.0 64435.0 300.0 300.0
852.8002347776692 46 41503.0 43949.0 300.0 300.0 49 55304.0 57822.0 300.0 300.0
29.326231740728904 58 23004.0 25109.0 300.0 300.0 22 41149.0 43541.0 300.0 300.0
645.0535455364842 58 53208.0 55832.0 300.0 300.0 26 71007.0 73921.0 300.0 300.0
480.1913793963386 14 53855.0 56461.0 300.0 300.0 20 68777.0 71937.0 300.0 300.0
155.70576544114067 38 35027.0 37482.0 300.0 300.0 33 51339.0 53527.0 300.0 300.0
69.60358265137346 43 25805.0 28379.0 300.0 300.0 24 43331.0 46787.0 300.0 300.0
214.09442458316562 51 45480.0 47746.0 300.0 300.0 59 60427.0 63486.0 300.0 300.0
290.3653131487668 26 42072.0 44541.0 300.0 300.0 15 58165.0 61015.0 300.0 300.0
280.7057496822123 56 53844.0 56864.0 300.0 300.0 20 70994.0 73122.0 300.0 300.0
987.7614388296661 29 28543.0 31542.0 300.0 300.0 23 49027.0 51358.0 300.0 300.0
992.0032211900107 42 38394.0 40941.0 300.0 300.0 21 53341.0 55485.0 300.0 300.0
178.86029739406374 56 51356.0 53855.0 300.0 300.0 51 65474.0 67798.0 300.0 300.0
941.3424602654163 11 50300.0 52968.0 300.0 300.0 52 67785.0 70605.0 300.0 300.0
503.6359618959624 50 49964.0 52569.0 300.0 300.0 34 67061.0 70336.0 300.0 300.0
1.0158605892209849 50 48842.0 51014.0 300.0 300.0 23 68337.0 70314.0 300.0 300.0
441.9447791560543 28 45591.0 47415.0 300.0 300.0 31 63701.0 66893.0 300.0 300.0
672.1160121329865 37 37052.0 40204.0 300.0 300.0 47 56394.0 58932.0 300.0 300.0
797.6719748656149 30 51967.0 54796.0 300.0 300.0 55 65817.0 68329.0 300.0 300.0
785.2743706182298 18 48030.0 51433.0 300.0 300.0 48 65565.0 68959.0 300.0 300.0
218.00012705297445 54 28422.0 31386.0 300.0 300.0 49 42309.0 44505.0 300.0 300.0
476.77635648342164 55 21220.0 24816.0 300.0 300.0 14 38803.0 41671.0 300.0 300.0
940.5290740910988 57 29987.0 32855.0 300.0 300.0 24 50388.0 53469.0 300.0 300.0
700.8010619730619 54 41143.0 42954.0 300.0 300.0 23 58629.0 61552.0 300.0 300.0
287.06130873444823 39 28626.0 30591.0 300.0 300.0 14 42398.0 45941.0 300.0 300.0
688.6828104575086 44 43572.0 45468.0 300.0 300.0 22 57375.0 59477.0 300.0 300.0
127.79586030392286 18 37154.0 39272.0 300.0 300.0 34 56527.0 59751.0 300.0 300.0
168.623776896507 30 25085.0 27489.0 300.0 300.0 42 41036.0 44003.0 300.0 300.0
85.36261854972172 25 42191.0 44032.0 300.0 300.0 17 56825.0 59625.0 300.0 300.0
862.0486366754253 28 37282.0 39376.0 300.0 300.0 52 55421.0 57509.0 300.0 300.0
330.8658216093453 59 39524.0 42865.0 300.0 300.0 14 60158.0 61988.0 300.0 300.0
683.0136084036185 59 20742.0 23893.0 300.0 300.0 27 36820.0 38974.0 300.0 300.0
624.5549613769857 11 23899.0 26394.0 300.0 300.0 22 43866.0 45854.0 300.0 300.0
201.36365478803032 16 44895.0 48191.0 300.0 300.0 29 62007.0 65236.0 300.0 300.0
686.9420331229849 25 32156.0 34291.0 300.0 300.0 22 46029.0 48244.0 300.0 300.0
664.6486054807026 40 25306.0 28872.0 300.0 300.0 41 41218.0 44386.0 300.0 300.0
951.5505835868281 19 49104.0 51816.0 300.0 300.0 45 67128.0 70310.0 300.0 300.0
193.5159442251291 41 31078.0 34072.0 300.0 300.0 40 48787.0 50712.0 300.0 300.0
381.80274149545903 49 18104.0 21205.0 300.0 300.0 46 36588.0 39286.0 300.0 300.0
515.1181183985323 33 44040.0 46670.0 300.0 300.0 12 60823.0 64130.0 300.0 300.0
949.9903460138089 56 28128.0 31684.0 300.0 300.0 36 42860.0 45564.0 300.0 300.0
733.1088551125756 59 34640.0 36488.0 300.0 300.0 26 49525.0 52811.0 300.0 300.0
928.3731870239342 47 36585.0 39558.0 300.0 300.0 48 53957.0 56620.0 300.0 300.0
464.53427128607296 44 43713.0 46690.0 300.0 300.0 23 61008.0 63650.0 300.0 300.0
668.1170605224314 30 19351.0 21387.0 300.0 300.0 16 32730.0 36238.0 300.0 300.0
126.1969386903058 38 27948.0 30838.0 300.0 300.0 11 46694.0 49974.0 300.0 300.0
612.3133934092574 25 46661.0 48918.0 300.0 300.0 23 62779.0 65060.0 300.0 300.0
8.118265115354962 60 53544.0 56786.0 300.0 300.0 59 70029.0 72373.0 300.0 300.0
960.3782517480511 39 24551.0 26673.0 300.0 300.0 52 43923.0 47002.0 300.0 300.0
921.1408953497794 32 31550.0 35041.0 300.0 300.0 36 46515.0 48375.0 300.0 300.0
462.7459035889553 35 36701.0 39772.0 300.0 300.0 36 56678.0 60066.0 300.0 300.0
900.481139454614 24 32066.0 35213.0 300.0 300.0 50 51710.0 53713.0 300.0 300.0
51.370291561707916 53 45459.0 48450.0 300.0 300.0 35 60361.0 63474.0 300.0 300.0
547.5077987671336 46 50217.0 53335.0 300.0 300.0 25 67987.0 70081.0 300.0 300.0
411.9109485122149 26 41727.0 43594.0 300.0 300.0 49 56981.0 59549.0 300.0 300.0
817.920078563712 36 39702.0 42319.0 300.0 300.0 59 57276.0 59895.0 300.0 300.0
670.7747950758512 28 41707.0 43835.0 300.0 300.0 51 61418.0 64891.0 300.0 300.0
244.91976142121717 50 34005.0 36076.0 300.0 300.0 34 49355.0 52063.0 300.0 300.0
331.95143508904965 20 42402.0 44758.0 300.0 300.0 50 61090.0 63200.0 300.0 300.0
909.4027389645084 19 35158.0 38659.0 300.0 300.0 55 50486.0 53678.0 300.0 300.0
666.7279702149697 58 45518.0 48890.0 300.0 300.0 34 65798.0 68774.0 300.0 300.0
733.480802071136 54 20145.0 22840.0 300.0 300.0 28 39708.0 42423.0 300.0 300.0
380.19330059836534 20 19037.0 21430.0 300.0 300.0 42 34582.0 37534.0 300.0 300.0
536.0138783564123 18 36871.0 40266.0 300.0 300.0 30 51603.0 54309.0 300.0 300.0
482.6015958122026 16 33467.0 35663.0 300.0 300.0 28 51048.0 54300.0 300.0 300.0
515.8879893283319 29 22672.0 25334.0 300.0 300.0 41 41393.0 44979.0 300.0 300.0
546.2013775258945 58 21374.0 23938.0 300.0 300.0 13 38863.0 42295.0 300.0 300.0
546.489930297651 13 22804.0 25515.0 300.0 300.0 24 37376.0 40449.0 300.0 300.0
578.464414667817 51 38516.0 41062.0 300.0 300.0 18 57648.0 61107.0 300.0 300.0
608.5595335376444 42 50675.0 54124.0 300.0 300.0 47 70084.0 72935.0 300.0 300.0
474.5549930708572 30 34280.0 37772.0 300.0 300.0 32 55060.0 57032.0 300.0 300.0
453.0689299008361 16 38788.0 41416.0 300.0 300.0 21 56885.0 59631.0 300.0 300.0
793.5310043091099 52 22307.0 24870.0 300.0 300.0 33 36795.0 39826.0 300.0 300.0
875.0894711872558 57 44890.0 46711.0 300.0 300.0 46 61983.0 63783.0 300.0 300.0
536.7014192352733 18 30627.0 32997.0 300.0 300.0 43 46179.0 48247.0 300.0 300.0
857.2345035310364 31 47377.0 49637.0 300.0 300.0 10 63046.0 65052.0 300.0 300.0
779.6947287653718 21 34289.0 36972.0 300.0 300.0 10 52462.0 55535.0 300.0 300.0
980.0644567839192 30 46107.0 48520.0 300.0 300.0 53 60913.0 64296.0 300.0 300.0
743.409111701385 35 33731.0 36738.0 300.0 300.0 48 47795.0 50702.0 300.0 300.0
429.0344438200602 39 35885.0 37872.0 300.0 300.0 13 50528.0 53985.0 300.0 300.0
988.7801380569206 21 20796.0 23893.0 300.0 300.0 29 35105.0 37959.0 300.0 300.0
294.7553754467019 16 27410.0 30056.0 300.0 300.0 36 45569.0 47922.0 300.0 300.0
426.25751639542364 44 26653.0 30069.0 300.0 300.0 22 40891.0 43161.0 300.0 300.0
666.5059104605059 51 33749.0 36563.0 300.0 300.0 50 51440.0 53246.0 300.0 300.0
267.43947959610324 53 29543.0 32924.0 300.0 300.0 36 47594.0 50226.0 300.0 300.0
868.422705709653 39 27806.0 30601.0 300.0 300.0 23 42754.0 45890.0 300.0 300.0
672.2633101139713 46 36487.0 38952.0 300.0 300.0 56 54863.0 58309.0 300.0 300.0
553.3406017231213 46 25827.0 27656.0 300.0 300.0 33 42442.0 45488.0 300.0 300.0
903.6570275489895 46 47281.0 49797.0 300.0 300.0 12 60750.0 63480.0 300.0 300.0
829.9511223846762 36 53088.0 55707.0 300.0 300.0 35 71048.0 74479.0 300.0 300.0
270.1577776253331 48 32436.0 34792.0 300.0 300.0 27 52458.0 55940.0 300.0 300.0
93.27516591618168 45 29501.0 33002.0 300.0 300.0 51 49982.0 52118.0 300.0 300.0
977.6136031999791 53 34458.0 36272.0 300.0 300.0 20 48484.0 51925.0 300.0 300.0
304.2556891169581 35 53039.0 56364.0 300.0 300.0 26 71576.0 73755.0 300.0 300.0
419.9936320203849 28 35066.0 38487.0 300.0 300.0 53 56012.0 58260.0 300.0 300.0
528.7935186865219 26 37608.0 39611.0 300.0 300.0 12 56354.0 59458.0 300.0 300.0
97.2033522068575 58 20772.0 22937.0 300.0 300.0 52 34863.0 38246.0 300.0 300.0
116.37812128647151 50 46156.0 48552.0 300.0 300.0 43 61879.0 64704.0 300.0 300.0
669.6739545309083 10 52558.0 54671.0 300.0 300.0 20 68064.0 71359.0 300.0 300.0
849.5792269973133 39 24268.0 26235.0 300.0 300.0 59 42633.0 45658.0 300.0 300.0
44.783477168391705 26 27339.0 29341.0 300.0 300.0 52 41297.0 44273.0 300.0 300.0
213.41849228643318 11 44069.0 47641.0 300.0 300.0 52 61369.0 64835.0 300.0 300.0
472.6596936516418 59 18078.0 20951.0 300.0 300.0 40 37243.0 40756.0 300.0 300.0
962.7577585111515 17 38598.0 40710.0 300.0 300.0 39 56185.0 58774.0 300.0 300.0
526.7767756734611 32 48989.0 50973.0 300.0 300.0 28 65915.0 67828.0 300.0 300.0
860.4242178502756 47 51659.0 54885.0 300.0 300.0 28 67691.0 70391.0 300.0 300.0
410.52645368340114 41 36624.0 38793.0 300.0 300.0 35 51790.0 54395.0 300.0 300.0
632.3200269468965 19 40057.0 42667.0 300.0 300.0 49 59731.0 61595.0 300.0 300.0
101.53581950652568 29 31811.0 34850.0 300.0 300.0 48 52477.0 55290.0 300.0 300.0
261.0846012351876 23 33603.0 35729.0 300.0 300.0 16 50083.0 53154.0 300.0 300.0
492.20528529364515 39 23711.0 27309.0 300.0 300.0 58 39704.0 42577.0 300.0 300.0
999.2201407533729 17 34864.0 38323.0 300.0 300.0 32 54853.0 57547.0 300.0 300.0
463.41716010587794 46 48572.0 50497.0 300.0 300.0 10 62813.0 65537.0 300.0 300.0
317.5561186385988 19 35690.0 38173.0 300.0 300.0 59 49947.0 53173.0 300.0 300.0
28.656297501440054 11 20251.0 22211.0 300.0 300.0 45 37151.0 39102.0 300.0 300.0
166.49165865830383 16 51423.0 54400.0 300.0 300.0 11 68012.0 70507.0 300.0 300.0
582.3020619529728 23 52036.0 55217.0 300.0 300.0 18 68255.0 70821.0 300.0 300.0
775.9697175265774 13 45704.0 48471.0 300.0 300.0 32 62887.0 65826.0 300.0 300.0
387.38784361270206 35 33776.0 37284.0 300.0 300.0 26 50201.0 53436.0 300.0 300.0
975.3287759694172 59 36152.0 38823.0 300.0 300.0 40 51128.0 53726.0 300.0 300.0
737.8402871733146 25 21427.0 24171.0 300.0 300.0 59 35576.0 38915.0 300.0 300.0
5.1482254095934765 28 50017.0 52668.0 300.0 300.0 19 69311.0 72302.0 300.0 300.0
455.6481953902072 14 41843.0 45178.0 300.0 300.0 22 59148.0 61005.0 300.0 300.0
708.4295641593225 53 23342.0 25944.0 300.0 300.0 39 37263.0 39468.0 300.0 300.0
246.48210299642247 56 42439.0 45571.0 300.0 300.0 29 62770.0 65450.0 300.0 300.0
125.78873324991757 36 28287.0 31070.0 300.0 300.0 26 45805.0 48912.0 300.0 300.0
884.2807717225875 16 31034.0 33416.0 300.0 300.0 57 46950.0 50333.0 300.0 300.0
36.000881907316206 18 33877.0 37391.0 300.0 300.0 15 48999.0 51599.0 300.0 300.0
656.9024787727486 11 52198.0 54529.0 300.0 300.0 41 68892.0 72223.0 300.0 300.0
145.84087047498727 54 29712.0 32507.0 300.0 300.0 23 44791.0 47775.0 300.0 300.0
146.1479514434364 29 18402.0 20427.0 300.0 300.0 45 38059.0 40493.0 300.0 300.0
67.67539642918973 23 39656.0 43038.0 300.0 300.0 46 54885.0 57056.0 300.0 300.0
385.7111260371331 42 25424.0 28541.0 300.0 300.0 41 45546.0 48886.0 300.0 300.0
165.03903054289592 11 46294.0 49173.0 300.0 300.0 54 66048.0 68866.0 300.0 300.0
123.69223004224649 44 47537.0 51132.0 300.0 300.0 55 68178.0 71638.0 300.0 300.0
890.1931010186815 36 41478.0 43314.0 300.0 300.0 23 58075.0 60821.0 300.0 300.0
180.38046787425378 15 36856.0 39043.0 300.0 300.0 49 55903.0 58202.0 300.0 300.0
587.5224231716057 31 49406.0 52525.0 300.0 300.0 32 69589.0 71984.0 300.0 300.0
339.61852652396385 19 24594.0 28170.0 300.0 300.0 34 42632.0 45998.0 300.0 300.0
456.0513428387999 13 35933.0 39402.0 300.0 300.0 34 50524.0 53188.0 300.0 300.0
430.11321656966294 39 47570.0 50767.0 300.0 300.0 41 64681.0 68130.0 300.0 300.0
626.2044658475961 14 53669.0 56598.0 300.0 300.0 48 68585.0 71149.0 300.0 300.0
62.84409922432266 36 40734.0 44004.0 300.0 300.0 41 60073.0 63526.0 300.0 300.0
142.42834141113937 18 39506.0 42909.0 300.0 300.0 29 60387.0 63908.0 300.0 300.0
197.9098156508673 60 25369.0 28514.0 300.0 300.0 48 39605.0 41450.0 300.0 300.0
196.02838525307808 21 36761.0 40110.0 300.0 300.0 30 55040.0 56942.0 300.0 300.0
358.7780480837314 26 24317.0 26734.0 300.0 300.0 16 43178.0 45423.0 300.0 300.0
722.5378373399918 45 27622.0 30895.0 300.0 300.0 11 45149.0 47590.0 300.0 300.0
918.385560692111 56 33783.0 36091.0 300.0 300.0 32 48584.0 50823.0 300.0 300.0
575.4733895373694 58 47232.0 49558.0 300.0 300.0 19 62955.0 66166.0 300.0 300.0
708.655147985537 46 19057.0 22053.0 300.0 300.0 53 35019.0 36902.0 300.0 300.0
883.1726455468857 12 36801.0 40290.0 300.0 300.0 41 53613.0 56655.0 300.0 300.0
995.9257559184526 25 18462.0 20678.0 300.0 300.0 14 36939.0 40463.0 300.0 300.0
966.6518335299896 32 38773.0 41857.0 300.0 300.0 21 53874.0 57471.0 300.0 300.0
97.06380986749285 52 20994.0 24593.0 300.0 300.0 56 36735.0 39020.0 300.0 300.0
782.5479813075125 36 41338.0 44392.0 300.0 300.0 37 61035.0 63385.0 300.0 300.0
46.55692156544289 24 39903.0 42668.0 300.0 300.0 58 53527.0 56481.0 300.0 300.0
304.0645917188868 28 46572.0 49041.0 300.0 300.0 46 63193.0 65517.0 300.0 300.0
459.9716675348507 13 19733.0 23162.0 300.0 300.0 10 38296.0 40647.0 300.0 300.0
471.65574372972907 48 36114.0 39404.0 300.0 300.0 23 56181.0 57997.0 300.0 300.0
254.45033673512563 50 47432.0 50385.0 300.0 300.0 10 67844.0 70317.0 300.0 300.0
350.55833501565814 10 21532.0 23419.0 300.0 300.0 50 36871.0 39403.0 300.0 300.0
97.46581563144518 15 53836.0 57211.0 300.0 300.0 26 71524.0 74581.0 300.0 300.0
300.1929801391784 41 46161.0 48763.0 300.0 300.0 21 66127.0 69003.0 300.0 300.0
260.26428788686496 45 45233.0 47470.0 300.0 300.0 14 59148.0 61425.0 300.0 300.0
276.25488992505854 31 37061.0 39301.0 300.0 300.0 23 50953.0 53689.0 300.0 300.0
86.08995560772237 40 18553.0 21768.0 300.0 300.0 53 39292.0 41103.0 300.0 300.0
694.7296087993666 59 25533.0 27450.0 300.0 300.0 41 42991.0 46180.0 300.0 300.0
163.56936020608114 49 43016.0 46563.0 300.0 300.0 47 59036.0 61019.0 300.0 300.0
542.1996258505711 15 29019.0 31823.0 300.0 300.0 14 44851.0 47969.0 300.0 300.0
875.0737078553559 12 52302.0 54167.0 300.0 300.0 51 67334.0 69729.0 300.0 300.0
932.1316696486691 31 46788.0 49960.0 300.0 300.0 45 67548.0 69484.0 300.0 300.0
605.3911451316573 11 19480.0 21908.0 300.0 300.0 49 38456.0 40301.0 300.0 300.0
5.202167546767389 15 22103.0 25030.0 300.0 300.0 37 38007.0 40012.0 300.0 300.0
118.91374043904068 60 40333.0 43197.0 300.0 300.0 39 58104.0 61435.0 300.0 300.0
735.3578122584925 17 18085.0 20210.0 300.0 300.0 25 34696.0 38158.0 300.0 300.0
499.44308720094057 52 52286.0 55194.0 300.0 300.0 29 70315.0 73106.0 300.0 300.0
723.8194549341424 48 23579.0 27162.0 300.0 300.0 53 38172.0 40440.0 300.0 300.0
385.68092615205506 38 37995.0 40669.0 300.0 300.0 47 56173.0 58189.0 300.0 300.0
691.5987150279568 48 41409.0 44694.0 300.0 300.0 39 60820.0 64195.0 300.0 300.0
801.9115691012354 49 35606.0 38557.0 300.0 300.0 10 50195.0 53213.0 300.0 300.0
977.6576010708438 14 51718.0 55247.0 300.0 300.0 24 70702.0 72779.0 300.0 300.0
686.0907861220127 18 27801.0 30700.0 300.0 300.0 55 46871.0 49809.0 300.0 300.0
634.3304974403861 59 26852.0 28703.0 300.0 300.0 29 40183.0 42291.0 300.0 300.0
749.6944687997762 19 39564.0 42038.0 300.0 300.0 42 58637.0 60927.0 300.0 300.0
513.1455780630224 30 35654.0 39207.0 300.0 300.0 53 51570.0 53796.0 300.0 300.0
792.7896457802186 14 20219.0 23631.0 300.0 300.0 34 36929.0 39616.0 300.0 300.0
241.2044893585814 21 24167.0 26228.0 300.0 300.0 19 42263.0 44227.0 300.0 300.0
255.78336156385507 41 29049.0 32401.0 300.0 300.0 51 44205.0 46548.0 300.0 300.0
998.660624201909 48 31591.0 33598.0 300.0 300.0 41 50051.0 53368.0 300.0 300.0
62.47217946751893 38 43641.0 45866.0 300.0 300.0 37 59026.0 62189.0 300.0 300.0
178.79788170128575 51 51980.0 55398.0 300.0 300.0 14 68909.0 72446.0 300.0 300.0
628.0183868871945 58 28329.0 31828.0 300.0 300.0 28 48061.0 51371.0 300.0 300.0
110.36129605403843 42 35409.0 37764.0 300.0 300.0 40 54820.0 57869.0 300.0 300.0
935.3603484148903 12 20453.0 23513.0 300.0 300.0 17 38667.0 40860.0 300.0 300.0
173.10067055639155 21 41051.0 43634.0 300.0 300.0 36 58457.0 61478.0 300.0 300.0
473.7344945809505 18 36824.0 39284.0 300.0 300.0 38 55540.0 57526.0 300.0 300.0
577.3108810255738 43 25663.0 27981.0 300.0 300.0 27 42547.0 45867.0 300.0 300.0
467.23814493044523 21 21440.0 24568.0 300.0 300.0 29 41291.0 43314.0 300.0 300.0
401.21641034120034 18 20930.0 23485.0 300.0 300.0 41 39620.0 41781.0 300.0 300.0
567.8559711844389 59 18122.0 19952.0 300.0 300.0 32 31516.0 33507.0 300.0 300.0
890.4509175317725 14 27835.0 31026.0 300.0 300.0 17 46947.0 49558.0 300.0 300.0
148.64983635199357 47 21944.0 24208.0 300.0 300.0 22 40813.0 43450.0 300.0 300.0
585.1054652492121 41 29092.0 31966.0 300.0 300.0 15 49298.0 51312.0 300.0 300.0
595.7862099653945 53 30963.0 33690.0 300.0 300.0 30 45084.0 48153.0 300.0 300.0
224.71017239823843 52 46412.0 48699.0 300.0 300.0 33 65269.0 68629.0 300.0 300.0
884.0342378947917 15 18255.0 21016.0 300.0 300.0 26 36327.0 38261.0 300.0 300.0
122.30137575771893 51 28332.0 30957.0 300.0 300.0 39 46006.0 48332.0 300.0 300.0
34.977586897601554 23 19407.0 21878.0 300.0 300.0 59 34186.0 36260.0 300.0 300.0
437.01205557111166 29 53968.0 57031.0 300.0 300.0 26 71575.0 75153.0 300.0 300.0
340.48131133327877 45 45686.0 49278.0 300.0 300.0 25 66732.0 70172.0 300.0 300.0
511.3819992831601 57 41716.0 43795.0 300.0 300.0 29 55264.0 58185.0 300.0 300.0
10.356764793187478 43 53801.0 56232.0 300.0 300.0 33 70517.0 73002.0 300.0 300.0
785.1689233924604 40 27898.0 30563.0 300.0 300.0 45 46476.0 48867.0 300.0 300.0
931.461204090522 16 22550.0 24358.0 300.0 300.0 12 39951.0 42534.0 300.0 300.0
221.57947633595643 27 42801.0 45483.0 300.0 300.0 51 57924.0 60646.0 300.0 300.0
748.818224995781 53 18393.0 21211.0 300.0 300.0 36 36164.0 38819.0 300.0 300.0
263.6293698427803 48 41798.0 45182.0 300.0 300.0 51 61033.0 63157.0 300.0 300.0
475.2903515197001 43 23000.0 26101.0 300.0 300.0 33 42289.0 44131.0 300.0 300.0
16.263552389069957 58 32118.0 35238.0 300.0 300.0 33 49516.0 52930.0 300.0 300.0
266.7894599875061 25 39580.0 41873.0 300.0 300.0 15 57085.0 60520.0 300.0 300.0
171.77033244532979 56 37704.0 40233.0 300.0 300.0 18 51349.0 53513.0 300.0 300.0
61.26297383214385 55 36224.0 38341.0 300.0 300.0 59 55117.0 58511.0 300.0 300.0
569.1353595471938 60 21081.0 23136.0 300.0 300.0 55 34456.0 37618.0 300.0 300.0
152.4090755617874 13 52791.0 54749.0 300.0 300.0 50 68079.0 70290.0 300.0 300.0
718.9027901120564 32 35515.0 38240.0 300.0 300.0 35 54505.0 56456.0 300.0 300.0
868.2905493606999 49 43947.0 46762.0 300.0 300.0 17 60762.0 64160.0 300.0 300.0
9.819705695973347 42 31509.0 34053.0 300.0 300.0 45 50929.0 54094.0 300.0 300.0
750.1487566321063 23 47855.0 50959.0 300.0 300.0 35 68913.0 72455.0 300.0 300.0
127.38632025688578 20 36878.0 39332.0 300.0 300.0 29 51183.0 53651.0 300.0 300.0
611.5559074886312 14 42484.0 45734.0 300.0 300.0 36 62699.0 64774.0 300.0 300.0
802.1456610122568 14 46864.0 50260.0 300.0 300.0 30 64705.0 66751.0 300.0 300.0
720.7491279879414 12 48495.0 50529.0 300.0 300.0 18 64829.0 67682.0 300.0 300.0
821.224437857911 18 44674.0 47052.0 300.0 300.0 26 61556.0 63827.0 300.0 300.0
942.1024725240391 38 21828.0 23926.0 300.0 300.0 51 36416.0 38576.0 300.0 300.0
93.7568933585784 11 20100.0 22019.0 300.0 300.0 25 33411.0 35417.0 300.0 300.0
833.1281542859106 31 23191.0 25195.0 300.0 300.0 22 36221.0 38531.0 300.0 300.0
882.2388339667854 38 53973.0 57105.0 300.0 300.0 60 68189.0 70150.0 300.0 300.0
492.4434554008712 55 20265.0 23342.0 300.0 300.0 49 38163.0 41343.0 300.0 300.0
379.79448714464 45 48654.0 50628.0 300.0 300.0 53 68122.0 70004.0 300.0 300.0
947.4603921950555 28 48166.0 50521.0 300.0 300.0 58 65644.0 68364.0 300.0 300.0
19.397795952834528 23 23894.0 25711.0 300.0 300.0 35 38014.0 40420.0 300.0 300.0
348.1898074912009 44 18985.0 21036.0 300.0 300.0 15 33406.0 35739.0 300.0 300.0
996.2470619072457 35 21685.0 25270.0 300.0 300.0 10 36479.0 38451.0 300.0 300.0
469.9137626156485 22 40637.0 43335.0 300.0 300.0 49 57881.0 61349.0 300.0 300.0
829.1002148743257 30 28315.0 30278.0 300.0 300.0 33 41712.0 44205.0 300.0 300.0
531.3596690312157 15 30974.0 33422.0 300.0 300.0 10 48261.0 50772.0 300.0 300.0
600.1638456788422 60 28032.0 31485.0 300.0 300.0 47 48154.0 51052.0 300.0 300.0
99.57051759191549 57 31711.0 35274.0 300.0 300.0 18 51305.0 54042.0 300.0 300.0
125.19293338865522 22 34710.0 37723.0 300.0 300.0 45 54630.0 57812.0 300.0 300.0
605.4463256312642 47 40145.0 43578.0 300.0 300.0 46 58801.0 61219.0 300.0 300.0
404.2785171832719 24 25680.0 28307.0 300.0 300.0 25 41953.0 44405.0 300.0 300.0
446.84699474921774 17 25451.0 28618.0 300.0 300.0 50 46581.0 49240.0 300.0 300.0
587.226714221252 12 26590.0 29781.0 300.0 300.0 16 45510.0 48209.0 300.0 300.0
755.48559990145 41 52249.0 54204.0 300.0 300.0 48 71730.0 75299.0 300.0 300.0
512.6930983587899 40 46679.0 49720.0 300.0 300.0 17 66504.0 69515.0 300.0 300.0
80.26679883412524 34 49632.0 51457.0 300.0 300.0 26 65227.0 67435.0 300.0 300.0
913.9313871426795 57 38181.0 41574.0 300.0 300.0 47 55408.0 57280.0 300.0 300.0
658.2775835123366 46 52544.0 55041.0 300.0 300.0 27 72734.0 74632.0 300.0 300.0
252.1222973895292 39 33469.0 37055.0 300.0 300.0 15 51462.0 54809.0 300.0 300.0
754.7305446346329 60 32577.0 34819.0 300.0 300.0 15 49323.0 52864.0 300.0 300.0
76.11839591587743 12 33869.0 35675.0 300.0 300.0 36 51611.0 54674.0 300.0 300.0
138.582119961302 43 34502.0 37054.0 300.0 300.0 32 50648.0 52810.0 300.0 300.0
909.8009177400719 53 21520.0 24869.0 300.0 300.0 18 38109.0 41181.0 300.0 300.0
989.4647714049252 36 31244.0 33312.0 300.0 300.0 31 50569.0 53677.0 300.0 300.0
139.19481364325947 23 35861.0 38565.0 300.0 300.0 44 55532.0 58668.0 300.0 300.0
6.520796097769566 25 29063.0 31235.0 300.0 300.0 60 42123.0 44931.0 300.0 300.0
774.50811486637 26 30933.0 33597.0 300.0 300.0 35 45683.0 48492.0 300.0 300.0
797.6209948508471 16 20337.0 22460.0 300.0 300.0 20 38424.0 41663.0 300.0 300.0
470.199696982459 57 41180.0 43875.0 300.0 300.0 51 60307.0 62208.0 300.0 300.0
589.583028580457 42 52956.0 55472.0 300.0 300.0 33 72919.0 76431.0 300.0 300.0
831.2636212151863 54 34346.0 37288.0 300.0 300.0 26 54007.0 56387.0 300.0 300.0
222.03592996923126 24 42725.0 45058.0 300.0 300.0 26 58140.0 60215.0 300.0 300.0
957.7506617518358 47 25743.0 28424.0 300.0 300.0 41 45265.0 47514.0 300.0 300.0
309.5471298623719 47 35610.0 38072.0 300.0 300.0 56 52102.0 54433.0 300.0 300.0
883.103525497808 37 22006.0 24640.0 300.0 300.0 15 39541.0 43068.0 300.0 300.0
402.95210539659774 32 41846.0 44139.0 300.0 300.0 14 56656.0 58567.0 300.0 300.0
155.51392186726054 52 44730.0 46684.0 300.0 300.0 57 60867.0 62683.0 300.0 300.0
210.29218097187362 53 40931.0 44361.0 300.0 300.0 47 55822.0 59287.0 300.0 300.0
264.9435206777153 51 35274.0 38500.0 300.0 300.0 48 49709.0 51981.0 300.0 300.0
193.53755645666772 25 51003.0 53552.0 300.0 300.0 60 65578.0 69060.0 300.0 300.0
10.789151083909987 44 40792.0 43046.0 300.0 300.0 29 60054.0 63603.0 300.0 300.0
616.8895937055213 48 32980.0 35795.0 300.0 300.0 41 50499.0 52361.0 300.0 300.0
674.8900777852447 52 51132.0 53248.0 300.0 300.0 29 66373.0 68813.0 300.0 300.0
847.8323906738893 17 22613.0 25012.0 300.0 300.0 36 41787.0 45267.0 300.0 300.0
59.5257998242148 22 48897.0 52446.0 300.0 300.0 40 63855.0 67196.0 300.0 300.0
99.52828717252748 20 39090.0 41453.0 300.0 300.0 38 54232.0 56843.0 300.0 300.0
977.461242891017 35 24406.0 26953.0 300.0 300.0 13 38350.0 40212.0 300.0 300.0
33.288840647551666 33 22451.0 25767.0 300.0 300.0 22 40092.0 42930.0 300.0 300.0
657.5647703330922 21 42669.0 44976.0 300.0 300.0 55 56731.0 59217.0 300.0 300.0
627.7407225423294 37 44437.0 47245.0 300.0 300.0 54 61192.0 63780.0 300.0 300.0
131.0300483396857 30 43462.0 45602.0 300.0 300.0 40 57788.0 59932.0 300.0 300.0
366.3607148172948 35 29829.0 33112.0 300.0 300.0 20 49450.0 51460.0 300.0 300.0
975.1256869854211 41 30091.0 32824.0 300.0 300.0 22 48540.0 51145.0 300.0 300.0
231.06137715970365 37 32406.0 34243.0 300.0 300.0 43 49520.0 51578.0 300.0 300.0
658.4055770209605 41 41041.0 43691.0 300.0 300.0 23 56526.0 59404.0 300.0 300.0
834.637002923923 53 42386.0 44480.0 300.0 300.0 25 58505.0 60359.0 300.0 300.0
107.5365272666161 24 28256.0 30293.0 300.0 300.0 16 42517.0 44845.0 300.0 300.0
631.6636263305281 22 53236.0 55651.0 300.0 300.0 54 71788.0 74902.0 300.0 300.0
314.8178809081673 56 20675.0 23820.0 300.0 300.0 26 38136.0 41716.0 300.0 300.0
852.8037882571693 29 39816.0 42819.0 300.0 300.0 59 56524.0 59150.0 300.0 300.0
749.9291176562958 53 43597.0 46713.0 300.0 300.0 48 59950.0 63038.0 300.0 300.0
182.68430555747884 43 39560.0 42613.0 300.0 300.0 49 57442.0 59400.0 300.0 300.0
811.674722441909 11 18808.0 21484.0 300.0 300.0 39 33200.0 36333.0 300.0 300.0
302.25710277067463 34 42339.0 44223.0 300.0 300.0 13 57619.0 61114.0 300.0 300.0
447.1003364198204 20 31600.0 35200.0 300.0 300.0 47 49039.0 51020.0 300.0 300.0
32.86011512649567 57 47336.0 50849.0 300.0 300.0 30 65152.0 67654.0 300.0 300.0
627.3096600138543 39 35259.0 37297.0 300.0 300.0 55 48591.0 51560.0 300.0 300.0
725.4791839092546 52 19123.0 22272.0 300.0 300.0 44 39638.0 41843.0 300.0 300.0
461.96556211209315 42 52514.0 55803.0 300.0 300.0 28 73198.0 76551.0 300.0 300.0
743.7634181713851 46 48522.0 50785.0 300.0 300.0 48 61747.0 64549.0 300.0 300.0
77.54248582489531 51 42074.0 45216.0 300.0 300.0 39 58879.0 60768.0 300.0 300.0
886.3290564243626 57 27099.0 30003.0 300.0 300.0 48 42933.0 45380.0 300.0 300.0
807.007530288826 54 36871.0 39485.0 300.0 300.0 50 55162.0 58653.0 300.0 300.0
610.3396740937682 26 25528.0 27695.0 300.0 300.0 30 43733.0 47268.0 300.0 300.0
929.2246394679817 48 39133.0 42093.0 300.0 300.0 17 58699.0 60756.0 300.0 300.0
166.18759941657 45 27758.0 31140.0 300.0 300.0 38 46476.0 49515.0 300.0 300.0
952.8500581827126 25 38894.0 41684.0 300.0 300.0 15 58501.0 60859.0 300.0 300.0
678.6119847738947 53 49035.0 52496.0 300.0 300.0 41 69079.0 71808.0 300.0 300.0
919.0436060910007 24 35983.0 39161.0 300.0 300.0 22 56745.0 59709.0 300.0 300.0
743.436329565716 37 46505.0 48751.0 300.0 300.0 46 65016.0 68061.0 300.0 300.0
166.56308121458753 16 42953.0 44854.0 300.0 300.0 25 61940.0 65532.0 300.0 300.0
916.3332747289325 52 40220.0 43288.0 300.0 300.0 43 56315.0 58795.0 300.0 300.0
587.7124623069064 50 19452.0 21337.0 300.0 300.0 18 37264.0 40639.0 300.0 300.0
200.03840851916343 50 26038.0 28233.0 300.0 300.0 28 42813.0 46362.0 300.0 300.0
339.5315366496077 50 30186.0 32224.0 300.0 300.0 56 47236.0 50340.0 300.0 300.0
173.02996158517502 59 25753.0 29138.0 300.0 300.0 45 44834.0 47352.0 300.0 300.0
856.271316654624 54 19491.0 23069.0 300.0 300.0 41 35838.0 37766.0 300.0 300.0
114.02901634013784 27 29970.0 33479.0 300.0 300.0 23 45498.0 49064.0 300.0 300.0
540.6974974058065 21 25282.0 28799.0 300.0 300.0 28 41004.0 43546.0 300.0 300.0
465.29525233586634 23 37101.0 40467.0 300.0 300.0 48 55439.0 57901.0 300.0 300.0
756.5798912467662 47 23458.0 26266.0 300.0 300.0 13 38132.0 40386.0 300.0 300.0
330.51168408523665 53 47537.0 50082.0 300.0 300.0 16 65652.0 68050.0 300.0 300.0
375.711559895773 43 43112.0 45005.0 300.0 300.0 54 62758.0 65892.0 300.0 300.0
741.3542466652935 26 36752.0 39243.0 300.0 300.0 37 51628.0 55069.0 300.0 300.0
682.1815843099739 46 43759.0 47187.0 300.0 300.0 27 62091.0 65627.0 300.0 300.0
956.2959717678943 21 42732.0 45620.0 300.0 300.0 57 57061.0 60308.0 300.0 300.0
546.0057642270452 31 53525.0 56509.0 300.0 300.0 14 68561.0 71317.0 300.0 300.0
615.8375116847034 52 52932.0 56300.0 300.0 300.0 51 67615.0 71043.0 300.0 300.0
448.57076816539643 30 27251.0 30382.0 300.0 300.0 52 47064.0 49256.0 300.0 300.0
694.6011456611498 39 41624.0 45066.0 300.0 300.0 24 61285.0 63651.0 300.0 300.0
784.0271820739192 17 28060.0 31650.0 300.0 300.0 32 44799.0 46957.0 300.0 300.0
621.3627159908444 20 43153.0 45564.0 300.0 300.0 56 59350.0 62684.0 300.0 300.0
343.4972757465038 35 27256.0 29215.0 300.0 300.0 14 46395.0 49039.0 300.0 300.0
926.2893570287971 11 19797.0 23050.0 300.0 300.0 34 36886.0 39322.0 300.0 300.0
591.8476294756575 52 40721.0 43587.0 300.0 300.0 57 61261.0 63779.0 300.0 300.0
297.93965596493643 49 45693.0 48727.0 300.0 300.0 55 62693.0 65791.0 300.0 300.0
208.29279073600327 48 44313.0 47630.0 300.0 300.0 11 61727.0 64963.0 300.0 300.0
952.8811917220761 51 30070.0 32303.0 300.0 300.0 22 43953.0 46588.0 300.0 300.0
930.0918066960046 15 50126.0 53124.0 300.0 300.0 55 65900.0 69494.0 300.0 300.0
934.3761810804328 42 28600.0 31630.0 300.0 300.0 40 46343.0 48501.0 300.0 300.0
420.3061322530747 40 31930.0 35257.0 300.0 300.0 57 50598.0 53277.0 300.0 300.0
44.1451545465642 19 22575.0 24527.0 300.0 300.0 37 35657.0 38377.0 300.0 300.0
192.60237280587555 29 48497.0 50565.0 300.0 300.0 41 64175.0 67409.0 300.0 300.0
987.7785335592371 57 44320.0 47368.0 300.0 300.0 56 59385.0 61790.0 300.0 300.0
444.3853090099875 41 50675.0 53378.0 300.0 300.0 48 67319.0 70781.0 300.0 300.0
379.3420447977218 42 43209.0 45402.0 300.0 300.0 26 61031.0 63774.0 300.0 300.0
459.487504040071 22 51895.0 54342.0 300.0 300.0 43 69590.0 72991.0 300.0 300.0
137.90174220650164 30 20313.0 22333.0 300.0 300.0 43 39790.0 43320.0 300.0 300.0
387.9465412040474 49 21820.0 24443.0 300.0 300.0 25 39732.0 41901.0 300.0 300.0
636.2439138779182 27 20196.0 23175.0 300.0 300.0 54 38273.0 41819.0 300.0 300.0
147.17230586960673 38 29950.0 32303.0 300.0 300.0 10 49051.0 51240.0 300.0 300.0
582.5214310467536 32 18259.0 20974.0 300.0 300.0 10 37821.0 39921.0 300.0 300.0
729.5212755879951 20 32556.0 35827.0 300.0 300.0 11 51345.0 53258.0 300.0 300.0
865.8367880530676 53 30142.0 32584.0 300.0 300.0 39 48711.0 51073.0 300.0 300.0
768.8030442571658 33 28089.0 30670.0 300.0 300.0 57 45250.0 48555.0 300.0 300.0
548.1614470899425 25 28463.0 30310.0 300.0 300.0 55 44368.0 47128.0 300.0 300.0
94.77438139005945 55 26452.0 28582.0 300.0 300.0 53 41445.0 44186.0 300.0 300.0
393.15495005548087 29 42465.0 44444.0 300.0 300.0 27 57857.0 60948.0 300.0 300.0
581.8285084107258 51 24827.0 26752.0 300.0 300.0 57 42597.0 45353.0 300.0 300.0
77.4261163898241 42 28092.0 31614.0 300.0 300.0 46 49442.0 52364.0 300.0 300.0
626.8376937376219 12 39358.0 41505.0 300.0 300.0 41 55761.0 58355.0 300.0 300.0
805.983911716615 26 18456.0 21959.0 300.0 300.0 36 38806.0 41862.0 300.0 300.0
431.8107732981692 49 47178.0 49154.0 300.0 300.0 35 61083.0 64192.0 300.0 300.0
959.8499749841314 45 37595.0 40389.0 300.0 300.0 19 51714.0 54517.0 300.0 300.0
139.40526606281566 32 20387.0 23235.0 300.0 300.0 14 39662.0 42029.0 300.0 300.0
633.2081585319733 22 48478.0 51257.0 300.0 300.0 29 65723.0 68301.0 300.0 300.0
102.49256259468187 27 30597.0 32863.0 300.0 300.0 19 46052.0 48390.0 300.0 300.0
197.5919681634475 37 39445.0 41992.0 300.0 300.0 33 58182.0 60528.0 300.0 300.0
851.3877939543995 14 25860.0 28584.0 300.0 300.0 13 43712.0 47074.0 300.0 300.0
73.36909578203232 52 51965.0 54786.0 300.0 300.0 31 70754.0 73221.0 300.0 300.0
951.876684400858 19 32062.0 34151.0 300.0 300.0 30 46843.0 49681.0 300.0 300.0
640.4649803733511 56 48834.0 51168.0 300.0 300.0 29 66284.0 69046.0 300.0 300.0
81.02531919561517 55 27286.0 30462.0 300.0 300.0 15 42325.0 45306.0 300.0 300.0
111.53688444161935 41 51845.0 54105.0 300.0 300.0 27 65597.0 68492.0 300.0 300.0
552.5480813828435 24 42030.0 44631.0 300.0 300.0 40 59095.0 62582.0 300.0 300.0
386.7057002552503 20 51430.0 54875.0 300.0 300.0 27 66170.0 69126.0 300.0 300.0
825.2091119611317 20 32482.0 35171.0 300.0 300.0 27 46164.0 48792.0 300.0 300.0
558.8902273552899 44 19928.0 21789.0 300.0 300.0 35 34538.0 36942.0 300.0 300.0
461.69684950992587 11 48949.0 51907.0 300.0 300.0 31 66219.0 68980.0 300.0 300.0
226.5540918637211 33 36620.0 38472.0 300.0 300.0 32 53058.0 56082.0 300.0 300.0
666.3648311806879 10 29831.0 32726.0 300.0 300.0 30 48955.0 51502.0 300.0 300.0
964.4358091605861 47 44534.0 47668.0 300.0 300.0 13 62834.0 65470.0 300.0 300.0
122.27587518979233 49 40888.0 42753.0 300.0 300.0 11 59046.0 61229.0 300.0 300.0
805.1253591017518 40 47843.0 50933.0 300.0 300.0 11 67799.0 70790.0 300.0 300.0
934.6009892148534 39 37471.0 39823.0 300.0 300.0 17 55175.0 58376.0 300.0 300.0
982.0891779075066 19 40258.0 42065.0 300.0 300.0 27 54104.0 56467.0 300.0 300.0
241.45466022783947 50 26520.0 29063.0 300.0 300.0 12 42643.0 44965.0 300.0 300.0
299.2219546224401 59 52687.0 55087.0 300.0 300.0 26 71154.0 74351.0 300.0 300.0
506.9280859272538 45 31886.0 33917.0 300.0 300.0 15 49176.0 52561.0 300.0 300.0
628.8775526526779 30 26308.0 29445.0 300.0 300.0 44 47038.0 50537.0 300.0 300.0
806.0062322580226 20 50349.0 53585.0 300.0 300.0 26 67526.0 70728.0 300.0 300.0
239.64654247291784 29 44369.0 46671.0 300.0 300.0 18 60480.0 63487.0 300.0 300.0
48.205244233388896 21 47866.0 51122.0 300.0 300.0 28 68791.0 70883.0 300.0 300.0
941.3140035294683 39 52180.0 55348.0 300.0 300.0 41 68298.0 70962.0 300.0 300.0
176.49169249196584 44 32501.0 34716.0 300.0 300.0 34 48311.0 51428.0 300.0 300.0
666.2415280102958 43 35035.0 37196.0 300.0 300.0 54 49706.0 51519.0 300.0 300.0
890.0733256017675 17 52245.0 54874.0 300.0 300.0 21 68647.0 71005.0 300.0 300.0
827.0316491083132 25 23735.0 26870.0 300.0 300.0 21 38536.0 41000.0 300.0 300.0
453.0823283516059 41 53758.0 56178.0 300.0 300.0 44 73615.0 76695.0 300.0 300.0
77.29450942022575 18 46002.0 49241.0 300.0 300.0 15 63635.0 65528.0 300.0 300.0
104.48391579038952 10 33112.0 36659.0 300.0 300.0 43 48615.0 50924.0 300.0 300.0
417.5556671427477 20 18841.0 22270.0 300.0 300.0 30 35194.0 37420.0 300.0 300.0
525.5870394566167 28 47754.0 51126.0 300.0 300.0 17 63495.0 66944.0 300.0 300.0
628.112929905702 52 40626.0 44020.0 300.0 300.0 28 57789.0 59647.0 300.0 300.0
657.5366441631636 24 18319.0 20470.0 300.0 300.0 23 32643.0 35454.0 300.0 300.0
955.6297359240368 13 27764.0 31082.0 300.0 300.0 53 42593.0 45387.0 300.0 300.0
908.7284572701226 30 18324.0 20793.0 300.0 300.0 19 36583.0 38862.0 300.0 300.0
745.4858249264265 23 25946.0 29149.0 300.0 300.0 22 40362.0 43049.0 300.0 300.0
827.187550619347 47 34178.0 36588.0 300.0 300.0 24 50145.0 52306.0 300.0 300.0
196.80271479538624 55 25354.0 28889.0 300.0 300.0 60 45942.0 49416.0 300.0 300.0
620.9379640283512 30 22983.0 25198.0 300.0 300.0 60 39627.0 42732.0 300.0 300.0
755.4138531007014 19 45533.0 48395.0 300.0 300.0 52 61220.0 64440.0 300.0 300.0
334.99335125146933 45 41140.0 44736.0 300.0 300.0 18 56828.0 58992.0 300.0 300.0
470.02066568465403 37 39851.0 41941.0 300.0 300.0 16 56335.0 58905.0 300.0 300.0
990.9167327059655 25 21368.0 24346.0 300.0 300.0 24 42321.0 44702.0 300.0 300.0
270.9035143460312 32 46204.0 48500.0 300.0 300.0 36 59399.0 61733.0 300.0 300.0
877.408242149266 23 34024.0 36965.0 300.0 300.0 59 53815.0 56414.0 300.0 300.0
925.7577591279094 60 34743.0 36810.0 300.0 300.0 26 52310.0 55404.0 300.0 300.0
370.9359332222211 36 40174.0 42925.0 300.0 300.0 40 57928.0 61126.0 300.0 300.0
954.7853146537717 24 49288.0 52478.0 300.0 300.0 10 69330.0 72517.0 300.0 300.0
946.2507540447923 35 50028.0 53188.0 300.0 300.0 44 65168.0 68330.0 300.0 300.0
102.7594333493077 37 29611.0 31552.0 300.0 300.0 44 43364.0 46082.0 300.0 300.0
299.32607960618816 44 53739.0 55708.0 300.0 300.0 31 68870.0 71071.0 300.0 300.0
859.4292445148369 36 37109.0 40324.0 300.0 300.0 14 56332.0 59267.0 300.0 300.0
0.8106172410106138 50 48306.0 51556.0 300.0 300.0 14 65537.0 68955.0 300.0 300.0
765.7596119195678 20 45301.0 48482.0 300.0 300.0 35 64534.0 66361.0 300.0 300.0
686.8321300342552 47 49886.0 51829.0 300.0 300.0 42 67981.0 70564.0 300.0 300.0
850.8962345886524 48 41145.0 43224.0 300.0 300.0 57 57843.0 61048.0 300.0 300.0
195.66607000640533 16 42279.0 45343.0 300.0 300.0 27 58214.0 61794.0 300.0 300.0
6.573307928618766 50 47987.0 49791.0 300.0 300.0 29 65119.0 68246.0 300.0 300.0
102.48732202419752 26 19996.0 22402.0 300.0 300.0 21 33648.0 37204.0 300.0 300.0
649.47637995765 21 22015.0 25527.0 300.0 300.0 58 40194.0 43506.0 300.0 300.0
978.6349252929446 30 40148.0 42225.0 300.0 300.0 35 58790.0 61532.0 300.0 300.0
859.7546431290933 41 33825.0 35694.0 300.0 300.0 53 47567.0 49698.0 300.0 300.0
204.385499169492 50 32483.0 34672.0 300.0 300.0 43 48299.0 50120.0 300.0 300.0
761.7309997047993 26 43018.0 46122.0 300.0 300.0 56 58839.0 61366.0 300.0 300.0
952.383023256163 46 52243.0 54469.0 300.0 300.0 11 67619.0 70095.0 300.0 300.0
161.5494706361429 10 28925.0 31587.0 300.0 300.0 35 45684.0 48407.0 300.0 300.0
799.2079397533015 43 31972.0 35118.0 300.0 300.0 52 52093.0 53966.0 300.0 300.0
41.06773654632667 50 34397.0 37092.0 300.0 300.0 11 54857.0 57023.0 300.0 300.0
441.06591097261804 58 27858.0 30273.0 300.0 300.0 56 47145.0 49261.0 300.0 300.0
77.16127539508943 24 50213.0 52549.0 300.0 300.0 41 63639.0 66222.0 300.0 300.0
921.5876830911744 55 36428.0 38784.0 300.0 300.0 36 56210.0 58905.0 300.0 300.0
794.5433226241719 28 20797.0 23123.0 300.0 300.0 14 38856.0 41895.0 300.0 300.0
219.9813366768726 39 33148.0 35679.0 300.0 300.0 27 51804.0 53904.0 300.0 300.0
636.387228426299 58 45527.0 48775.0 300.0 300.0 30 61998.0 65585.0 300.0 300.0
700.370472090766 41 21333.0 24497.0 300.0 300.0 31 40415.0 42494.0 300.0 300.0
253.0017245750934 40 27589.0 29595.0 300.0 300.0 18 42105.0 45228.0 300.0 300.0
851.5609916437697 50 43447.0 45962.0 300.0 300.0 47 59968.0 61907.0 300.0 300.0
751.4712286632454 14 45926.0 49241.0 300.0 300.0 15 61102.0 63071.0 300.0 300.0
623.55832941351 10 23757.0 25587.0 300.0 300.0 29 37985.0 40527.0 300.0 300.0
839.8204102789256 42 40810.0 43369.0 300.0 300.0 31 57800.0 61034.0 300.0 300.0
25.13226270792135 18 34021.0 36290.0 300.0 300.0 38 47547.0 50598.0 300.0 300.0
543.5592166607305 31 31674.0 34343.0 300.0 300.0 19 50247.0 53744.0 300.0 300.0
127.19819317845749 50 45729.0 49098.0 300.0 300.0 54 65469.0 68922.0 300.0 300.0
10.450457736111973 41 50384.0 52539.0 300.0 300.0 53 65072.0 68532.0 300.0 300.0
220.73177092268625 39 40802.0 42674.0 300.0 300.0 29 59096.0 62136.0 300.0 300.0
375.43138665259266 23 35769.0 39223.0 300.0 300.0 10 56398.0 59411.0 300.0 300.0
215.70455240890664 46 37818.0 39936.0 300.0 300.0 17 51852.0 54764.0 300.0 300.0
490.6012660547803 38 49132.0 52337.0 300.0 300.0 41 64206.0 67100.0 300.0 300.0
908.8543723873623 22 19078.0 21871.0 300.0 300.0 56 35911.0 39200.0 300.0 300.0
778.2249205855769 25 41105.0 43212.0 300.0 300.0 45 58912.0 61987.0 300.0 300.0
72.08176159723934 50 44162.0 47502.0 300.0 300.0 18 60559.0 62537.0 300.0 300.0
515.3340191511475 53 34750.0 37694.0 300.0 300.0 54 49824.0 52542.0 300.0 300.0
358.37258079654066 39 41374.0 44848.0 300.0 300.0 57 57931.0 59782.0 300.0 300.0
468.6499668832191 28 49513.0 52369.0 300.0 300.0 23 64998.0 67615.0 300.0 300.0
336.23818611427726 27 29412.0 32991.0 300.0 300.0 53 46716.0 48830.0 300.0 300.0
164.4925511987646 15 28509.0 30710.0 300.0 300.0 11 41844.0 44585.0 300.0 300.0
953.9632149813401 25 53934.0 56606.0 300.0 300.0 55 70373.0 73465.0 300.0 300.0
880.7404301727153 55 36932.0 40474.0 300.0 300.0 26 57152.0 59168.0 300.0 300.0
918.060669826879 41 38167.0 41561.0 300.0 300.0 14 55458.0 58850.0 300.0 300.0
101.81403625921281 25 26883.0 28828.0 300.0 300.0 59 42891.0 45959.0 300.0 300.0
722.2295547465295 13 22253.0 25246.0 300.0 300.0 28 40642.0 43713.0 300.0 300.0
82.47073931778614 44 22801.0 25440.0 300.0 300.0 25 37673.0 40319.0 300.0 300.0
869.1449023799687 43 18422.0 20917.0 300.0 300.0 32 35515.0 38380.0 300.0 300.0
955.7260755752703 23 36598.0 38702.0 300.0 300.0 49 51290.0 54846.0 300.0 300.0
532.3084493638668 36 43998.0 46675.0 300.0 300.0 49 58083.0 60346.0 300.0 300.0
612.6080187777724 34 49578.0 51696.0 300.0 300.0 12 66279.0 68765.0 300.0 300.0
963.0532633038583 36 20426.0 23461.0 300.0 300.0 14 37187.0 39934.0 300.0 300.0
229.2509270794003 22 45829.0 48325.0 300.0 300.0 24 62410.0 64962.0 300.0 300.0
172.10433409036318 40 32470.0 35387.0 300.0 300.0 48 50015.0 52187.0 300.0 300.0
656.9590423944916 29 37859.0 40750.0 300.0 300.0 19 53431.0 55462.0 300.0 300.0
228.69863018022986 32 53057.0 56221.0 300.0 300.0 12 67955.0 69858.0 300.0 300.0
994.6015296436324 19 34286.0 36232.0 300.0 300.0 13 48974.0 51455.0 300.0 300.0
205.39242456428153 38 19400.0 21603.0 300.0 300.0 28 36411.0 39796.0 300.0 300.0
85.70958682783359 50 38122.0 41557.0 300.0 300.0 19 59536.0 61791.0 300.0 300.0
744.9290876336146 10 41414.0 44891.0 300.0 300.0 37 61510.0 63507.0 300.0 300.0
714.968081407483 32 22926.0 24976.0 300.0 300.0 14 39396.0 41961.0 300.0 300.0
187.88603664680014 34 24400.0 26211.0 300.0 300.0 30 37154.0 39302.0 300.0 300.0
194.84351286717927 60 37473.0 41037.0 300.0 300.0 28 56174.0 59519.0 300.0 300.0
536.6150887584565 49 49810.0 52354.0 300.0 300.0 13 66637.0 69302.0 300.0 300.0
341.65813286039173 24 33802.0 35786.0 300.0 300.0 34 48808.0 51546.0 300.0 300.0
461.9638627994658 25 25833.0 28166.0 300.0 300.0 17 39603.0 42532.0 300.0 300.0
534.6674641341057 42 23030.0 25101.0 300.0 300.0 32 42396.0 44370.0 300.0 300.0
413.51710272161233 37 41695.0 44289.0 300.0 300.0 47 60200.0 62722.0 300.0 300.0
359.16697438704824 15 32274.0 34931.0 300.0 300.0 30 52692.0 55495.0 300.0 300.0
360.1049566374274 35 48116.0 51085.0 300.0 300.0 33 63862.0 67216.0 300.0 300.0
967.2568237448181 57 52725.0 55141.0 300.0 300.0 28 71342.0 74017.0 300.0 300.0
62.9383403127034 59 38243.0 40852.0 300.0 300.0 36 51821.0 54438.0 300.0 300.0
693.9192201613965 19 25369.0 27455.0 300.0 300.0 25 40017.0 42982.0 300.0 300.0
226.18031693434415 16 21643.0 24105.0 300.0 300.0 37 36821.0 39714.0 300.0 300.0
72.17635127213573 59 23270.0 25364.0 300.0 300.0 38 38521.0 41353.0 300.0 300.0
645.6439023593807 11 30474.0 33973.0 300.0 300.0 29 49536.0 53132.0 300.0 300.0
364.33693049916127 28 23501.0 26412.0 300.0 300.0 18 39224.0 41550.0 300.0 300.0
211.60224332656742 60 25566.0 28148.0 300.0 300.0 41 43212.0 46147.0 300.0 300.0
216.11983103379106 12 49974.0 52587.0 300.0 300.0 49 68054.0 70361.0 300.0 300.0
551.7539140243792 60 47705.0 51165.0 300.0 300.0 35 65548.0 68158.0 300.0 300.0
430.55304684612196 37 50125.0 52093.0 300.0 300.0 41 63377.0 66477.0 300.0 300.0
319.9332866557416 21 46544.0 49541.0 300.0 300.0 26 63269.0 65582.0 300.0 300.0
17.150243802131925 31 23777.0 26192.0 300.0 300.0 26 41692.0 43625.0 300.0 300.0
849.2952321607556 55 32014.0 34606.0 300.0 300.0 22 47381.0 49602.0 300.0 300.0
201.50330444332286 42 41022.0 44260.0 300.0 300.0 58 58808.0 61290.0 300.0 300.0
658.9089900616138 33 22412.0 24988.0 300.0 300.0 17 42032.0 45022.0 300.0 300.0
568.012371421155 41 23563.0 26988.0 300.0 300.0 50 43942.0 47261.0 300.0 300.0
302.82235498155376 33 34100.0 36745.0 300.0 300.0 48 53058.0 56426.0 300.0 300.0
775.2941836966536 28 40047.0 42979.0 300.0 300.0 44 58376.0 61298.0 300.0 300.0
312.92965785254614 29 36310.0 38237.0 300.0 300.0 51 54595.0 56778.0 300.0 300.0
635.528157024893 35 28272.0 31674.0 300.0 300.0 53 44947.0 47050.0 300.0 300.0
652.9950859454951 29 22526.0 25115.0 300.0 300.0 32 39798.0 42621.0 300.0 300.0
825.6576553926881 21 51060.0 53825.0 300.0 300.0 56 69235.0 71670.0 300.0 300.0
671.9283330141601 48 36417.0 38339.0 300.0 300.0 15 50914.0 52797.0 300.0 300.0
124.37455280876586 16 33734.0 35649.0 300.0 300.0 56 53486.0 55758.0 300.0 300.0
130.22705527359523 16 37807.0 41029.0 300.0 300.0 44 55324.0 58502.0 300.0 300.0
102.96862619152446 52 26614.0 28828.0 300.0 300.0 27 46407.0 48684.0 300.0 300.0
444.1232377285389 57 34805.0 37113.0 300.0 300.0 13 50761.0 52822.0 300.0 300.0
383.5821001651183 33 45398.0 48927.0 300.0 300.0 42 65933.0 68912.0 300.0 300.0
926.495517003314 56 53149.0 56017.0 300.0 300.0 37 68660.0 71205.0 300.0 300.0
392.71394186663133 60 18637.0 21168.0 300.0 300.0 10 36183.0 38106.0 300.0 300.0
940.5149375079609 14 22209.0 25713.0 300.0 300.0 35 42976.0 45911.0 300.0 300.0
442.88250254274584 50 42241.0 45602.0 300.0 300.0 14 61332.0 63573.0 300.0 300.0
569.1297216196679 36 52865.0 55808.0 300.0 300.0 18 67949.0 70324.0 300.0 300.0
667.4668629869766 23 32941.0 35039.0 300.0 300.0 16 47405.0 50798.0 300.0 300.0
548.0901320972262 11 51712.0 54838.0 300.0 300.0 26 69874.0 72850.0 300.0 300.0
993.5713635467664 35 45180.0 47146.0 300.0 300.0 15 59218.0 62817.0 300.0 300.0
828.8714368849248 43 43613.0 46357.0 300.0 300.0 14 58514.0 61429.0 300.0 300.0
880.3342615495595 60 21788.0 24991.0 300.0 300.0 49 41975.0 44903.0 300.0 300.0
606.5447783300968 44 53311.0 55342.0 300.0 300.0 56 66683.0 69884.0 300.0 300.0
874.8421991813531 50 19146.0 21743.0 300.0 300.0 24 38914.0 40969.0 300.0 300.0
951.727850897868 23 32526.0 34709.0 300.0 300.0 18 48932.0 51548.0 300.0 300.0
278.508303197322 32 53125.0 55518.0 300.0 300.0 58 70944.0 72758.0 300.0 300.0
169.94180444026318 22 47319.0 49620.0 300.0 300.0 58 63482.0 66496.0 300.0 300.0
991.5867092132651 35 39775.0 41762.0 300.0 300.0 10 56673.0 58892.0 300.0 300.0
630.113933033904 28 36218.0 39530.0 300.0 300.0 49 56241.0 58185.0 300.0 300.0
264.9680664415115 21 19216.0 21352.0 300.0 300.0 25 34244.0 36593.0 300.0 300.0
370.0696440654435 54 27272.0 30845.0 300.0 300.0 42 48256.0 51148.0 300.0 300.0
973.4448981603125 28 47271.0 50607.0 300.0 300.0 48 67956.0 69832.0 300.0 300.0
223.50730716720912 18 33301.0 35371.0 300.0 300.0 12 48868.0 50875.0 300.0 300.0
704.5410468766528 35 27529.0 30469.0 300.0 300.0 33 44494.0 47770.0 300.0 300.0
302.3693024084808 17 30718.0 33928.0 300.0 300.0 24 50299.0 53220.0 300.0 300.0
487.4283124904033 47 19504.0 22726.0 300.0 300.0 19 38744.0 41653.0 300.0 300.0
302.31581911242444 27 52716.0 55676.0 300.0 300.0 58 72488.0 74608.0 300.0 300.0
157.4482808118972 17 48640.0 50892.0 300.0 300.0 18 62017.0 64489.0 300.0 300.0
528.1498157431996 37 20778.0 24298.0 300.0 300.0 41 39881.0 42500.0 300.0 300.0
937.7283955968575 31 51808.0 54346.0 300.0 300.0 20 70879.0 73383.0 300.0 300.0
620.8842746916857 10 40589.0 43157.0 300.0 300.0 50 54171.0 56180.0 300.0 300.0
829.120644102734 18 19743.0 21594.0 300.0 300.0 52 36971.0 40481.0 300.0 300.0
428.412767018588 40 50785.0 52933.0 300.0 300.0 43 68593.0 72153.0 300.0 300.0
326.36102259296575 14 24155.0 26047.0 300.0 300.0 37 38861.0 41782.0 300.0 300.0
126.54323990731642 19 37719.0 39622.0 300.0 300.0 23 55303.0 57152.0 300.0 300.0
49.488662123849394 33 22055.0 24523.0 300.0 300.0 27 36375.0 39808.0 300.0 300.0
754.9587314373887 52 34588.0 37821.0 300.0 300.0 31 50133.0 53070.0 300.0 300.0
307.0874394258657 42 51558.0 53958.0 300.0 300.0 36 64780.0 68018.0 300.0 300.0
581.3299860324307 50 36008.0 39480.0 300.0 300.0 58 52389.0 55249.0 300.0 300.0
838.1115215915248 53 53954.0 56582.0 300.0 300.0 19 72365.0 75806.0 300.0 300.0
803.5496878728195 50 48286.0 51336.0 300.0 300.0 18 63090.0 65790.0 300.0 300.0
942.5909313339733 11 26527.0 28915.0 300.0 300.0 59 42279.0 44186.0 300.0 300.0
811.4870521200806 24 21232.0 23979.0 300.0 300.0 57 40857.0 43979.0 300.0 300.0
573.4254226186054 23 21147.0 24013.0 300.0 300.0 34 35104.0 38670.0 300.0 300.0
681.7532286711153 59 37157.0 39262.0 300.0 300.0 23 51539.0 54596.0 300.0 300.0
371.17727133901735 34 37285.0 40414.0 300.0 300.0 56 52321.0 55887.0 300.0 300.0
507.0721495399092 55 47546.0 50276.0 300.0 300.0 42 67712.0 70257.0 300.0 300.0
965.0551320250951 21 52464.0 54842.0 300.0 300.0 12 72480.0 75539.0 300.0 300.0
160.69575888428145 15 50492.0 54063.0 300.0 300.0 14 69318.0 71974.0 300.0 300.0
504.3067956858468 56 34221.0 36828.0 300.0 300.0 28 52898.0 55369.0 300.0 300.0
869.9877209709271 40 29940.0 33436.0 300.0 300.0 34 49572.0 51629.0 300.0 300.0
427.54742937565226 51 25091.0 27509.0 300.0 300.0 11 45408.0 48733.0 300.0 300.0
585.303526443783 51 36816.0 39789.0 300.0 300.0 30 51402.0 54705.0 300.0 300.0
10.053958897648263 18 31674.0 33842.0 300.0 300.0 48 49290.0 51111.0 300.0 300.0
253.4668850940941 16 40619.0 43809.0 300.0 300.0 13 57427.0 59600.0 300.0 300.0
572.0480356348047 58 34082.0 36255.0 300.0 300.0 44 50685.0 52979.0 300.0 300.0
271.7121331113891 35 46630.0 49974.0 300.0 300.0 56 66961.0 69915.0 300.0 300.0
190.13029580177698 39 32637.0 34970.0 300.0 300.0 44 50471.0 53094.0 300.0 300.0
249.52761038265558 14 41827.0 45188.0 300.0 300.0 20 57857.0 61035.0 300.0 300.0
869.3585891339205 19 27979.0 31532.0 300.0 300.0 15 44370.0 47951.0 300.0 300.0
743.3761736526031 49 29355.0 32067.0 300.0 300.0 13 49484.0 51378.0 300.0 300.0
929.3953001245483 33 30377.0 32923.0 300.0 300.0 17 45260.0 47644.0 300.0 300.0
463.1346379391525 53 21169.0 24448.0 300.0 300.0 42 39327.0 42386.0 300.0 300.0
593.4742746963171 47 23138.0 24999.0 300.0 300.0 56 41796.0 45316.0 300.0 300.0
49.01277472195853 11 43563.0 46387.0 300.0 300.0 32 62237.0 65279.0 300.0 300.0
686.8185177844267 41 49184.0 52536.0 300.0 300.0 55 66839.0 69575.0 300.0 300.0
462.7841757064549 46 35770.0 38227.0 300.0 300.0 48 52056.0 55452.0 300.0 300.0
929.1158788729883 46 36095.0 38398.0 300.0 300.0 15 53757.0 55832.0 300.0 300.0
265.8641331781828 48 36874.0 40145.0 300.0 300.0 51 53995.0 56304.0 300.0 300.0
505.6460568029263 37 36627.0 39537.0 300.0 300.0 21 56027.0 58085.0 300.0 300.0
116.95412532974647 49 46895.0 50282.0 300.0 300.0 14 66331.0 69220.0 300.0 300.0
619.9353920393467 20 27833.0 31124.0 300.0 300.0 13 45691.0 49185.0 300.0 300.0
120.86555022815504 37 18034.0 21066.0 300.0 300.0 36 32767.0 35504.0 300.0 300.0
248.0627694701165 15 51673.0 54568.0 300.0 300.0 22 70301.0 73560.0 300.0 300.0
714.3379740083378 11 52690.0 54922.0 300.0 300.0 31 70911.0 72775.0 300.0 300.0
745.987231936612 21 20284.0 22887.0 300.0 300.0 25 34750.0 37883.0 300.0 300.0
460.1574742746819 28 30763.0 34012.0 300.0 300.0 58 46978.0 49914.0 300.0 300.0
705.9312615348887 45 50910.0 54334.0 300.0 300.0 52 66945.0 69249.0 300.0 300.0
923.0079720999917 47 31735.0 34334.0 300.0 300.0 41 50216.0 52589.0 300.0 300.0
149.7218805340037 52 23685.0 26823.0 300.0 300.0 13 43079.0 45742.0 300.0 300.0
63.98104758549938 53 30839.0 33357.0 300.0 300.0 22 49261.0 52171.0 300.0 300.0
904.2273792859427 30 50886.0 53088.0 300.0 300.0 12 69456.0 71761.0 300.0 300.0
769.6292765497722 38 49890.0 52949.0 300.0 300.0 12 64057.0 66394.0 300.0 300.0
679.1726587411588 58 51645.0 53615.0 300.0 300.0 20 70083.0 72212.0 300.0 300.0
39.34871587445454 51 44669.0 47256.0 300.0 300.0 30 60630.0 62975.0 300.0 300.0
797.5813175347513 16 30170.0 32955.0 300.0 300.0 44 50135.0 52792.0 300.0 300.0
414.5735906832796 52 29704.0 31921.0 300.0 300.0 59 43420.0 45264.0 300.0 300.0
785.170047955989 22 30779.0 32793.0 300.0 300.0 36 46927.0 49464.0 300.0 300.0
726.9826982419138 47 21302.0 24034.0 300.0 300.0 39 35578.0 37776.0 300.0 300.0
662.872072357916 49 30293.0 32405.0 300.0 300.0 21 45532.0 48179.0 300.0 300.0
562.2569228097425 52 23174.0 26260.0 300.0 300.0 31 38934.0 41076.0 300.0 300.0
96.33265538906133 10 29784.0 32235.0 300.0 300.0 20 44886.0 46969.0 300.0 300.0
