50 1000
7000.0 7 14400.0 79200.0
10000.0 0 14400.0 79200.0
5000.0 4 14400.0 79200.0
10000.0 1 14400.0 79200.0
2000.0 7 14400.0 79200.0
10000.0 6 14400.0 79200.0
7000.0 8 14400.0 79200.0
7000.0 4 14400.0 79200.0
10000.0 1 14400.0 79200.0
10000.0 7 14400.0 79200.0
2000.0 1 14400.0 79200.0
10000.0 3 14400.0 79200.0
2000.0 4 14400.0 79200.0
10000.0 4 14400.0 79200.0
7000.0 6 14400.0 79200.0
5000.0 2 14400.0 79200.0
10000.0 1 14400.0 79200.0
5000.0 0 14400.0 79200.0
10000.0 1 14400.0 79200.0
5000.0 1 14400.0 79200.0
2000.0 8 14400.0 79200.0
2000.0 6 14400.0 79200.0
2000.0 0 14400.0 79200.0
7000.0 2 14400.0 79200.0
10000.0 7 14400.0 79200.0
5000.0 6 14400.0 79200.0
10000.0 9 14400.0 79200.0
10000.0 0 14400.0 79200.0
7000.0 8 14400.0 79200.0
7000.0 8 14400.0 79200.0
7000.0 0 14400.0 79200.0
2000.0 2 14400.0 79200.0
10000.0 8 14400.0 79200.0
5000.0 8 14400.0 79200.0
10000.0 0 14400.0 79200.0
2000.0 3 14400.0 79200.0
10000.0 7 14400.0 79200.0
2000.0 3 14400.0 79200.0
7000.0 2 14400.0 79200.0
10000.0 7 14400.0 79200.0
2000.0 7 14400.0 79200.0
5000.0 6 14400.0 79200.0
2000.0 8 14400.0 79200.0
2000.0 8 14400.0 79200.0
7000.0 1 14400.0 79200.0
5000.0 1 14400.0 79200.0
10000.0 1 14400.0 79200.0
10000.0 1 14400.0 79200.0
2000.0 5 14400.0 79200.0
10000.0 7 14400.0 79200.0
362.3654655794888 59 35270.0 37307.0 300.0 300.0 18 54367.0 57553.0 300.0 300.0
216.56380063849033 53 27586.0 29659.0 300.0 300.0 25 40977.0 43624.0 300.0 300.0
169.3174954775657 42 38994.0 42121.0 300.0 300.0 57 54997.0 57762.0 300.0 300.0
582.6426064068437 40 38866.0 41042.0 300.0 300.0 34 53651.0 57100.0 300.0 300.0
795.2146062025215 22 52159.0 54527.0 300.0 300.0 60 69521.0 72182.0 300.0 300.0
0.7507850086088119 47 25135.0 27168.0 300.0 300.0 18 43683.0 47104.0 300.0 300.0
81.71448293444516 51 32181.0 34723.0 300.0 300.0 18 50444.0 53800.0 300.0 300.0
874.7304973189074 47 30685.0 32819.0 300.0 300.0 19 49451.0 51922.0 300.0 300.0
626.6900061566379 49 33151.0 36740.0 300.0 300.0 28 48309.0 51168.0 300.0 300.0
664.8801443492983 26 42691.0 45975.0 300.0 300.0 54 62057.0 64451.0 300.0 300.0
783.2569747029867 31 46809.0 50257.0 300.0 300.0 13 61950.0 65491.0 300.0 300.0
535.875471905687 11 42285.0 45521.0 300.0 300.0 23 60333.0 62814.0 300.0 300.0
149.5422753409681 41 36866.0 39488.0 300.0 300.0 54 52736.0 55490.0 300.0 300.0
171.68915441149358 59 52639.0 54624.0 300.0 300.0 15 69881.0 71965.0 300.0 300.0
262.09976127706625 15 23565.0 26811.0 300.0 300.0 47 41736.0 44469.0 300.0 300.0
558.8357848753908 39 18389.0 21239.0 300.0 300.0 47 36822.0 39309.0 300.0 300.0
429.579385724267 34 39740.0 42759.0 300.0 300.0 21 57065.0 60504.0 300.0 300.0
676.6320198539447 52 40324.0 42418.0 300.0 300.0 55 55921.0 58212.0 300.0 300.0
700.3871751762973 55 34294.0 36658.0 300.0 300.0 31 50654.0 53901.0 300.0 300.0
37.65194200751443 54 22539.0 24564.0 300.0 300.0 19 39546.0 42890.0 300.0 300.0
474.6186311953685 12 49763.0 52063.0 300.0 300.0 11 65443.0 67500.0 300.0 300.0
42.587541227991245 28 42552.0 46125.0 300.0 300.0 43 60700.0 62979.0 300.0 300.0
481.8552254323809 23 30307.0 32848.0 300.0 300.0 41 50302.0 53455.0 300.0 300.0
535.0849703727539 55 23694.0 25689.0 300.0 300.0 15 38386.0 41108.0 300.0 300.0
847.2109247780049 13 53734.0 57059.0 300.0 300.0 40 73094.0 76357.0 300.0 300.0
631.9803303004246 10 29604.0 32509.0 300.0 300.0 38 49048.0 52478.0 300.0 300.0
962.4047405231323 44 33738.0 37329.0 300.0 300.0 12 51084.0 54267.0 300.0 300.0
465.24542187409367 29 18266.0 21049.0 300.0 300.0 47 35290.0 38813.0 300.0 300.0
430.0911338581723 37 53955.0 57030.0 300.0 300.0 10 74896.0 77931.0 300.0 300.0
490.7867642193419 14 39803.0 41771.0 300.0 300.0 58 57540.0 60296.0 300.0 300.0
631.0562942967553 23 18323.0 20386.0 300.0 300.0 29 34405.0 37270.0 300.0 300.0
317.31080152166345 15 21386.0 24045.0 300.0 300.0 39 38257.0 41272.0 300.0 300.0
507.4102976738519 14 50926.0 52741.0 300.0 300.0 44 66967.0 70483.0 300.0 300.0
891.4361465033309 32 46168.0 48548.0 300.0 300.0 50 62987.0 66154.0 300.0 300.0
102.17435875454028 22 22596.0 25424.0 300.0 300.0 35 40423.0 42723.0 300.0 300.0
383.14263379396317 47 34139.0 35971.0 300.0 300.0 46 51305.0 54394.0 300.0 300.0
747.6560995395251 16 22170.0 25699.0 300.0 300.0 18 37453.0 40389.0 300.0 300.0
272.90693719076245 15 39067.0 40969.0 300.0 300.0 47 55122.0 57973.0 300.0 300.0
662.0748280850809 16 29959.0 32337.0 300.0 300.0 37 43631.0 46383.0 300.0 300.0
207.27829493052053 48 26340.0 28469.0 300.0 300.0 29 44291.0 47201.0 300.0 300.0
65.77066401648146 27 49709.0 51998.0 300.0 300.0 55 69614.0 71729.0 300.0 300.0
906.3562336304734 35 39040.0 42078.0 300.0 300.0 25 58251.0 61211.0 300.0 300.0
844.1062387243599 11 48437.0 51269.0 300.0 300.0 26 64063.0 67459.0 300.0 300.0
252.18726956340464 50 23081.0 25658.0 300.0 300.0 29 36546.0 39377.0 300.0 300.0
702.3255335762506 10 39995.0 42176.0 300.0 300.0 26 53967.0 55981.0 300.0 300.0
123.4106244379024 52 18099.0 20407.0 300.0 300.0 14 36591.0 38509.0 300.0 300.0
726.0221903720986 35 28143.0 31095.0 300.0 300.0 18 43233.0 46604.0 300.0 300.0
264.84523601809906 56 43881.0 46325.0 300.0 300.0 24 60730.0 64133.0 300.0 300.0
186.71548576735108 25 20273.0 22794.0 300.0 300.0 53 38826.0 40834.0 300.0 300.0
671.7848238263243 13 33796.0 36940.0 300.0 300.0 56 52262.0 55666.0 300.0 300.0
331.93829844212075 28 42584.0 45316.0 300.0 300.0 48 57169.0 60573.0 300.0 300.0
542.5932697700499 27 31694.0 34219.0 300.0 300.0 14 48601.0 50797.0 300.0 300.0
149.18457779900197 36 24373.0 26633.0 300.0 300.0 40 39927.0 43478.0 300.0 300.0
709.1841318857656 13 44246.0 47434.0 300.0 300.0 54 58424.0 61484.0 300.0 300.0
678.3941466710071 41 38909.0 40869.0 300.0 300.0 47 55650.0 58738.0 300.0 300.0
726.9142090886352 28 53341.0 56774.0 300.0 300.0 31 69610.0 73209.0 300.0 300.0
213.09901866582393 28 46856.0 48832.0 300.0 300.0 56 60120.0 62367.0 300.0 300.0
111.48538913785866 21 42042.0 44715.0 300.0 300.0 43 55869.0 58672.0 300.0 300.0
630.0170286889612 60 40048.0 43061.0 300.0 300.0 20 60141.0 62934.0 300.0 300.0
903.1713921437603 60 53141.0 55279.0 300.0 300.0 33 72318.0 75857.0 300.0 300.0
434.2334360535585 17 47204.0 49405.0 300.0 300.0 47 67295.0 70297.0 300.0 300.0
154.98056348844813 32 36622.0 39380.0 300.0 300.0 35 56917.0 60435.0 300.0 300.0
825.0109315601451 27 18407.0 21819.0 300.0 300.0 13 38347.0 40320.0 300.0 300.0
652.519784343752 55 41565.0 44627.0 300.0 300.0 21 61833.0 64433.0 300.0 300.0
957.9382020608917 45 45417.0 48549.0 300.0 300.0 51 60948.0 64516.0 300.0 300.0
235.00587481043655 35 24161.0 26802.0 300.0 300.0 23 40456.0 43861.0 300.0 300.0
494.17050737102664 38 20392.0 23645.0 300.0 300.0 57 34941.0 37916.0 300.0 300.0
289.11307759141624 25 40701.0 43717.0 300.0 300.0 21 58548.0 61209.0 300.0 300.0
737.9075857928896 32 30922.0 33989.0 300.0 300.0 17 51429.0 53322.0 300.0 300.0
104.56844009610411 48 35432.0 37374.0 300.0 300.0 55 51080.0 54142.0 300.0 300.0
29.346773768139766 41 31505.0 35018.0 300.0 300.0 12 51596.0 53747.0 300.0 300.0
821.3947903541142 23 40090.0 43513.0 300.0 300.0 17 56624.0 59670.0 300.0 300.0
301.86952596476976 19 40080.0 41947.0 300.0 300.0 32 57248.0 60391.0 300.0 300.0
156.62172101400495 13 41336.0 43849.0 300.0 300.0 27 56289.0 59218.0 300.0 300.0
658.2675355084214 56 33096.0 35706.0 300.0 300.0 10 52128.0 54587.0 300.0 300.0
200.67506001341928 43 40256.0 43178.0 300.0 300.0 28 57166.0 59021.0 300.0 300.0
659.8698340621607 43 39903.0 43264.0 300.0 300.0 36 56142.0 59421.0 300.0 300.0
532.4297562266487 20 38932.0 42112.0 300.0 300.0 48 58200.0 61061.0 300.0 300.0
552.3420696672785 48 42088.0 44538.0 300.0 300.0 60 58833.0 61836.0 300.0 300.0
163.35929131461424 55 20735.0 23836.0 300.0 300.0 48 41367.0 43702.0 300.0 300.0
529.9248154927905 38 30715.0 33096.0 300.0 300.0 35 51028.0 53182.0 300.0 300.0
315.99973818648743 16 21812.0 24468.0 300.0 300.0 59 38189.0 41610.0 300.0 300.0
132.55649695404858 15 20073.0 22672.0 300.0 300.0 45 34874.0 37807.0 300.0 300.0
435.1086316609972 13 48922.0 51772.0 300.0 300.0 42 63387.0 66305.0 300.0 300.0
103.668241860139 58 24555.0 27098.0 300.0 300.0 37 38781.0 40693.0 300.0 300.0
770.8508770678416 25 25503.0 29035.0 300.0 300.0 40 41417.0 43280.0 300.0 300.0
245.7923232221414 12 28177.0 31772.0 300.0 300.0 19 47317.0 49905.0 300.0 300.0
245.87614545192272 14 53334.0 55477.0 300.0 300.0 19 72065.0 75071.0 300.0 300.0
591.2196828642192 11 41012.0 43605.0 300.0 300.0 23 58881.0 62394.0 300.0 300.0
490.42715660406486 29 51405.0 54456.0 300.0 300.0 51 68093.0 71454.0 300.0 300.0
259.8777860805398 53 52908.0 56170.0 300.0 300.0 43 70099.0 72802.0 300.0 300.0
4.177345408239885 11 44069.0 46211.0 300.0 300.0 10 60832.0 63685.0 300.0 300.0
769.8534528474306 59 43969.0 46578.0 300.0 300.0 27 60876.0 63295.0 300.0 300.0
467.25045662106226 57 31324.0 33645.0 300.0 300.0 10 45271.0 47127.0 300.0 300.0
970.4075867356361 58 27954.0 30198.0 300.0 300.0 37 41232.0 44009.0 300.0 300.0
597.1166670506549 21 22354.0 25409.0 300.0 300.0 12 37095.0 39345.0 300.0 300.0
715.1481773464882 53 45412.0 48015.0 300.0 300.0 36 62412.0 65128.0 300.0 300.0
438.44925064134077 57 19220.0 21761.0 300.0 300.0 59 37491.0 39859.0 300.0 300.0
525.8436066952848 26 19460.0 21650.0 300.0 300.0 28 36499.0 38696.0 300.0 300.0
119.60677512531359 50 23961.0 27129.0 300.0 300.0 26 45059.0 47893.0 300.0 300.0
816.1492343181717 15 21966.0 24910.0 300.0 300.0 54 40948.0 43078.0 300.0 300.0
436.58784636764426 60 19142.0 21751.0 300.0 300.0 19 33045.0 35211.0 300.0 300.0
359.63584243664 52 19832.0 22209.0 300.0 300.0 12 37048.0 40452.0 300.0 300.0
891.8804994349855 45 44121.0 46693.0 300.0 300.0 26 63402.0 65334.0 300.0 300.0
67.67759938430807 33 22248.0 25106.0 300.0 300.0 10 42789.0 45035.0 300.0 300.0
264.75943364799735 42 50580.0 53903.0 300.0 300.0 13 68806.0 72100.0 300.0 300.0
369.07856173867094 58 35416.0 38182.0 300.0 300.0 21 50093.0 53546.0 300.0 300.0
398.8102421866526 11 18255.0 20713.0 300.0 300.0 16 36723.0 38559.0 300.0 300.0
493.2699824724427 27 44421.0 46540.0 300.0 300.0 10 63318.0 66694.0 300.0 300.0
623.6957953894745 35 38602.0 41052.0 300.0 300.0 42 54393.0 57622.0 300.0 300.0
300.3445137368049 42 52655.0 55883.0 300.0 300.0 39 71383.0 74974.0 300.0 300.0
277.71305000860934 16 35391.0 38919.0 300.0 300.0 50 55325.0 58882.0 300.0 300.0
381.3372402641514 30 29459.0 31755.0 300.0 300.0 10 49690.0 52684.0 300.0 300.0
846.1855442799064 30 36134.0 38597.0 300.0 300.0 16 54591.0 56992.0 300.0 300.0
487.61530641211795 22 21415.0 23849.0 300.0 300.0 51 35187.0 37364.0 300.0 300.0
693.2340324430266 31 35589.0 38892.0 300.0 300.0 24 54369.0 56992.0 300.0 300.0
814.9790073566066 60 18712.0 21435.0 300.0 300.0 27 32421.0 35988.0 300.0 300.0
640.3812913043298 57 35633.0 38553.0 300.0 300.0 48 52758.0 55484.0 300.0 300.0
751.453568552471 30 43143.0 45448.0 300.0 300.0 60 63290.0 65145.0 300.0 300.0
368.5645574369779 19 25015.0 27843.0 300.0 300.0 23 40879.0 44372.0 300.0 300.0
742.4946037736352 20 28235.0 30061.0 300.0 300.0 55 44756.0 46997.0 300.0 300.0
908.6161233537493 49 31145.0 34189.0 300.0 300.0 44 47112.0 48995.0 300.0 300.0
387.5385725323102 15 27354.0 29768.0 300.0 300.0 28 42865.0 44893.0 300.0 300.0
191.66610854883172 59 32490.0 34925.0 300.0 300.0 28 46130.0 48513.0 300.0 300.0
570.9812675524555 35 45150.0 48378.0 300.0 300.0 15 59946.0 61757.0 300.0 300.0
592.138037473855 30 45381.0 48128.0 300.0 300.0 33 58964.0 61565.0 300.0 300.0
771.6138596268647 27 34707.0 37207.0 300.0 300.0 52 54306.0 57580.0 300.0 300.0
683.3343134380626 20 37407.0 39417.0 300.0 300.0 19 55993.0 58367.0 300.0 300.0
969.5130276684896 34 52958.0 55665.0 300.0 300.0 48 68329.0 71278.0 300.0 300.0
594.7103052055652 23 31934.0 34341.0 300.0 300.0 53 48914.0 51032.0 300.0 300.0
169.9715014820855 16 50474.0 53876.0 300.0 300.0 32 65000.0 66989.0 300.0 300.0
700.8519537322111 10 32850.0 35725.0 300.0 300.0 27 48235.0 50238.0 300.0 300.0
241.2442433224956 13 51265.0 53915.0 300.0 300.0 47 65620.0 67470.0 300.0 300.0
159.31485542890965 11 36157.0 38212.0 300.0 300.0 26 54414.0 56952.0 300.0 300.0
877.0249465594874 50 28720.0 31161.0 300.0 300.0 23 46280.0 49093.0 300.0 300.0
556.6439826057043 27 41573.0 44233.0 300.0 300.0 50 59826.0 63318.0 300.0 300.0
265.3843731653478 31 38787.0 41267.0 300.0 300.0 27 56483.0 58295.0 300.0 300.0
612.2351151716998 56 21457.0 23288.0 300.0 300.0 23 34206.0 37651.0 300.0 300.0
802.4980629409584 29 46847.0 49424.0 300.0 300.0 32 61415.0 64993.0 300.0 300.0
255.76118682090575 46 32183.0 35057.0 300.0 300.0 57 48487.0 52071.0 300.0 300.0
620.3409684695432 47 20787.0 23705.0 300.0 300.0 42 37457.0 39838.0 300.0 300.0
147.58291937432023 20 48899.0 51054.0 300.0 300.0 40 65744.0 68496.0 300.0 300.0
100.48553038780805 31 20366.0 22225.0 300.0 300.0 55 39633.0 42199.0 300.0 300.0
799.1836395893481 52 36421.0 39895.0 300.0 300.0 49 50767.0 53175.0 300.0 300.0
78.43066302014311 26 31258.0 33590.0 300.0 300.0 10 47027.0 50144.0 300.0 300.0
302.8742069545056 15 33018.0 36204.0 300.0 300.0 23 48580.0 51297.0 300.0 300.0
371.115221094257 34 52874.0 55183.0 300.0 300.0 26 66867.0 69151.0 300.0 300.0
461.84893478872846 30 49922.0 53051.0 300.0 300.0 36 64730.0 67009.0 300.0 300.0
210.40852963835266 34 34201.0 37420.0 300.0 300.0 25 48786.0 51036.0 300.0 300.0
972.5465364008596 13 25620.0 28798.0 300.0 300.0 21 41692.0 45026.0 300.0 300.0
372.7707975822333 25 52182.0 54150.0 300.0 300.0 34 70554.0 72895.0 300.0 300.0
634.9742807897078 57 28089.0 31632.0 300.0 300.0 15 47330.0 50221.0 300.0 300.0
354.6681352446699 36 35253.0 37682.0 300.0 300.0 38 53780.0 57144.0 300.0 300.0
221.35112368611232 54 26083.0 27885.0 300.0 300.0 51 44205.0 46953.0 300.0 300.0
58.80861805326853 28 18385.0 20241.0 300.0 300.0 45 36191.0 38056.0 300.0 300.0
221.6555206791736 31 53970.0 56881.0 300.0 300.0 47 73962.0 76315.0 300.0 300.0
691.3163140877665 20 30718.0 33438.0 300.0 300.0 24 47781.0 51253.0 300.0 300.0
793.3403420135861 60 25342.0 28930.0 300.0 300.0 10 40715.0 43049.0 300.0 300.0
97.42991605817441 10 35385.0 38358.0 300.0 300.0 22 49684.0 52124.0 300.0 300.0
692.8905863563523 20 24035.0 26566.0 300.0 300.0 37 41460.0 44363.0 300.0 300.0
615.427838890255 24 29692.0 31506.0 300.0 300.0 54 48109.0 51702.0 300.0 300.0
64.71167524616051 47 25193.0 28399.0 300.0 300.0 51 44096.0 46891.0 300.0 300.0
846.8455926475675 11 41980.0 45071.0 300.0 300.0 23 56581.0 58966.0 300.0 300.0
748.0882371042211 23 30750.0 33723.0 300.0 300.0 48 47404.0 50664.0 300.0 300.0
26.637277408208316 43 38533.0 41778.0 300.0 300.0 45 54900.0 57586.0 300.0 300.0
260.05736383404496 20 22982.0 25462.0 300.0 300.0 56 41623.0 43924.0 300.0 300.0
40.09788320863827 45 34112.0 37099.0 300.0 300.0 10 53106.0 55246.0 300.0 300.0
79.78780140546627 33 33604.0 36862.0 300.0 300.0 42 50163.0 53015.0 300.0 300.0
543.8262165993557 26 35320.0 37208.0 300.0 300.0 57 55131.0 57589.0 300.0 300.0
41.60849329507599 20 45952.0 47814.0 300.0 300.0 50 63107.0 66602.0 300.0 300.0
184.8791776620511 39 52192.0 54659.0 300.0 300.0 13 67848.0 71184.0 300.0 300.0
16.729098450971925 49 50984.0 53966.0 300.0 300.0 29 68293.0 71016.0 300.0 300.0
14.016281245010198 49 45230.0 47412.0 300.0 300.0 23 59464.0 62939.0 300.0 300.0
89.8512179662343 51 43690.0 46081.0 300.0 300.0 41 57860.0 61029.0 300.0 300.0
903.4152889361279 41 24670.0 27836.0 300.0 300.0 20 42881.0 45940.0 300.0 300.0
812.5761620664898 42 37828.0 40648.0 300.0 300.0 57 51658.0 53992.0 300.0 300.0
13.679465077902297 57 23941.0 26120.0 300.0 300.0 34 41249.0 43980.0 300.0 300.0
21.431842488716878 37 25083.0 27735.0 300.0 300.0 31 43555.0 46049.0 300.0 300.0
125.9569458339168 11 39098.0 42078.0 300.0 300.0 22 53512.0 55950.0 300.0 300.0
59.51214082849865 15 46442.0 49686.0 300.0 300.0 16 66804.0 69914.0 300.0 300.0
338.52906307503736 56 21180.0 23528.0 300.0 300.0 57 41091.0 44353.0 300.0 300.0
936.5564811019074 34 26113.0 27943.0 300.0 300.0 55 43195.0 46119.0 300.0 300.0
208.64957528908866 59 22908.0 25580.0 300.0 300.0 37 43244.0 46833.0 300.0 300.0
136.58708545317677 55 44180.0 46256.0 300.0 300.0 12 57086.0 59555.0 300.0 300.0
744.4557663897139 11 42455.0 45178.0 300.0 300.0 38 62151.0 65283.0 300.0 300.0
53.130397536484075 54 52525.0 55088.0 300.0 300.0 10 69203.0 71704.0 300.0 300.0
672.5283402315303 48 41985.0 44973.0 300.0 300.0 13 58691.0 62226.0 300.0 300.0
752.1141852392901 55 29881.0 32843.0 300.0 300.0 49 46165.0 48583.0 300.0 300.0
437.6258061407152 16 41808.0 44753.0 300.0 300.0 11 57893.0 60427.0 300.0 300.0
268.67073382311094 12 41077.0 44238.0 300.0 300.0 11 59770.0 62579.0 300.0 300.0
355.1118399694258 46 41826.0 45354.0 300.0 300.0 26 60217.0 63695.0 300.0 300.0
507.5743480021019 34 27014.0 29562.0 300.0 300.0 13 43662.0 46229.0 300.0 300.0
15.858473420648611 42 34060.0 36720.0 300.0 300.0 46 53626.0 55511.0 300.0 300.0
93.5656994902756 34 24561.0 27960.0 300.0 300.0 17 40035.0 43521.0 300.0 300.0
329.5442922751922 41 43676.0 45671.0 300.0 300.0 40 60739.0 63225.0 300.0 300.0
997.4025808536077 10 23431.0 25526.0 300.0 300.0 35 36478.0 38501.0 300.0 300.0
736.252864138342 21 31579.0 34412.0 300.0 300.0 56 46865.0 50448.0 300.0 300.0
220.54238523275572 43 25160.0 27697.0 300.0 300.0 36 44140.0 47581.0 300.0 300.0
978.462817470393 50 34520.0 37236.0 300.0 300.0 43 51637.0 53710.0 300.0 300.0
264.6944340212528 40 31443.0 34872.0 300.0 300.0 38 48006.0 49928.0 300.0 300.0
125.63479689923408 29 35990.0 39044.0 300.0 300.0 25 52020.0 54837.0 300.0 300.0
35.244067981601845 28 41973.0 44636.0 300.0 300.0 14 58835.0 62303.0 300.0 300.0
110.74291948394222 10 39126.0 41869.0 300.0 300.0 21 57479.0 60673.0 300.0 300.0
457.28400033332764 39 49634.0 53206.0 300.0 300.0 29 64410.0 67034.0 300.0 300.0
60.74643740143782 24 29563.0 32350.0 300.0 300.0 51 49686.0 52110.0 300.0 300.0
631.6076030077671 53 33663.0 36488.0 300.0 300.0 57 53581.0 55646.0 300.0 300.0
979.001660428283 60 22588.0 25847.0 300.0 300.0 24 39062.0 42034.0 300.0 300.0
271.8096737725072 23 43364.0 46242.0 300.0 300.0 53 58241.0 61816.0 300.0 300.0
524.2030102662131 21 38125.0 40779.0 300.0 300.0 40 53011.0 55672.0 300.0 300.0
373.26966044250145 25 42183.0 44156.0 300.0 300.0 27 61299.0 63408.0 300.0 300.0
494.2149646473798 39 50902.0 52913.0 300.0 300.0 45 70509.0 73447.0 300.0 300.0
235.29775192952118 24 44400.0 46603.0 300.0 300.0 43 60162.0 63605.0 300.0 300.0
290.0920010451724 15 49440.0 52283.0 300.0 300.0 37 63832.0 67011.0 300.0 300.0
738.5204813573528 23 46427.0 49147.0 300.0 300.0 39 62787.0 66216.0 300.0 300.0
841.0314753221875 25 43082.0 45826.0 300.0 300.0 29 59258.0 61563.0 300.0 300.0
54.45768982895982 31 29388.0 32170.0 300.0 300.0 48 47697.0 50631.0 300.0 300.0
809.6924590094296 36 19852.0 22569.0 300.0 300.0 21 37196.0 40713.0 300.0 300.0
101.36247737931481 44 43385.0 46023.0 300.0 300.0 59 64011.0 65865.0 300.0 300.0
73.34274615489855 15 53156.0 55715.0 300.0 300.0 47 71102.0 72978.0 300.0 300.0
162.2975089369927 20 28092.0 31051.0 300.0 300.0 23 42968.0 45184.0 300.0 300.0
553.1431700539152 38 19808.0 21891.0 300.0 300.0 55 36944.0 38832.0 300.0 300.0
235.01986783848307 30 25026.0 27104.0 300.0 300.0 19 41128.0 44341.0 300.0 300.0
114.39518295119144 38 24147.0 26882.0 300.0 300.0 56 44016.0 47131.0 300.0 300.0
209.83128512096096 26 19395.0 21652.0 300.0 300.0 30 36301.0 38506.0 300.0 300.0
16.98983034074464 60 43531.0 46810.0 300.0 300.0 35 63288.0 66292.0 300.0 300.0
676.7851760983109 14 47649.0 51079.0 300.0 300.0 25 63291.0 66835.0 300.0 300.0
899.2065121493098 11 26688.0 30238.0 300.0 300.0 24 45504.0 47472.0 300.0 300.0
587.5651969015108 40 51981.0 53861.0 300.0 300.0 44 64666.0 67570.0 300.0 300.0
530.3938539320118 49 47640.0 50950.0 300.0 300.0 25 67446.0 69777.0 300.0 300.0
664.3768995547341 56 28775.0 31558.0 300.0 300.0 54 47501.0 49892.0 300.0 300.0
179.27565037268835 45 32428.0 34437.0 300.0 300.0 27 50520.0 53847.0 300.0 300.0
117.1122839612484 11 41452.0 44843.0 300.0 300.0 31 57193.0 59217.0 300.0 300.0
884.385545148315 22 39922.0 42431.0 300.0 300.0 33 60116.0 63486.0 300.0 300.0
144.02212687377246 44 26973.0 30486.0 300.0 300.0 56 42165.0 45096.0 300.0 300.0
760.5516627634502 33 52731.0 55481.0 300.0 300.0 43 71225.0 73719.0 300.0 300.0
827.7006485903092 18 22313.0 24248.0 300.0 300.0 47 37463.0 40057.0 300.0 300.0
668.8974082515741 51 32771.0 34784.0 300.0 300.0 40 48648.0 51377.0 300.0 300.0
359.2667367458161 25 26071.0 28938.0 300.0 300.0 55 44234.0 47592.0 300.0 300.0
665.353672181764 53 48369.0 51968.0 300.0 300.0 35 67903.0 70395.0 300.0 300.0
225.50306458226567 50 51829.0 54610.0 300.0 300.0 20 68564.0 71677.0 300.0 300.0
31.41395906892186 58 45931.0 48183.0 300.0 300.0 46 59708.0 61711.0 300.0 300.0
757.0548347278572 16 29275.0 32343.0 300.0 300.0 30 46342.0 48477.0 300.0 300.0
897.4109193712629 40 38044.0 41003.0 300.0 300.0 32 58640.0 61960.0 300.0 300.0
675.6310427930736 25 53208.0 56641.0 300.0 300.0 15 69341.0 72548.0 300.0 300.0
368.92630044126093 16 46252.0 48853.0 300.0 300.0 30 62243.0 64643.0 300.0 300.0
393.90844743638763 47 18535.0 20431.0 300.0 300.0 37 33790.0 35877.0 300.0 300.0
146.41757645197973 20 18510.0 21560.0 300.0 300.0 22 35510.0 38214.0 300.0 300.0
447.29961485101245 23 47851.0 50117.0 300.0 300.0 12 65333.0 68021.0 300.0 300.0
231.4812271630997 55 44047.0 47514.0 300.0 300.0 32 64376.0 66258.0 300.0 300.0
690.0771682634235 18 18308.0 20150.0 300.0 300.0 26 34972.0 36922.0 300.0 300.0
894.4748827602044 23 40940.0 43809.0 300.0 300.0 13 56402.0 58781.0 300.0 300.0
622.0835954029603 51 28646.0 31246.0 300.0 300.0 48 48136.0 50516.0 300.0 300.0
450.96646653641346 15 50449.0 53058.0 300.0 300.0 23 64520.0 66866.0 300.0 300.0
263.3167025148322 51 24446.0 26293.0 300.0 300.0 57 40617.0 42497.0 300.0 300.0
981.5182641855015 31 42894.0 46072.0 300.0 300.0 15 62617.0 65565.0 300.0 300.0
433.3500061567118 18 20310.0 22832.0 300.0 300.0 45 39167.0 42305.0 300.0 300.0
212.87449668601423 26 37810.0 40587.0 300.0 300.0 13 53366.0 56902.0 300.0 300.0
676.4944218615852 25 42481.0 45962.0 300.0 300.0 52 58364.0 60925.0 300.0 300.0
750.305007002405 34 52847.0 56342.0 300.0 300.0 60 72071.0 75097.0 300.0 300.0
691.8654815919614 19 50745.0 52560.0 300.0 300.0 22 68833.0 71667.0 300.0 300.0
461.6398985862646 21 31727.0 34862.0 300.0 300.0 36 49702.0 52649.0 300.0 300.0
254.50892943679438 17 52940.0 55527.0 300.0 300.0 29 69394.0 72051.0 300.0 300.0
423.7634799446489 49 24692.0 26735.0 300.0 300.0 58 38815.0 41622.0 300.0 300.0
758.2415434419363 48 23184.0 26203.0 300.0 300.0 23 38775.0 41143.0 300.0 300.0
671.7461110734839 36 34686.0 38225.0 300.0 300.0 42 50093.0 53633.0 300.0 300.0
666.0496899380912 29 40567.0 43955.0 300.0 300.0 30 57115.0 59994.0 300.0 300.0
368.4824979866577 34 43018.0 45316.0 300.0 300.0 14 60764.0 63188.0 300.0 300.0
47.29449478306225 53 40597.0 43618.0 300.0 300.0 12 59005.0 61714.0 300.0 300.0
627.1490061392352 50 41603.0 44938.0 300.0 300.0 47 57246.0 59668.0 300.0 300.0
724.5120086072453 18 29483.0 31765.0 300.0 300.0 38 48929.0 51968.0 300.0 300.0
367.84489154481014 36 26143.0 28270.0 300.0 300.0 33 45907.0 48982.0 300.0 300.0
292.56101536369914 59 35389.0 38876.0 300.0 300.0 41 53661.0 55921.0 300.0 300.0
430.66682491222065 23 48702.0 51851.0 300.0 300.0 48 65226.0 68646.0 300.0 300.0
839.9215274162283 40 41295.0 44327.0 300.0 300.0 42 57161.0 60698.0 300.0 300.0
966.7870814322774 57 38997.0 42406.0 300.0 300.0 47 60130.0 62870.0 300.0 300.0
761.1245180910562 24 42874.0 45984.0 300.0 300.0 11 61034.0 64514.0 300.0 300.0
512.8368651967436 35 47202.0 49306.0 300.0 300.0 55 63596.0 65559.0 300.0 300.0
750.0117061504583 43 38067.0 40805.0 300.0 300.0 10 52244.0 54734.0 300.0 300.0
357.39187333834565 18 27947.0 30667.0 300.0 300.0 58 48641.0 50727.0 300.0 300.0
289.57120569760366 39 18302.0 20815.0 300.0 300.0 57 31775.0 33711.0 300.0 300.0
926.3414522433643 55 28196.0 31492.0 300.0 300.0 37 42750.0 45444.0 300.0 300.0
573.6364272644074 34 46790.0 49172.0 300.0 300.0 38 65093.0 67956.0 300.0 300.0
150.4992611056164 47 24449.0 27052.0 300.0 300.0 48 38168.0 40951.0 300.0 300.0
411.3092170769139 36 22446.0 25739.0 300.0 300.0 47 41767.0 44166.0 300.0 300.0
697.4569055071204 55 40894.0 44405.0 300.0 300.0 58 56741.0 59009.0 300.0 300.0
863.4892772989518 46 30651.0 32762.0 300.0 300.0 20 47016.0 49074.0 300.0 300.0
723.2457274316198 37 30194.0 32995.0 300.0 300.0 49 45606.0 48848.0 300.0 300.0
963.647784497754 19 41782.0 43700.0 300.0 300.0 42 55743.0 58124.0 300.0 300.0
460.0809852212889 57 19052.0 21217.0 300.0 300.0 23 39161.0 41570.0 300.0 300.0
187.640156311359 16 50871.0 54340.0 300.0 300.0 38 68325.0 70909.0 300.0 300.0
645.9198704992435 53 20967.0 24294.0 300.0 300.0 14 36072.0 38055.0 300.0 300.0
399.94797733350794 19 38252.0 41794.0 300.0 300.0 25 57310.0 60744.0 300.0 300.0
20.745799412767884 38 39962.0 43135.0 300.0 300.0 22 57758.0 59659.0 300.0 300.0
840.6883968578793 22 35299.0 38185.0 300.0 300.0 54 49200.0 51892.0 300.0 300.0
973.7480212979442 52 37941.0 40495.0 300.0 300.0 29 54931.0 57752.0 300.0 300.0
587.8201350062909 26 36441.0 39045.0 300.0 300.0 25 56625.0 59213.0 300.0 300.0
894.6247321366259 41 18765.0 20586.0 300.0 300.0 25 36622.0 39447.0 300.0 300.0
575.3714429341904 15 40161.0 43023.0 300.0 300.0 29 60992.0 63651.0 300.0 300.0
940.2006802556062 21 45458.0 48983.0 300.0 300.0 44 60126.0 62361.0 300.0 300.0
148.75759260513743 59 32639.0 34894.0 300.0 300.0 38 47739.0 49640.0 300.0 300.0
212.89336389247694 56 48160.0 51630.0 300.0 300.0 60 64590.0 67498.0 300.0 300.0
754.2564560951498 25 31523.0 33787.0 300.0 300.0 32 48308.0 50673.0 300.0 300.0
808.136828282638 17 23570.0 26414.0 300.0 300.0 53 44209.0 47465.0 300.0 300.0
387.75997405493735 51 34878.0 38134.0 300.0 300.0 57 50178.0 52278.0 300.0 300.0
730.906310659804 42 29712.0 32970.0 300.0 300.0 43 44140.0 46834.0 300.0 300.0
48.68176725959206 28 51025.0 54390.0 300.0 300.0 13 65443.0 68357.0 300.0 300.0
323.5797379353129 37 39735.0 42982.0 300.0 300.0 29 60950.0 63551.0 300.0 300.0
573.4137493103956 34 31433.0 33317.0 300.0 300.0 42 47123.0 50007.0 300.0 300.0
964.5030527475247 40 24032.0 27303.0 300.0 300.0 53 39557.0 42154.0 300.0 300.0
758.4039860107882 38 38303.0 41041.0 300.0 300.0 18 54267.0 56951.0 300.0 300.0
374.1446761228574 14 39002.0 41542.0 300.0 300.0 26 54975.0 57051.0 300.0 300.0
759.561493315767 10 45625.0 48501.0 300.0 300.0 48 59457.0 61292.0 300.0 300.0
748.3573656890212 15 36976.0 40431.0 300.0 300.0 32 55886.0 58565.0 300.0 300.0
990.4453509704718 57 40298.0 42293.0 300.0 300.0 43 56704.0 59268.0 300.0 300.0
80.11529926940098 36 21895.0 24426.0 300.0 300.0 41 38195.0 40307.0 300.0 300.0
489.1057163132777 36 46941.0 48934.0 300.0 300.0 54 66536.0 69070.0 300.0 300.0
745.6371709484331 12 53831.0 55792.0 300.0 300.0 19 73331.0 76356.0 300.0 300.0
319.42585145504677 20 33264.0 35204.0 300.0 300.0 25 51033.0 52949.0 300.0 300.0
640.891908022014 33 47904.0 50816.0 300.0 300.0 38 65087.0 67661.0 300.0 300.0
588.6566779779068 60 44533.0 47757.0 300.0 300.0 52 59857.0 62569.0 300.0 300.0
642.3423335688831 35 41082.0 43114.0 300.0 300.0 43 59032.0 62291.0 300.0 300.0
154.2024640589532 58 20788.0 24282.0 300.0 300.0 17 37900.0 41488.0 300.0 300.0
823.012005143988 45 34121.0 36731.0 300.0 300.0 54 53703.0 56643.0 300.0 300.0
849.6482932626517 41 29153.0 32163.0 300.0 300.0 27 47548.0 49794.0 300.0 300.0
932.5400379137226 34 35917.0 38091.0 300.0 300.0 40 50375.0 52179.0 300.0 300.0
856.9280431040027 39 50519.0 52705.0 300.0 300.0 40 65581.0 67800.0 300.0 300.0
8.169090038081306 16 28986.0 30826.0 300.0 300.0 58 45410.0 48140.0 300.0 300.0
697.2096866695821 28 37332.0 39598.0 300.0 300.0 33 50910.0 53024.0 300.0 300.0
342.3187404618132 52 33019.0 35132.0 300.0 300.0 29 48108.0 50493.0 300.0 300.0
700.6806001034344 44 21564.0 24444.0 300.0 300.0 53 38085.0 40846.0 300.0 300.0
220.6331709072512 25 46507.0 48925.0 300.0 300.0 51 62536.0 65633.0 300.0 300.0
972.494567906021 14 39353.0 42352.0 300.0 300.0 38 59188.0 61085.0 300.0 300.0
50.633343496250596 46 28486.0 31767.0 300.0 300.0 51 45699.0 47751.0 300.0 300.0
10.603689410410677 37 21625.0 24968.0 300.0 300.0 42 41151.0 44638.0 300.0 300.0
523.2025046017335 46 46498.0 48921.0 300.0 300.0 27 64661.0 66792.0 300.0 300.0
697.3340460597562 33 48109.0 50683.0 300.0 300.0 41 64449.0 67436.0 300.0 300.0
944.3158723507338 10 23888.0 27013.0 300.0 300.0 24 41159.0 43285.0 300.0 300.0
311.03646604728795 35 53968.0 57407.0 300.0 300.0 28 74384.0 76982.0 300.0 300.0
609.2927155872616 39 21502.0 24102.0 300.0 300.0 14 35166.0 37597.0 300.0 300.0
151.9933494331872 57 37385.0 40035.0 300.0 300.0 27 54961.0 58403.0 300.0 300.0
192.37705010833872 31 45480.0 48849.0 300.0 300.0 14 62394.0 64817.0 300.0 300.0
997.4022869019007 32 49172.0 51503.0 300.0 300.0 17 66272.0 69790.0 300.0 300.0
325.99614785678034 28 29035.0 32430.0 300.0 300.0 43 48327.0 50629.0 300.0 300.0
777.4761639791697 19 41421.0 44721.0 300.0 300.0 53 61356.0 63654.0 300.0 300.0
441.3264758184725 20 34544.0 37991.0 300.0 300.0 59 52020.0 55461.0 300.0 300.0
966.6631070889032 47 21390.0 23323.0 300.0 300.0 41 39785.0 43307.0 300.0 300.0
238.92075407281212 19 28609.0 31262.0 300.0 300.0 27 43555.0 46524.0 300.0 300.0
313.23494001445073 38 50804.0 54305.0 300.0 300.0 37 71195.0 73766.0 300.0 300.0
918.5899282990853 37 38557.0 41203.0 300.0 300.0 45 52733.0 55051.0 300.0 300.0
773.9356591855793 19 47463.0 50834.0 300.0 300.0 18 62528.0 65545.0 300.0 300.0
194.34429299058453 16 50771.0 52997.0 300.0 300.0 12 67002.0 70333.0 300.0 300.0
199.30930937579782 38 46795.0 49164.0 300.0 300.0 26 61984.0 65374.0 300.0 300.0
685.204468643427 25 31604.0 34079.0 300.0 300.0 29 49066.0 51927.0 300.0 300.0
235.4057459599982 17 23735.0 26668.0 300.0 300.0 46 43596.0 46595.0 300.0 300.0
147.69647670331375 26 19923.0 22447.0 300.0 300.0 13 34702.0 37786.0 300.0 300.0
608.8290296325699 10 27154.0 30027.0 300.0 300.0 56 42033.0 44430.0 300.0 300.0
201.82314627029373 21 19958.0 23468.0 300.0 300.0 51 40988.0 43120.0 300.0 300.0
968.964397161965 38 33790.0 35808.0 300.0 300.0 35 48712.0 50529.0 300.0 300.0
309.60798509285934 36 46216.0 48851.0 300.0 300.0 19 64356.0 66220.0 300.0 300.0
532.4814511858252 58 43335.0 45137.0 300.0 300.0 56 62000.0 63810.0 300.0 300.0
263.66295427849394 50 21149.0 24144.0 300.0 300.0 49 39271.0 42755.0 300.0 300.0
154.02999410023145 26 40615.0 42774.0 300.0 300.0 50 58006.0 60654.0 300.0 300.0
911.7419146368031 18 38134.0 40517.0 300.0 300.0 13 52496.0 55923.0 300.0 300.0
110.95850303298815 22 47596.0 49664.0 300.0 300.0 10 64620.0 67216.0 300.0 300.0
220.38103789731633 37 38158.0 41071.0 300.0 300.0 16 55035.0 57169.0 300.0 300.0
800.8088496008629 11 22771.0 24733.0 300.0 300.0 17 38419.0 40370.0 300.0 300.0
614.3497457773714 21 22607.0 25105.0 300.0 300.0 60 39587.0 42852.0 300.0 300.0
904.5609330718022 29 35182.0 37498.0 300.0 300.0 38 52629.0 55304.0 300.0 300.0
225.96601844169206 19 52516.0 55010.0 300.0 300.0 32 69430.0 72212.0 300.0 300.0
46.78617046723521 16 38215.0 41643.0 300.0 300.0 43 55650.0 58846.0 300.0 300.0
765.9707146310376 42 53597.0 55604.0 300.0 300.0 59 67145.0 70553.0 300.0 300.0
1.0529215398068503 28 41125.0 44509.0 300.0 300.0 35 60305.0 62775.0 300.0 300.0
61.58237288369517 31 51123.0 53091.0 300.0 300.0 25 67426.0 69745.0 300.0 300.0
444.527932294367 47 33248.0 36618.0 300.0 300.0 37 52422.0 55474.0 300.0 300.0
382.91963703810893 19 43063.0 46409.0 300.0 300.0 44 61661.0 65197.0 300.0 300.0
793.5235325712719 30 37558.0 40172.0 300.0 300.0 22 57930.0 59985.0 300.0 300.0
840.908072894267 26 37511.0 39690.0 300.0 300.0 35 52068.0 54992.0 300.0 300.0
869.9138101731901 28 41840.0 44637.0 300.0 300.0 29 61330.0 64894.0 300.0 300.0
842.1852012317548 27 40079.0 43464.0 300.0 300.0 46 60517.0 63987.0 300.0 300.0
909.4252375940151 28 19622.0 22210.0 300.0 300.0 43 37120.0 39955.0 300.0 300.0
642.8562610664796 11 39073.0 41398.0 300.0 300.0 14 58881.0 61230.0 300.0 300.0
563.7099366983074 58 42223.0 45027.0 300.0 300.0 46 61589.0 64612.0 300.0 300.0
876.08695512386 25 18578.0 20749.0 300.0 300.0 16 34899.0 38160.0 300.0 300.0
140.12496356392268 41 26115.0 29145.0 300.0 300.0 35 46400.0 48520.0 300.0 300.0
820.674634416637 53 19419.0 22896.0 300.0 300.0 33 38603.0 42005.0 300.0 300.0
921.9295696958436 53 49110.0 52708.0 300.0 300.0 56 70688.0 73544.0 300.0 300.0
520.5160064652653 26 43798.0 46476.0 300.0 300.0 31 58575.0 60406.0 300.0 300.0
307.2157506306149 28 26949.0 28893.0 300.0 300.0 31 42445.0 45370.0 300.0 300.0
409.26621566678176 39 23580.0 26137.0 300.0 300.0 24 40379.0 43392.0 300.0 300.0
971.7187329371993 53 53318.0 55358.0 300.0 300.0 43 68973.0 71914.0 300.0 300.0
200.81100937656504 58 40000.0 42219.0 300.0 300.0 48 57518.0 60399.0 300.0 300.0
807.5022588418448 36 19349.0 22152.0 300.0 300.0 11 35440.0 37887.0 300.0 300.0
694.1781922992598 54 23162.0 25026.0 300.0 300.0 13 36388.0 39160.0 300.0 300.0
9.542812020768455 52 27802.0 30057.0 300.0 300.0 17 42885.0 45524.0 300.0 300.0
140.29741836958442 30 45348.0 48411.0 300.0 300.0 36 59929.0 61772.0 300.0 300.0
102.98697390985933 38 48352.0 51048.0 300.0 300.0 33 63417.0 66730.0 300.0 300.0
616.0561573251578 37 28872.0 31673.0 300.0 300.0 59 48703.0 50736.0 300.0 300.0
637.23952573227 56 24240.0 26130.0 300.0 300.0 48 39755.0 42786.0 300.0 300.0
746.2447427273268 28 46071.0 48650.0 300.0 300.0 43 60568.0 63450.0 300.0 300.0
665.3478756241068 40 40795.0 43162.0 300.0 300.0 55 56067.0 58191.0 300.0 300.0
263.4628213907819 35 30965.0 33662.0 300.0 300.0 16 47081.0 49680.0 300.0 300.0
409.0422647272761 25 35318.0 37595.0 300.0 300.0 39 50581.0 52568.0 300.0 300.0
566.4728253188213 30 35143.0 38204.0 300.0 300.0 29 53000.0 56343.0 300.0 300.0
846.3129962361512 29 27380.0 30390.0 300.0 300.0 30 44906.0 47829.0 300.0 300.0
254.81224879482545 48 30209.0 33170.0 300.0 300.0 13 46132.0 48852.0 300.0 300.0
498.9673867642654 30 18744.0 21402.0 300.0 300.0 56 34348.0 36552.0 300.0 300.0
817.0651628855042 16 44661.0 47036.0 300.0 300.0 38 64795.0 67070.0 300.0 300.0
826.0003854833263 35 40733.0 43393.0 300.0 300.0 44 54311.0 57063.0 300.0 300.0
326.7715292966754 52 24898.0 28089.0 300.0 300.0 53 41286.0 44807.0 300.0 300.0
212.9975798893672 53 37758.0 40380.0 300.0 300.0 11 51767.0 55149.0 300.0 300.0
357.62340002444995 15 47970.0 49779.0 300.0 300.0 58 66306.0 68549.0 300.0 300.0
190.70732855478377 30 38575.0 41172.0 300.0 300.0 47 58505.0 60556.0 300.0 300.0
931.8340962631507 25 51173.0 53035.0 300.0 300.0 37 69412.0 71647.0 300.0 300.0
804.2828635916463 55 21565.0 24208.0 300.0 300.0 38 38255.0 41520.0 300.0 300.0
335.2240056386453 21 25298.0 27133.0 300.0 300.0 43 38958.0 40819.0 300.0 300.0
809.7953903597751 59 46165.0 49038.0 300.0 300.0 15 63585.0 66457.0 300.0 300.0
101.8698383085338 38 46640.0 48775.0 300.0 300.0 12 65410.0 67215.0 300.0 300.0
902.1197326965164 53 23586.0 26109.0 300.0 300.0 60 42646.0 45684.0 300.0 300.0
531.7143927175987 15 19264.0 21230.0 300.0 300.0 45 38470.0 41711.0 300.0 300.0
518.2329162176187 30 25153.0 28247.0 300.0 300.0 24 42662.0 44818.0 300.0 300.0
257.3091997238278 17 40748.0 44082.0 300.0 300.0 44 61010.0 63264.0 300.0 300.0
936.7579854934222 39 51822.0 54619.0 300.0 300.0 13 68088.0 71083.0 300.0 300.0
731.2127557608795 14 42095.0 44866.0 300.0 300.0 46 59025.0 61999.0 300.0 300.0
667.0204143719822 56 24761.0 26964.0 300.0 300.0 33 39560.0 41393.0 300.0 300.0
33.21956830548667 18 53836.0 56002.0 300.0 300.0 38 72373.0 74797.0 300.0 300.0
232.12376729070806 21 43885.0 46153.0 300.0 300.0 19 60614.0 63255.0 300.0 300.0
175.65209543959702 42 18726.0 20928.0 300.0 300.0 18 36566.0 38956.0 300.0 300.0
878.1378524224672 14 31918.0 34659.0 300.0 300.0 25 51898.0 54560.0 300.0 300.0
553.8844044370242 16 34041.0 37345.0 300.0 300.0 17 54490.0 56964.0 300.0 300.0
947.3366906857491 10 31357.0 34043.0 300.0 300.0 56 48238.0 50757.0 300.0 300.0
395.9353798922979 15 19201.0 21633.0 300.0 300.0 60 37097.0 38967.0 300.0 300.0
333.8176589685363 32 37547.0 40047.0 300.0 300.0 25 54536.0 57268.0 300.0 300.0
916.5963584608119 47 45395.0 47707.0 300.0 300.0 18 61821.0 63951.0 300.0 300.0
775.437670262329 20 36162.0 39487.0 300.0 300.0 46 52248.0 54814.0 300.0 300.0
394.7459140001419 25 21873.0 24153.0 300.0 300.0 12 39697.0 42601.0 300.0 300.0
641.8608833992014 48 36637.0 38972.0 300.0 300.0 32 52738.0 55340.0 300.0 300.0
943.2280645365643 46 29507.0 32118.0 300.0 300.0 24 48902.0 51578.0 300.0 300.0
254.03324115070302 27 25509.0 27640.0 300.0 300.0 45 43910.0 45761.0 300.0 300.0
314.2828447328768 10 27867.0 30036.0 300.0 300.0 29 47965.0 49936.0 300.0 300.0
749.3780507550854 14 40035.0 42103.0 300.0 300.0 50 54746.0 57452.0 300.0 300.0
524.7448865446207 27 37106.0 39420.0 300.0 300.0 26 55782.0 58417.0 300.0 300.0
707.6013496879094 43 53706.0 56323.0 300.0 300.0 14 69826.0 71719.0 300.0 300.0
348.1687808936772 13 45152.0 47917.0 300.0 300.0 27 65719.0 67780.0 300.0 300.0
526.7502930014268 54 40121.0 42196.0 300.0 300.0 15 55811.0 58664.0 300.0 300.0
119.17661866735585 40 32532.0 35026.0 300.0 300.0 45 46933.0 50418.0 300.0 300.0
224.99247816299794 28 42802.0 46385.0 300.0 300.0 11 59692.0 62046.0 300.0 300.0
751.5030058814755 30 29246.0 31614.0 300.0 300.0 32 46055.0 47885.0 300.0 300.0
511.7707750150379 29 32552.0 34403.0 300.0 300.0 40 45877.0 48421.0 300.0 300.0
167.665346007438 52 53905.0 56843.0 300.0 300.0 25 71501.0 74404.0 300.0 300.0
678.1991201727106 60 19478.0 22700.0 300.0 300.0 32 38216.0 40349.0 300.0 300.0
366.5099508525733 57 39211.0 42677.0 300.0 300.0 54 55107.0 57769.0 300.0 300.0
890.8397729890048 18 40237.0 42042.0 300.0 300.0 24 56425.0 59748.0 300.0 300.0
366.05953458129346 13 40239.0 43419.0 300.0 300.0 33 57002.0 58827.0 300.0 300.0
609.7556710175764 55 29032.0 32552.0 300.0 300.0 46 49704.0 53172.0 300.0 300.0
113.45973949778265 30 30044.0 32437.0 300.0 300.0 10 48367.0 51897.0 300.0 300.0
99.75167210390046 40 45498.0 47993.0 300.0 300.0 38 64144.0 67342.0 300.0 300.0
871.1250874814898 39 26186.0 29280.0 300.0 300.0 32 43115.0 45845.0 300.0 300.0
856.169828243343 37 40515.0 43523.0 300.0 300.0 59 55142.0 58271.0 300.0 300.0
397.51373270266987 33 23941.0 27311.0 300.0 300.0 50 44185.0 46379.0 300.0 300.0
451.0253509479931 55 28085.0 31246.0 300.0 300.0 37 44788.0 47278.0 300.0 300.0
630.7960618045222 41 39375.0 42391.0 300.0 300.0 28 56155.0 58878.0 300.0 300.0
33.57568538397193 14 52235.0 55255.0 300.0 300.0 51 67579.0 69739.0 300.0 300.0
351.87474565555254 53 23106.0 26207.0 300.0 300.0 21 41465.0 43527.0 300.0 300.0
937.8944140642748 27 30254.0 32137.0 300.0 300.0 30 44911.0 47142.0 300.0 300.0
106.9891562478713 23 26477.0 28746.0 300.0 300.0 59 43790.0 47335.0 300.0 300.0
489.33795149818474 30 23835.0 26215.0 300.0 300.0 13 39156.0 42500.0 300.0 300.0
276.09810234221965 46 21900.0 25347.0 300.0 300.0 28 39003.0 42298.0 300.0 300.0
826.986780967617 18 45582.0 47400.0 300.0 300.0 43 59484.0 63075.0 300.0 300.0
707.3578014583603 30 26137.0 29405.0 300.0 300.0 44 44245.0 47204.0 300.0 300.0
19.625201438629002 16 36026.0 39308.0 300.0 300.0 29 56606.0 58789.0 300.0 300.0
535.6463500504224 58 30079.0 32836.0 300.0 300.0 39 48225.0 51347.0 300.0 300.0
832.3882037198969 58 23494.0 26600.0 300.0 300.0 53 43284.0 45197.0 300.0 300.0
258.96317782099453 53 31878.0 34664.0 300.0 300.0 19 48074.0 51574.0 300.0 300.0
568.0098878171742 32 43828.0 46372.0 300.0 300.0 28 58259.0 61100.0 300.0 300.0
564.7468771696656 26 39731.0 43125.0 300.0 300.0 15 59986.0 63125.0 300.0 300.0
563.1974615702613 48 28680.0 32145.0 300.0 300.0 37 47660.0 51011.0 300.0 300.0
842.1907335124406 34 29796.0 32347.0 300.0 300.0 49 50342.0 53651.0 300.0 300.0
253.9415964423699 14 27784.0 30543.0 300.0 300.0 20 44417.0 47265.0 300.0 300.0
459.33842745684416 56 32235.0 35062.0 300.0 300.0 27 48886.0 50852.0 300.0 300.0
554.8457422323878 33 25626.0 27571.0 300.0 300.0 45 42970.0 46257.0 300.0 300.0
257.3429863001585 27 26593.0 29886.0 300.0 300.0 18 44215.0 46680.0 300.0 300.0
432.47864137887615 36 40114.0 42293.0 300.0 300.0 38 55356.0 57708.0 300.0 300.0
960.3689720981968 11 32173.0 33979.0 300.0 300.0 40 50352.0 52987.0 300.0 300.0
531.3663530693186 46 33459.0 35633.0 300.0 300.0 18 46443.0 49084.0 300.0 300.0
319.19043488088585 44 22981.0 26074.0 300.0 300.0 40 37364.0 39551.0 300.0 300.0
57.95284031238557 46 53180.0 55365.0 300.0 300.0 43 67038.0 69338.0 300.0 300.0
409.9336618387179 21 52578.0 55345.0 300.0 300.0 16 72429.0 74669.0 300.0 300.0
601.4651403238739 27 51087.0 53670.0 300.0 300.0 11 69744.0 72158.0 300.0 300.0
66.3639782530665 14 43926.0 46251.0 300.0 300.0 29 62867.0 65195.0 300.0 300.0
414.28124844626257 57 25853.0 28458.0 300.0 300.0 18 39813.0 42801.0 300.0 300.0
513.7189613748967 41 44287.0 46815.0 300.0 300.0 55 58100.0 61089.0 300.0 300.0
865.6559364991431 28 47323.0 49840.0 300.0 300.0 30 64745.0 68011.0 300.0 300.0
832.8243149045936 12 42480.0 45378.0 300.0 300.0 29 59974.0 63103.0 300.0 300.0
283.42710243452575 15 21523.0 24161.0 300.0 300.0 41 36771.0 38919.0 300.0 300.0
462.94455708089953 42 49338.0 52322.0 300.0 300.0 21 69114.0 72068.0 300.0 300.0
404.8896607101773 56 25250.0 27913.0 300.0 300.0 34 41099.0 42924.0 300.0 300.0
957.7445346270673 31 44102.0 46503.0 300.0 300.0 39 59854.0 62736.0 300.0 300.0
851.0521571196906 39 51498.0 54741.0 300.0 300.0 10 68806.0 71488.0 300.0 300.0
157.4722204732738 14 52500.0 55882.0 300.0 300.0 53 70489.0 73074.0 300.0 300.0
833.0195447309134 14 36531.0 39934.0 300.0 300.0 32 51271.0 53636.0 300.0 300.0
707.9945643775441 45 25418.0 27742.0 300.0 300.0 43 44840.0 47256.0 300.0 300.0
94.69090255300294 54 47404.0 49446.0 300.0 300.0 52 65840.0 68343.0 300.0 300.0
928.9763610921068 43 45963.0 49163.0 300.0 300.0 58 61109.0 63912.0 300.0 300.0
526.1088998925089 47 39650.0 42392.0 300.0 300.0 22 60319.0 62417.0 300.0 300.0
754.0169479383615 21 37268.0 39286.0 300.0 300.0 16 51905.0 54937.0 300.0 300.0
64.81670285284325 29 41963.0 43926.0 300.0 300.0 42 55404.0 57470.0 300.0 300.0
289.04874561711256 57 42073.0 45404.0 300.0 300.0 40 59290.0 61556.0 300.0 300.0
291.0023686889749 36 26317.0 28758.0 300.0 300.0 12 39785.0 43318.0 300.0 300.0
275.23553290149414 46 26675.0 28505.0 300.0 300.0 12 40592.0 43383.0 300.0 300.0
352.9588392594143 32 51145.0 54280.0 300.0 300.0 34 69776.0 71935.0 300.0 300.0
821.8350862783998 42 31723.0 33604.0 300.0 300.0 44 46136.0 49243.0 300.0 300.0
603.7452148959783 10 46286.0 48253.0 300.0 300.0 23 60072.0 61937.0 300.0 300.0
475.23975765069537 39 42039.0 44945.0 300.0 300.0 41 62334.0 65407.0 300.0 300.0
143.5682143050785 60 30207.0 33009.0 300.0 300.0 37 51008.0 53320.0 300.0 300.0
404.2791114689533 13 39609.0 42971.0 300.0 300.0 52 54043.0 56294.0 300.0 300.0
635.3493873250806 18 18803.0 21558.0 300.0 300.0 34 35754.0 38785.0 300.0 300.0
959.839387189167 42 52392.0 54705.0 300.0 300.0 34 66272.0 68749.0 300.0 300.0
567.6190360141997 53 29504.0 32716.0 300.0 300.0 45 48959.0 51876.0 300.0 300.0
469.27496050111074 26 40022.0 42887.0 300.0 300.0 17 54771.0 56630.0 300.0 300.0
88.06929367549499 57 24717.0 28209.0 300.0 300.0 52 41044.0 43730.0 300.0 300.0
72.68516196178155 30 18938.0 21746.0 300.0 300.0 18 35276.0 37769.0 300.0 300.0
615.9725262475044 57 23198.0 26564.0 300.0 300.0 11 39168.0 42348.0 300.0 300.0
28.006627288235887 36 44210.0 46256.0 300.0 300.0 59 60900.0 64173.0 300.0 300.0
389.76423369245305 53 30963.0 33709.0 300.0 300.0 28 45925.0 49440.0 300.0 300.0
893.5036980450751 25 49440.0 51328.0 300.0 300.0 13 62731.0 65449.0 300.0 300.0
629.3177033008877 53 21151.0 24132.0 300.0 300.0 13 40590.0 43652.0 300.0 300.0
637.4785883759483 41 28549.0 31906.0 300.0 300.0 13 49627.0 52106.0 300.0 300.0
37.08825009428374 33 44703.0 47878.0 300.0 300.0 34 60010.0 63002.0 300.0 300.0
183.09517794096985 22 35101.0 37144.0 300.0 300.0 10 53956.0 56503.0 300.0 300.0
359.043754471193 28 41258.0 44338.0 300.0 300.0 27 56695.0 59392.0 300.0 300.0
437.71911483950987 44 25886.0 29267.0 300.0 300.0 18 46580.0 49866.0 300.0 300.0
840.1627300648298 55 39866.0 41853.0 300.0 300.0 39 53450.0 55385.0 300.0 300.0
107.09483099582373 28 23703.0 26929.0 300.0 300.0 32 43243.0 45220.0 300.0 300.0
789.6869642968329 26 24379.0 26491.0 300.0 300.0 56 42430.0 45705.0 300.0 300.0
790.3639111579928 13 22353.0 25078.0 300.0 300.0 43 42737.0 44590.0 300.0 300.0
502.050447669391 54 52104.0 54298.0 300.0 300.0 45 70782.0 72603.0 300.0 300.0
87.1005982160189 60 25601.0 27812.0 300.0 300.0 25 43300.0 46850.0 300.0 300.0
328.6349827549775 36 52771.0 54680.0 300.0 300.0 60 72411.0 74606.0 300.0 300.0
926.3043907074921 29 24833.0 27583.0 300.0 300.0 41 43524.0 46729.0 300.0 300.0
365.7647244628022 39 27427.0 30327.0 300.0 300.0 53 44024.0 47153.0 300.0 300.0
613.1206318368447 44 53028.0 55845.0 300.0 300.0 28 68507.0 71415.0 300.0 300.0
602.5594097160157 26 25549.0 29092.0 300.0 300.0 20 44464.0 46388.0 300.0 300.0
354.811535641948 59 53967.0 57525.0 300.0 300.0 57 73497.0 75431.0 300.0 300.0
279.71041063766336 29 42791.0 46389.0 300.0 300.0 25 62109.0 64980.0 300.0 300.0
305.3961404810096 37 37749.0 40557.0 300.0 300.0 14 54660.0 58103.0 300.0 300.0
952.587634884861 19 39227.0 42047.0 300.0 300.0 40 58739.0 61581.0 300.0 300.0
600.0228539476293 47 34180.0 36097.0 300.0 300.0 53 53068.0 56216.0 300.0 300.0
369.3682074017689 12 37905.0 40580.0 300.0 300.0 46 55735.0 58825.0 300.0 300.0
936.5065577388885 21 41718.0 44076.0 300.0 300.0 18 60401.0 63333.0 300.0 300.0
791.5131790303236 20 53735.0 55962.0 300.0 300.0 60 67524.0 69627.0 300.0 300.0
112.90619994740292 34 19694.0 21809.0 300.0 300.0 55 35564.0 38779.0 300.0 300.0
58.69779556857735 21 38293.0 40215.0 300.0 300.0 23 53279.0 55949.0 300.0 300.0
516.2656815610578 51 53733.0 55743.0 300.0 300.0 48 67272.0 70148.0 300.0 300.0
276.3832935411905 12 38600.0 41489.0 300.0 300.0 47 54581.0 56473.0 300.0 300.0
957.7912840806898 11 41831.0 45405.0 300.0 300.0 12 61038.0 64567.0 300.0 300.0
959.1489761453679 31 26383.0 29149.0 300.0 300.0 23 45809.0 49113.0 300.0 300.0
902.268618521353 37 44413.0 46350.0 300.0 300.0 12 61559.0 64194.0 300.0 300.0
258.5914435068186 52 42077.0 44927.0 300.0 300.0 28 57945.0 60795.0 300.0 300.0
92.28605837717707 56 48142.0 51692.0 300.0 300.0 42 66974.0 68802.0 300.0 300.0
237.33422166165707 29 41918.0 44336.0 300.0 300.0 15 57594.0 60506.0 300.0 300.0
728.0515012970905 25 43959.0 46849.0 300.0 300.0 48 61313.0 63973.0 300.0 300.0
201.14164218807505 37 24039.0 27481.0 300.0 300.0 38 45376.0 48080.0 300.0 300.0
747.8712727117827 17 39986.0 43077.0 300.0 300.0 10 54059.0 56435.0 300.0 300.0
784.330458578055 25 41465.0 44019.0 300.0 300.0 29 59038.0 61880.0 300.0 300.0
738.6771073724233 40 52218.0 55750.0 300.0 300.0 24 72241.0 74154.0 300.0 300.0
699.0399318052143 32 41306.0 44846.0 300.0 300.0 28 60173.0 63404.0 300.0 300.0
575.6939331981122 16 42150.0 44466.0 300.0 300.0 40 59975.0 63478.0 300.0 300.0
940.2414188647966 50 19081.0 21583.0 300.0 300.0 32 37977.0 40811.0 300.0 300.0
890.160973500925 20 48441.0 51860.0 300.0 300.0 26 68478.0 71811.0 300.0 300.0
403.80855255152335 38 23850.0 27283.0 300.0 300.0 13 42903.0 45518.0 300.0 300.0
848.0562820236214 38 35981.0 38639.0 300.0 300.0 12 51309.0 53634.0 300.0 300.0
677.0663306813453 32 34416.0 36218.0 300.0 300.0 47 49168.0 52694.0 300.0 300.0
804.5047910969075 46 50956.0 54313.0 300.0 300.0 18 68852.0 71652.0 300.0 300.0
536.906202209716 13 43936.0 47518.0 300.0 300.0 41 61902.0 65319.0 300.0 300.0
100.82359713419575 47 52178.0 54025.0 300.0 300.0 43 65941.0 69158.0 300.0 300.0
11.084693116899746 27 26570.0 30054.0 300.0 300.0 28 46772.0 50372.0 300.0 300.0
376.2045770898558 54 20613.0 23646.0 300.0 300.0 16 36038.0 38640.0 300.0 300.0
779.3776138411704 31 33769.0 35697.0 300.0 300.0 33 49415.0 51876.0 300.0 300.0
165.45099929358852 48 35026.0 38393.0 300.0 300.0 32 49892.0 53259.0 300.0 300.0
2.880711090737953 43 35993.0 38763.0 300.0 300.0 45 56761.0 59479.0 300.0 300.0
498.95332310490346 57 18380.0 20882.0 300.0 300.0 53 34900.0 37282.0 300.0 300.0
146.3445779109277 29 18601.0 20459.0 300.0 300.0 17 35371.0 38895.0 300.0 300.0
571.5554951917011 39 52306.0 54522.0 300.0 300.0 35 68169.0 70434.0 300.0 300.0
8.795547830766193 36 48497.0 50760.0 300.0 300.0 28 65496.0 68559.0 300.0 300.0
22.859193642203234 20 40918.0 44122.0 300.0 300.0 36 59003.0 62094.0 300.0 300.0
494.9892678630982 41 37489.0 39311.0 300.0 300.0 56 50156.0 52867.0 300.0 300.0
801.9366305071298 28 46475.0 49637.0 300.0 300.0 58 66868.0 69756.0 300.0 300.0
872.0090212032557 12 47190.0 50536.0 300.0 300.0 47 61474.0 64248.0 300.0 300.0
162.85167588205206 48 40216.0 42931.0 300.0 300.0 51 57033.0 59874.0 300.0 300.0
573.4703674555948 23 43036.0 46558.0 300.0 300.0 13 61677.0 64951.0 300.0 300.0
851.6751856730631 39 38923.0 40895.0 300.0 300.0 51 56409.0 59928.0 300.0 300.0
484.6168276202846 23 41647.0 44821.0 300.0 300.0 27 61512.0 64483.0 300.0 300.0
658.0501099976185 53 40527.0 43825.0 300.0 300.0 44 57665.0 59525.0 300.0 300.0
995.7510324431353 25 28453.0 30397.0 300.0 300.0 40 47362.0 49468.0 300.0 300.0
981.4161076908417 49 30220.0 32268.0 300.0 300.0 38 49215.0 52599.0 300.0 300.0
613.9834374958537 59 43137.0 46688.0 300.0 300.0 22 63793.0 65604.0 300.0 300.0
29.720169889997816 40 49908.0 53129.0 300.0 300.0 21 65854.0 68993.0 300.0 300.0
223.60708561420816 56 37158.0 39708.0 300.0 300.0 58 54653.0 56975.0 300.0 300.0
462.16863332769464 55 49231.0 52378.0 300.0 300.0 12 66639.0 70104.0 300.0 300.0
67.31448415818208 23 53984.0 56351.0 300.0 300.0 50 68075.0 70557.0 300.0 300.0
302.04559528605057 45 20552.0 23021.0 300.0 300.0 42 35613.0 37649.0 300.0 300.0
552.1227761424656 46 42864.0 45848.0 300.0 300.0 55 61101.0 63573.0 300.0 300.0
484.9326965755845 54 32831.0 34865.0 300.0 300.0 49 46256.0 49754.0 300.0 300.0
167.8069707483636 52 30386.0 33642.0 300.0 300.0 40 46258.0 49180.0 300.0 300.0
535.2940968034872 59 37893.0 40268.0 300.0 300.0 37 52649.0 54731.0 300.0 300.0
228.77061715920533 45 46767.0 50320.0 300.0 300.0 10 68263.0 71674.0 300.0 300.0
253.1877015516901 24 29671.0 33214.0 300.0 300.0 40 49840.0 51744.0 300.0 300.0
133.89963564219676 60 37028.0 39012.0 300.0 300.0 14 51425.0 54186.0 300.0 300.0
475.05788079109925 16 33122.0 35670.0 300.0 300.0 26 46826.0 49537.0 300.0 300.0
188.7106235424768 10 42927.0 45617.0 300.0 300.0 19 62335.0 64632.0 300.0 300.0
589.7559866635667 60 52043.0 54322.0 300.0 300.0 22 69329.0 71786.0 300.0 300.0
290.0593761249086 10 34817.0 38416.0 300.0 300.0 14 49710.0 51700.0 300.0 300.0
544.1005661867914 20 37303.0 40221.0 300.0 300.0 38 51026.0 54392.0 300.0 300.0
460.2337929346344 29 21319.0 24113.0 300.0 300.0 32 37149.0 40061.0 300.0 300.0
171.78001383752039 46 33373.0 35565.0 300.0 300.0 12 47773.0 49783.0 300.0 300.0
93.20453546818264 12 25846.0 27892.0 300.0 300.0 41 43675.0 46499.0 300.0 300.0
294.944315174115 36 27660.0 29667.0 300.0 300.0 45 43023.0 45970.0 300.0 300.0
84.3132231126822 52 38289.0 41366.0 300.0 300.0 30 56070.0 59527.0 300.0 300.0
758.5289216730899 28 41202.0 44221.0 300.0 300.0 33 59337.0 62784.0 300.0 300.0
733.2790852696492 51 50402.0 53824.0 300.0 300.0 55 71311.0 74246.0 300.0 300.0
301.6821637339491 46 29920.0 32066.0 300.0 300.0 59 44113.0 46964.0 300.0 300.0
401.0154771722091 38 18277.0 21800.0 300.0 300.0 39 39608.0 42006.0 300.0 300.0
496.4765239350861 52 46753.0 49736.0 300.0 300.0 48 65214.0 67936.0 300.0 300.0
559.6563525560117 52 37399.0 40377.0 300.0 300.0 19 57668.0 60964.0 300.0 300.0
298.60217328748104 24 34738.0 36776.0 300.0 300.0 56 51971.0 54121.0 300.0 300.0
783.0643816217384 60 50669.0 53055.0 300.0 300.0 36 68484.0 70431.0 300.0 300.0
574.5695022576069 42 42279.0 45729.0 300.0 300.0 57 62847.0 64762.0 300.0 300.0
796.9648188562105 34 24057.0 26364.0 300.0 300.0 29 40557.0 44004.0 300.0 300.0
171.0616238702233 41 33269.0 35922.0 300.0 300.0 47 51995.0 55565.0 300.0 300.0
343.13749387358894 16 47518.0 50144.0 300.0 300.0 52 64910.0 68224.0 300.0 300.0
159.83095747465435 53 50347.0 52220.0 300.0 300.0 31 68956.0 71022.0 300.0 300.0
944.5924608831714 19 18960.0 20785.0 300.0 300.0 53 38452.0 41213.0 300.0 300.0
170.6512859842101 40 52870.0 55987.0 300.0 300.0 22 68645.0 71595.0 300.0 300.0
806.5155363350738 60 39654.0 42304.0 300.0 300.0 42 55188.0 57518.0 300.0 300.0
669.4211989523941 35 49068.0 51696.0 300.0 300.0 50 68082.0 70918.0 300.0 300.0
903.540437447303 18 32820.0 35278.0 300.0 300.0 22 48931.0 51672.0 300.0 300.0
462.04065035385156 26 26692.0 29142.0 300.0 300.0 46 40741.0 42563.0 300.0 300.0
624.4935433678774 28 38272.0 41327.0 300.0 300.0 21 58344.0 61438.0 300.0 300.0
30.004382556658715 53 28016.0 30971.0 300.0 300.0 16 45735.0 49213.0 300.0 300.0
242.4608351981149 11 43354.0 46719.0 300.0 300.0 10 61455.0 63903.0 300.0 300.0
812.9977530854522 20 20583.0 23810.0 300.0 300.0 37 35222.0 38565.0 300.0 300.0
506.501852892312 10 24664.0 27550.0 300.0 300.0 56 43412.0 45869.0 300.0 300.0
638.745446475173 57 39160.0 41254.0 300.0 300.0 40 54174.0 57597.0 300.0 300.0
101.62705418233308 46 26586.0 28672.0 300.0 300.0 26 40929.0 43206.0 300.0 300.0
911.9271845330298 39 31266.0 34123.0 300.0 300.0 12 47220.0 50548.0 300.0 300.0
870.1736380298476 49 24090.0 26584.0 300.0 300.0 23 38613.0 41097.0 300.0 300.0
272.4893477303678 42 43609.0 46519.0 300.0 300.0 41 64268.0 67518.0 300.0 300.0
39.24983906413138 52 20753.0 23803.0 300.0 300.0 49 41088.0 44146.0 300.0 300.0
438.87312297988666 21 49149.0 51324.0 300.0 300.0 18 66722.0 69867.0 300.0 300.0
248.63585969225977 13 35043.0 37529.0 300.0 300.0 21 50967.0 54433.0 300.0 300.0
192.6503839938495 60 46328.0 48474.0 300.0 300.0 31 62322.0 64752.0 300.0 300.0
648.9659596989362 41 30637.0 32887.0 300.0 300.0 19 50201.0 53492.0 300.0 300.0
626.2845454698542 11 19435.0 22254.0 300.0 300.0 46 34133.0 37068.0 300.0 300.0
453.08781338711856 50 38322.0 41155.0 300.0 300.0 40 57443.0 59367.0 300.0 300.0
163.06644998563368 43 45200.0 47823.0 300.0 300.0 47 63892.0 66324.0 300.0 300.0
20.490234795992436 28 41748.0 45286.0 300.0 300.0 37 57184.0 60334.0 300.0 300.0
624.941965740465 50 20326.0 22822.0 300.0 300.0 28 39160.0 42564.0 300.0 300.0
266.2723843269035 59 33286.0 35211.0 300.0 300.0 47 47094.0 50396.0 300.0 300.0
36.54919013596181 23 45901.0 48094.0 300.0 300.0 15 61913.0 64141.0 300.0 300.0
77.33616673939369 27 19200.0 21917.0 300.0 300.0 47 34632.0 38216.0 300.0 300.0
538.2963467053887 12 23196.0 25971.0 300.0 300.0 60 41368.0 43499.0 300.0 300.0
638.7329341744319 26 49582.0 52216.0 300.0 300.0 16 66945.0 69989.0 300.0 300.0
973.0879723453991 36 38025.0 40589.0 300.0 300.0 33 52070.0 54500.0 300.0 300.0
506.17414102439494 32 27450.0 30242.0 300.0 300.0 37 47284.0 49101.0 300.0 300.0
505.072484002799 60 38461.0 41736.0 300.0 300.0 30 56939.0 60054.0 300.0 300.0
774.7881142963146 37 37370.0 40206.0 300.0 300.0 50 51530.0 54210.0 300.0 300.0
228.6420804954632 14 46773.0 50177.0 300.0 300.0 41 67371.0 70051.0 300.0 300.0
391.81038561818303 23 48264.0 50747.0 300.0 300.0 29 63815.0 65709.0 300.0 300.0
695.3408448455816 45 26717.0 28755.0 300.0 300.0 41 41016.0 43365.0 300.0 300.0
128.94635901383478 14 23695.0 25520.0 300.0 300.0 23 39695.0 42724.0 300.0 300.0
798.1816995523352 26 52195.0 54241.0 300.0 300.0 58 70555.0 73903.0 300.0 300.0
789.9339537149735 23 35333.0 37375.0 300.0 300.0 45 52276.0 55632.0 300.0 300.0
539.3631406447267 22 31331.0 34814.0 300.0 300.0 23 49637.0 53042.0 300.0 300.0
186.02013614177636 26 29185.0 31890.0 300.0 300.0 56 47402.0 49849.0 300.0 300.0
10.115577181747938 23 36618.0 40001.0 300.0 300.0 29 56477.0 59008.0 300.0 300.0
306.6930070336277 29 20897.0 23923.0 300.0 300.0 47 36038.0 38461.0 300.0 300.0
931.3685725881331 59 30236.0 33117.0 300.0 300.0 17 45041.0 47477.0 300.0 300.0
969.4900672120817 53 27599.0 30931.0 300.0 300.0 10 47956.0 50377.0 300.0 300.0
451.4689479402615 38 24330.0 27373.0 300.0 300.0 33 44589.0 47581.0 300.0 300.0
309.82551679264805 43 22580.0 25648.0 300.0 300.0 60 39720.0 42064.0 300.0 300.0
542.0195526305774 22 43070.0 46108.0 300.0 300.0 31 57219.0 60024.0 300.0 300.0
512.7068273830965 33 37034.0 40350.0 300.0 300.0 10 51801.0 54126.0 300.0 300.0
354.15270838461265 11 47956.0 51549.0 300.0 300.0 24 67618.0 70426.0 300.0 300.0
670.4842237748597 58 51290.0 53322.0 300.0 300.0 45 67934.0 71469.0 300.0 300.0
733.6767698090089 37 33101.0 35723.0 300.0 300.0 45 50246.0 52400.0 300.0 300.0
36.30924232205779 46 47699.0 49870.0 300.0 300.0 57 61118.0 63501.0 300.0 300.0
792.3905512830686 33 45196.0 48779.0 300.0 300.0 13 63817.0 65900.0 300.0 300.0
928.0588189683973 27 37641.0 40244.0 300.0 300.0 30 55830.0 59402.0 300.0 300.0
901.6752335566963 21 35533.0 38462.0 300.0 300.0 12 50530.0 52434.0 300.0 300.0
302.7748369992288 43 33204.0 35304.0 300.0 300.0 21 51124.0 53648.0 300.0 300.0
729.8481572819986 25 45648.0 47800.0 300.0 300.0 57 60034.0 61895.0 300.0 300.0
482.213428222807 38 26770.0 30337.0 300.0 300.0 25 41821.0 43701.0 300.0 300.0
362.67481550598734 57 52813.0 55001.0 300.0 300.0 12 68027.0 71233.0 300.0 300.0
565.3087892996681 11 32148.0 35557.0 300.0 300.0 55 52489.0 54608.0 300.0 300.0
112.23442892986368 20 30473.0 32570.0 300.0 300.0 38 49199.0 51113.0 300.0 300.0
847.0203315558737 14 19753.0 22590.0 300.0 300.0 54 39179.0 41286.0 300.0 300.0
177.7497860612398 56 39487.0 41957.0 300.0 300.0 54 56799.0 58680.0 300.0 300.0
693.3162068410013 31 52583.0 55192.0 300.0 300.0 44 68541.0 71442.0 300.0 300.0
827.1217872962038 38 29453.0 32082.0 300.0 300.0 53 46790.0 49437.0 300.0 300.0
151.48629286790106 24 36010.0 38735.0 300.0 300.0 59 50581.0 52866.0 300.0 300.0
533.2338836452914 37 53934.0 56471.0 300.0 300.0 52 72865.0 76195.0 300.0 300.0
440.49169794660713 49 27541.0 30372.0 300.0 300.0 26 45789.0 47964.0 300.0 300.0
447.4586791847359 58 40748.0 42989.0 300.0 300.0 37 57489.0 60187.0 300.0 300.0
938.9305693487535 25 51151.0 54632.0 300.0 300.0 60 69585.0 71825.0 300.0 300.0
506.43868542834525 40 29948.0 33089.0 300.0 300.0 28 49915.0 53426.0 300.0 300.0
424.0990195377865 51 47303.0 50705.0 300.0 300.0 58 67988.0 70029.0 300.0 300.0
238.72457047599426 56 34246.0 37600.0 300.0 300.0 21 54865.0 57830.0 300.0 300.0
904.5888123042461 11 28671.0 30909.0 300.0 300.0 52 47791.0 50358.0 300.0 300.0
216.21497355463214 19 29710.0 31860.0 300.0 300.0 15 44139.0 47008.0 300.0 300.0
205.30312435122644 22 37509.0 40715.0 300.0 300.0 55 54396.0 57991.0 300.0 300.0
941.9036379753452 58 37860.0 40539.0 300.0 300.0 34 54290.0 56604.0 300.0 300.0
516.4805944654646 33 43702.0 46206.0 300.0 300.0 23 62130.0 65447.0 300.0 300.0
499.92792027356023 10 25056.0 28653.0 300.0 300.0 52 44892.0 47753.0 300.0 300.0
900.4555582316887 46 45404.0 47831.0 300.0 300.0 29 63730.0 66381.0 300.0 300.0
345.4304726701731 16 43506.0 45886.0 300.0 300.0 59 59380.0 62141.0 300.0 300.0
488.99224453637026 60 32720.0 34695.0 300.0 300.0 31 51481.0 53559.0 300.0 300.0
368.76882848135483 59 20281.0 22328.0 300.0 300.0 38 35114.0 37374.0 300.0 300.0
12.023499520884329 43 31699.0 34391.0 300.0 300.0 22 50402.0 52774.0 300.0 300.0
628.987136341376 20 33681.0 35514.0 300.0 300.0 11 51725.0 54554.0 300.0 300.0
821.7914252117986 23 46706.0 49194.0 300.0 300.0 29 64102.0 67374.0 300.0 300.0
572.4276241900535 21 52832.0 56197.0 300.0 300.0 15 73190.0 75147.0 300.0 300.0
645.3916095702382 12 38497.0 40797.0 300.0 300.0 22 57990.0 61128.0 300.0 300.0
900.5081807090037 45 20684.0 23994.0 300.0 300.0 31 35843.0 37757.0 300.0 300.0
578.6028037530059 18 32639.0 36146.0 300.0 300.0 38 50707.0 52977.0 300.0 300.0
652.0016470898559 40 40323.0 42169.0 300.0 300.0 37 53979.0 57532.0 300.0 300.0
974.0549914034136 44 38616.0 40795.0 300.0 300.0 17 56011.0 58481.0 300.0 300.0
254.97607641209495 18 48480.0 51469.0 300.0 300.0 28 69043.0 71036.0 300.0 300.0
761.0397494930829 50 31585.0 33600.0 300.0 300.0 34 45077.0 47877.0 300.0 300.0
876.6182697162988 37 35176.0 37733.0 300.0 300.0 23 49025.0 51750.0 300.0 300.0
730.7607835324627 36 40413.0 42688.0 300.0 300.0 60 59608.0 62065.0 300.0 300.0
59.56636682007777 25 20068.0 22292.0 300.0 300.0 17 35353.0 37264.0 300.0 300.0
532.0994836104724 10 24780.0 26960.0 300.0 300.0 48 44431.0 46611.0 300.0 300.0
444.6001238687041 38 41998.0 45214.0 300.0 300.0 44 60705.0 63194.0 300.0 300.0
635.9445922381881 28 48819.0 52035.0 300.0 300.0 55 68650.0 71394.0 300.0 300.0
14.428730767404474 42 24932.0 27005.0 300.0 300.0 30 44507.0 47686.0 300.0 300.0
662.0941357944175 39 34206.0 36543.0 300.0 300.0 43 54457.0 56906.0 300.0 300.0
284.1031934263023 15 43474.0 46847.0 300.0 300.0 56 62810.0 66224.0 300.0 300.0
27.34748896990591 58 47816.0 50604.0 300.0 300.0 57 62711.0 65310.0 300.0 300.0
851.8660998235448 16 23737.0 26750.0 300.0 300.0 59 42329.0 44250.0 300.0 300.0
406.7043027643646 56 19089.0 21651.0 300.0 300.0 10 39586.0 42599.0 300.0 300.0
711.0099839919546 52 48054.0 51409.0 300.0 300.0 27 65291.0 68440.0 300.0 300.0
525.9878966641015 47 39956.0 42752.0 300.0 300.0 26 59018.0 62564.0 300.0 300.0
318.90098170918145 55 32929.0 34915.0 300.0 300.0 10 50582.0 52652.0 300.0 300.0
82.50491029265427 52 32563.0 35002.0 300.0 300.0 13 47971.0 51463.0 300.0 300.0
93.46123956990449 52 21166.0 24623.0 300.0 300.0 15 41766.0 44462.0 300.0 300.0
363.7023117775907 20 38777.0 40861.0 300.0 300.0 51 52059.0 54584.0 300.0 300.0
339.1945379175452 57 24234.0 26907.0 300.0 300.0 16 42609.0 46205.0 300.0 300.0
379.72821013109217 58 53435.0 55235.0 300.0 300.0 10 71517.0 73754.0 300.0 300.0
532.7611835266401 49 22947.0 25879.0 300.0 300.0 22 41651.0 44687.0 300.0 300.0
6.257073492939691 12 48115.0 50684.0 300.0 300.0 26 65742.0 67591.0 300.0 300.0
970.0106147646502 39 29264.0 31756.0 300.0 300.0 22 43461.0 45921.0 300.0 300.0
945.1921538889444 53 26562.0 29402.0 300.0 300.0 28 45948.0 48118.0 300.0 300.0
399.49320910783956 46 21635.0 23798.0 300.0 300.0 45 34767.0 37495.0 300.0 300.0
933.573591038693 22 46278.0 48978.0 300.0 300.0 14 64350.0 67338.0 300.0 300.0
958.3932220261215 54 53554.0 55494.0 300.0 300.0 33 69589.0 72963.0 300.0 300.0
980.2367255511305 17 43778.0 46657.0 300.0 300.0 22 63792.0 66854.0 300.0 300.0
361.53400758615305 41 30842.0 33864.0 300.0 300.0 31 45038.0 48091.0 300.0 300.0
884.8970295202338 39 38983.0 40832.0 300.0 300.0 24 56180.0 59732.0 300.0 300.0
357.953128817737 55 29320.0 32604.0 300.0 300.0 38 47042.0 49434.0 300.0 300.0
529.1749504726281 36 39634.0 42589.0 300.0 300.0 29 58985.0 62414.0 300.0 300.0
307.2560133277904 44 38778.0 42270.0 300.0 300.0 39 55127.0 58032.0 300.0 300.0
541.779081618953 48 28643.0 31467.0 300.0 300.0 46 43653.0 46219.0 300.0 300.0
793.634888453616 30 48059.0 51605.0 300.0 300.0 22 64932.0 66883.0 300.0 300.0
783.178918413981 21 22412.0 25602.0 300.0 300.0 12 37856.0 40464.0 300.0 300.0
302.55966200459636 46 50346.0 52330.0 300.0 300.0 25 68147.0 70111.0 300.0 300.0
505.5332757326556 28 25293.0 27178.0 300.0 300.0 19 40527.0 43443.0 300.0 300.0
556.5631250360914 23 44869.0 47351.0 300.0 300.0 28 64527.0 66590.0 300.0 300.0
92.68599002800559 41 22917.0 25369.0 300.0 300.0 20 37908.0 41181.0 300.0 300.0
424.47806242393347 43 28623.0 32095.0 300.0 300.0 34 49904.0 53379.0 300.0 300.0
528.3610440691726 33 23875.0 25861.0 300.0 300.0 60 43147.0 46593.0 300.0 300.0
774.5427382160126 56 23930.0 26089.0 300.0 300.0 30 40637.0 44010.0 300.0 300.0
468.3235093440588 37 29521.0 32833.0 300.0 300.0 25 47623.0 51181.0 300.0 300.0
986.9489578324685 22 48842.0 50746.0 300.0 300.0 32 66075.0 67995.0 300.0 300.0
278.63547193230187 18 22047.0 24510.0 300.0 300.0 29 41256.0 43161.0 300.0 300.0
436.0147295391418 33 51081.0 53201.0 300.0 300.0 44 66013.0 68663.0 300.0 300.0
156.015201787145 52 47737.0 50868.0 300.0 300.0 20 65751.0 68501.0 300.0 300.0
315.9497211709832 34 45339.0 47764.0 300.0 300.0 13 58950.0 61576.0 300.0 300.0
460.86900048911673 22 39881.0 42296.0 300.0 300.0 44 56833.0 59609.0 300.0 300.0
46.24556770317534 43 38770.0 41759.0 300.0 300.0 34 57691.0 59602.0 300.0 300.0
396.3459135743388 41 48273.0 50389.0 300.0 300.0 47 67792.0 70466.0 300.0 300.0
841.5430791095284 22 28271.0 30532.0 300.0 300.0 37 48015.0 51503.0 300.0 300.0
869.680182488669 56 51990.0 54993.0 300.0 300.0 36 72968.0 75230.0 300.0 300.0
164.2549406115166 37 38868.0 40828.0 300.0 300.0 15 57171.0 60547.0 300.0 300.0
721.4259920490455 23 29129.0 31988.0 300.0 300.0 34 43347.0 46936.0 300.0 300.0
853.4828165606473 36 28013.0 30017.0 300.0 300.0 28 45948.0 49500.0 300.0 300.0
934.6136387721963 29 41578.0 43795.0 300.0 300.0 22 57709.0 61138.0 300.0 300.0
7.462794899987246 26 35958.0 37995.0 300.0 300.0 30 55385.0 57479.0 300.0 300.0
104.40982484246852 39 22690.0 25086.0 300.0 300.0 23 39876.0 41761.0 300.0 300.0
814.8800555669507 10 51238.0 53354.0 300.0 300.0 17 65532.0 68848.0 300.0 300.0
508.95679688692417 12 26839.0 29565.0 300.0 300.0 48 43381.0 45975.0 300.0 300.0
718.2637204856471 43 37653.0 40747.0 300.0 300.0 14 54487.0 57355.0 300.0 300.0
957.4882163537275 33 32121.0 34512.0 300.0 300.0 58 46566.0 49169.0 300.0 300.0
645.0325154414428 35 43540.0 46679.0 300.0 300.0 19 59582.0 62965.0 300.0 300.0
70.73550038722243 35 44849.0 47052.0 300.0 300.0 29 63356.0 66258.0 300.0 300.0
762.7129124802103 28 37371.0 39217.0 300.0 300.0 34 55425.0 57963.0 300.0 300.0
373.58724039256185 33 42540.0 45571.0 300.0 300.0 51 62621.0 66052.0 300.0 300.0
867.8706252408107 36 49284.0 51293.0 300.0 300.0 24 66406.0 68947.0 300.0 300.0
137.86014033269467 37 22725.0 24876.0 300.0 300.0 56 37418.0 40027.0 300.0 300.0
276.23440212291814 27 38697.0 42265.0 300.0 300.0 25 59437.0 61672.0 300.0 300.0
125.17118496008506 32 25528.0 28633.0 300.0 300.0 56 46089.0 48467.0 300.0 300.0
976.5756836896522 59 36001.0 39475.0 300.0 300.0 36 51389.0 54375.0 300.0 300.0
551.9325972182843 30 48355.0 50177.0 300.0 300.0 45 64741.0 67025.0 300.0 300.0
984.7393647481716 48 43081.0 45132.0 300.0 300.0 13 61223.0 63682.0 300.0 300.0
770.4606078737683 57 32463.0 35242.0 300.0 300.0 38 46112.0 49375.0 300.0 300.0
787.7774290239764 59 52199.0 54752.0 300.0 300.0 24 67605.0 69780.0 300.0 300.0
356.5138100383658 54 37355.0 40561.0 300.0 300.0 37 55434.0 58110.0 300.0 300.0
611.7682533689248 28 46069.0 49063.0 300.0 300.0 48 61400.0 63792.0 300.0 300.0
773.0408685689766 13 44981.0 47964.0 300.0 300.0 57 60651.0 62914.0 300.0 300.0
950.339231216886 10 49866.0 52208.0 300.0 300.0 39 65121.0 68362.0 300.0 300.0
285.6903020463941 46 47167.0 50495.0 300.0 300.0 31 68483.0 70596.0 300.0 300.0
433.2473722915109 51 49635.0 53115.0 300.0 300.0 25 69388.0 71398.0 300.0 300.0
815.2508084543201 22 19585.0 23010.0 300.0 300.0 38 37553.0 40227.0 300.0 300.0
134.09115508322057 57 46216.0 48823.0 300.0 300.0 51 66450.0 69943.0 300.0 300.0
387.56768049472424 49 53367.0 55458.0 300.0 300.0 48 69842.0 73387.0 300.0 300.0
861.177089287166 14 23387.0 26274.0 300.0 300.0 44 43753.0 46761.0 300.0 300.0
478.9046106909688 53 43931.0 46102.0 300.0 300.0 23 58338.0 60836.0 300.0 300.0
752.9725319902894 21 31407.0 33362.0 300.0 300.0 41 49480.0 51956.0 300.0 300.0
34.85747192944066 47 21210.0 23559.0 300.0 300.0 43 40674.0 43450.0 300.0 300.0
626.0455001544213 34 31529.0 33527.0 300.0 300.0 27 47512.0 49732.0 300.0 300.0
178.8147985031805 13 46846.0 49111.0 300.0 300.0 60 63696.0 66581.0 300.0 300.0
374.8973442006315 43 45975.0 48088.0 300.0 300.0 56 65253.0 68398.0 300.0 300.0
521.0135611988724 49 53365.0 55265.0 300.0 300.0 52 69674.0 72175.0 300.0 300.0
284.98738016596224 32 53428.0 56014.0 300.0 300.0 30 70669.0 72522.0 300.0 300.0
665.2476104577582 20 52358.0 55298.0 300.0 300.0 50 71185.0 73739.0 300.0 300.0
237.25710299589176 34 49662.0 52606.0 300.0 300.0 51 63950.0 66925.0 300.0 300.0
605.4125886483465 24 52512.0 55379.0 300.0 300.0 26 71821.0 74175.0 300.0 300.0
408.68588827539145 57 27486.0 30238.0 300.0 300.0 23 42368.0 45944.0 300.0 300.0
560.8566912132212 57 32280.0 34428.0 300.0 300.0 56 47219.0 50667.0 300.0 300.0
522.3276900329745 32 38079.0 40673.0 300.0 300.0 34 57776.0 59689.0 300.0 300.0
754.8626960114102 59 37120.0 39346.0 300.0 300.0 19 56447.0 58929.0 300.0 300.0
894.7397981569928 53 28728.0 32317.0 300.0 300.0 16 44767.0 47604.0 300.0 300.0
265.80453443074913 31 47924.0 49819.0 300.0 300.0 21 61745.0 64004.0 300.0 300.0
250.9479218937821 39 23314.0 25163.0 300.0 300.0 11 40481.0 43032.0 300.0 300.0
431.2634358917164 29 50228.0 53505.0 300.0 300.0 51 65891.0 69153.0 300.0 300.0
418.6966494262326 33 50146.0 53254.0 300.0 300.0 42 64704.0 67455.0 300.0 300.0
151.69582484657084 19 27467.0 30448.0 300.0 300.0 52 41536.0 44011.0 300.0 300.0
825.6896124033068 17 39137.0 41430.0 300.0 300.0 37 56705.0 60051.0 300.0 300.0
596.5287225353621 18 28415.0 31081.0 300.0 300.0 44 45153.0 47707.0 300.0 300.0
66.1780449210102 12 36262.0 39548.0 300.0 300.0 40 51015.0 52852.0 300.0 300.0
270.61006672039565 58 33302.0 36639.0 300.0 300.0 32 50990.0 53066.0 300.0 300.0
396.33972375780166 53 28849.0 31033.0 300.0 300.0 55 42658.0 46053.0 300.0 300.0
645.9243581171941 50 47428.0 50693.0 300.0 300.0 21 62317.0 65822.0 300.0 300.0
690.5003906493073 16 50776.0 53615.0 300.0 300.0 21 65074.0 68645.0 300.0 300.0
829.9358597463832 40 41421.0 43413.0 300.0 300.0 19 58813.0 61304.0 300.0 300.0
330.86776625514415 21 52126.0 55357.0 300.0 300.0 10 70778.0 73067.0 300.0 300.0
239.75995205319722 48 32027.0 35574.0 300.0 300.0 36 52654.0 56009.0 300.0 300.0
509.92046365487374 25 52337.0 54937.0 300.0 300.0 44 67946.0 70635.0 300.0 300.0
426.87235946681614 59 30412.0 32552.0 300.0 300.0 18 47098.0 50099.0 300.0 300.0
154.1521127560511 29 42347.0 44912.0 300.0 300.0 43 61819.0 64284.0 300.0 300.0
980.914658014715 16 26645.0 29083.0 300.0 300.0 30 43062.0 45858.0 300.0 300.0
897.112415583804 41 35613.0 38966.0 300.0 300.0 28 56370.0 59438.0 300.0 300.0
498.37838374044253 28 45117.0 48681.0 300.0 300.0 47 60606.0 63387.0 300.0 300.0
364.59128673522247 59 37951.0 40842.0 300.0 300.0 27 57666.0 61096.0 300.0 300.0
581.96495349287 41 18326.0 20403.0 300.0 300.0 51 38207.0 40415.0 300.0 300.0
220.70837473300566 56 20787.0 22999.0 300.0 300.0 18 34495.0 37222.0 300.0 300.0
623.0128428179972 17 35307.0 37247.0 300.0 300.0 29 54993.0 58339.0 300.0 300.0
555.3273730572888 41 28268.0 31510.0 300.0 300.0 11 47830.0 49804.0 300.0 300.0
80.7219316407165 50 40146.0 43696.0 300.0 300.0 32 59096.0 61127.0 300.0 300.0
974.7126009308787 17 43448.0 46663.0 300.0 300.0 16 62996.0 64991.0 300.0 300.0
210.52500102562666 51 24912.0 26963.0 300.0 300.0 43 41969.0 44725.0 300.0 300.0
252.16048518922085 49 28048.0 31144.0 300.0 300.0 21 42943.0 45342.0 300.0 300.0
796.7745643517526 16 21977.0 24339.0 300.0 300.0 41 36685.0 40096.0 300.0 300.0
276.32472029379875 35 28597.0 30605.0 300.0 300.0 19 44404.0 47377.0 300.0 300.0
733.2164235113253 19 22433.0 25932.0 300.0 300.0 22 38315.0 41080.0 300.0 300.0
834.3345391480361 18 37592.0 40209.0 300.0 300.0 34 57298.0 60606.0 300.0 300.0
74.17411421532738 15 31930.0 34917.0 300.0 300.0 18 51273.0 53372.0 300.0 300.0
126.18443739328211 29 27056.0 30120.0 300.0 300.0 22 46861.0 50206.0 300.0 300.0
990.0114214115512 18 34080.0 36344.0 300.0 300.0 53 50356.0 53859.0 300.0 300.0
827.2267294812605 33 44898.0 47380.0 300.0 300.0 32 64941.0 67771.0 300.0 300.0
426.6848261394449 15 18222.0 20602.0 300.0 300.0 26 32524.0 35635.0 300.0 300.0
607.2770687627907 47 50049.0 52749.0 300.0 300.0 25 68014.0 71056.0 300.0 300.0
949.8355833488221 25 24007.0 26953.0 300.0 300.0 30 44340.0 47074.0 300.0 300.0
747.5735725925606 19 22673.0 25265.0 300.0 300.0 10 42433.0 44666.0 300.0 300.0
492.06392389288857 17 37427.0 39444.0 300.0 300.0 45 55064.0 58083.0 300.0 300.0
449.7151314817446 52 50091.0 52964.0 300.0 300.0 16 70626.0 72985.0 300.0 300.0
495.31759206764036 26 20714.0 23066.0 300.0 300.0 53 38679.0 41001.0 300.0 300.0
542.2194394883824 23 46313.0 48742.0 300.0 300.0 31 61138.0 63960.0 300.0 300.0
210.62400452123785 54 41243.0 43703.0 300.0 300.0 35 57077.0 59238.0 300.0 300.0
108.33833367513101 37 35508.0 39085.0 300.0 300.0 48 54281.0 56857.0 300.0 300.0
880.9922204073093 14 31238.0 33489.0 300.0 300.0 21 49465.0 51550.0 300.0 300.0
490.4734363885552 57 21161.0 23585.0 300.0 300.0 37 35427.0 37275.0 300.0 300.0
870.869513750734 37 41881.0 44477.0 300.0 300.0 35 58855.0 61910.0 300.0 300.0
688.5505490963839 24 32045.0 33991.0 300.0 300.0 12 46477.0 49132.0 300.0 300.0
932.0973215967193 23 47207.0 50077.0 300.0 300.0 34 62515.0 65067.0 300.0 300.0
238.01362570701778 55 46336.0 49121.0 300.0 300.0 21 64159.0 67677.0 300.0 300.0
111.28779684244327 27 46068.0 48923.0 300.0 300.0 57 61880.0 63758.0 300.0 300.0
713.0392205362563 48 49962.0 53370.0 300.0 300.0 58 65741.0 68303.0 300.0 300.0
940.72122856162 21 49137.0 51468.0 300.0 300.0 39 62475.0 65400.0 300.0 300.0
396.8777276861658 57 38365.0 40996.0 300.0 300.0 49 52673.0 55280.0 300.0 300.0
632.4151310652879 59 47415.0 49728.0 300.0 300.0 15 63942.0 67266.0 300.0 300.0
847.9986663074059 51 46888.0 50394.0 300.0 300.0 46 62561.0 66048.0 300.0 300.0
865.471371524153 40 49565.0 51412.0 300.0 300.0 43 64754.0 66723.0 300.0 300.0
881.4320731860054 36 34646.0 36546.0 300.0 300.0 48 51750.0 54667.0 300.0 300.0
257.08626719497653 35 32527.0 35973.0 300.0 300.0 55 47828.0 50623.0 300.0 300.0
302.2061658652306 60 31412.0 34411.0 300.0 300.0 52 50967.0 53215.0 300.0 300.0
808.9988609499542 55 33637.0 35497.0 300.0 300.0 44 49485.0 52551.0 300.0 300.0
854.3116674737681 11 46394.0 49528.0 300.0 300.0 60 60585.0 63585.0 300.0 300.0
79.31545255937911 12 43739.0 47324.0 300.0 300.0 34 63225.0 65482.0 300.0 300.0
675.7752560892999 52 29992.0 32774.0 300.0 300.0 17 49465.0 52085.0 300.0 300.0
834.6275469820096 41 21773.0 24527.0 300.0 300.0 12 37574.0 40313.0 300.0 300.0
829.1756061737487 16 45293.0 48722.0 300.0 300.0 42 60904.0 64270.0 300.0 300.0
763.5464552442147 36 22724.0 25612.0 300.0 300.0 20 39662.0 41476.0 300.0 300.0
567.6382382672838 11 44235.0 47119.0 300.0 300.0 48 60120.0 62257.0 300.0 300.0
989.000670171622 16 24767.0 26639.0 300.0 300.0 55 38691.0 40655.0 300.0 300.0
118.72420485569357 37 23462.0 25331.0 300.0 300.0 39 39241.0 42732.0 300.0 300.0
596.0471488206676 17 18510.0 20694.0 300.0 300.0 57 34069.0 36565.0 300.0 300.0
251.78563289499388 17 24953.0 27680.0 300.0 300.0 37 44363.0 46552.0 300.0 300.0
922.0719032383051 35 43460.0 46742.0 300.0 300.0 12 57915.0 61470.0 300.0 300.0
426.775334528395 12 50648.0 52778.0 300.0 300.0 16 69785.0 71920.0 300.0 300.0
649.0142064280941 45 32522.0 34643.0 300.0 300.0 20 46462.0 49842.0 300.0 300.0
202.01723506658308 11 39618.0 42389.0 300.0 300.0 13 55469.0 57892.0 300.0 300.0
738.9317057678215 19 42610.0 44928.0 300.0 300.0 60 61524.0 64127.0 300.0 300.0
962.2989376677567 51 37697.0 40055.0 300.0 300.0 28 56321.0 59538.0 300.0 300.0
395.4920245779185 10 44315.0 47795.0 300.0 300.0 59 62807.0 65716.0 300.0 300.0
183.43629558287722 46 22925.0 25890.0 300.0 300.0 28 41125.0 44601.0 300.0 300.0
679.8742496735205 47 46087.0 49621.0 300.0 300.0 51 62067.0 65464.0 300.0 300.0
1.1608015663643334 10 49414.0 51805.0 300.0 300.0 42 64154.0 67557.0 300.0 300.0
309.49913249356774 58 42516.0 45767.0 300.0 300.0 14 59256.0 62409.0 300.0 300.0
36.14412397080324 26 52185.0 54708.0 300.0 300.0 34 71164.0 74060.0 300.0 300.0
905.77354570886 48 41787.0 44172.0 300.0 300.0 55 55232.0 58262.0 300.0 300.0
337.927629407527 16 28814.0 31993.0 300.0 300.0 26 44641.0 47391.0 300.0 300.0
400.794729241474 35 20255.0 22077.0 300.0 300.0 20 33047.0 35858.0 300.0 300.0
152.56988080122335 60 40057.0 43511.0 300.0 300.0 22 54897.0 57193.0 300.0 300.0
65.25241803173587 56 49900.0 52333.0 300.0 300.0 51 66027.0 67893.0 300.0 300.0
555.4373607034071 48 42559.0 45596.0 300.0 300.0 19 62821.0 65018.0 300.0 300.0
267.5062872352926 21 18989.0 21425.0 300.0 300.0 27 32923.0 35041.0 300.0 300.0
994.5961303537574 46 42911.0 46103.0 300.0 300.0 59 60425.0 63995.0 300.0 300.0
438.2913565285236 46 49183.0 51616.0 300.0 300.0 48 64792.0 67057.0 300.0 300.0
493.940135983904 58 30030.0 32144.0 300.0 300.0 52 48081.0 51388.0 300.0 300.0
102.37939184523903 39 23138.0 26045.0 300.0 300.0 43 41979.0 44733.0 300.0 300.0
810.1176622236952 49 43667.0 47168.0 300.0 300.0 50 58151.0 60595.0 300.0 300.0
287.83832008637864 29 28876.0 30934.0 300.0 300.0 38 44737.0 47771.0 300.0 300.0
724.4669464326772 21 32039.0 35071.0 300.0 300.0 35 51731.0 54606.0 300.0 300.0
159.69859306153234 28 44321.0 47205.0 300.0 300.0 56 61018.0 64328.0 300.0 300.0
990.8978803979735 35 47449.0 50836.0 300.0 300.0 53 64759.0 66891.0 300.0 300.0
606.6451937505569 43 42675.0 44918.0 300.0 300.0 37 60069.0 62671.0 300.0 300.0
222.6843508995876 38 33554.0 36770.0 300.0 300.0 46 54091.0 56315.0 300.0 300.0
479.96867398543185 33 36235.0 38317.0 300.0 300.0 51 54335.0 57225.0 300.0 300.0
264.56283637710754 60 30745.0 33284.0 300.0 300.0 10 50434.0 52583.0 300.0 300.0
720.9700603822566 35 45905.0 48115.0 300.0 300.0 51 60771.0 64017.0 300.0 300.0
799.845693653867 49 42155.0 44291.0 300.0 300.0 28 59324.0 61339.0 300.0 300.0
178.23338718531102 21 49352.0 51836.0 300.0 300.0 52 63392.0 66565.0 300.0 300.0
133.30052070387 39 37962.0 40950.0 300.0 300.0 13 56854.0 59654.0 300.0 300.0
205.9488043031823 26 37571.0 40931.0 300.0 300.0 50 54428.0 57755.0 300.0 300.0
176.55001962390548 52 44031.0 46919.0 300.0 300.0 55 63271.0 66251.0 300.0 300.0
329.44885728593454 48 28612.0 31528.0 300.0 300.0 21 49098.0 51256.0 300.0 300.0
660.3087633999062 48 31396.0 33625.0 300.0 300.0 27 45677.0 48205.0 300.0 300.0
279.35364328393206 29 49430.0 51637.0 300.0 300.0 22 68881.0 72004.0 300.0 300.0
882.8724293368651 10 28423.0 31849.0 300.0 300.0 27 44653.0 47453.0 300.0 300.0
430.6171454175469 60 53169.0 56056.0 300.0 300.0 40 72721.0 75381.0 300.0 300.0
862.2623661684454 31 31583.0 34790.0 300.0 300.0 56 49452.0 52432.0 300.0 300.0
271.1201053137166 45 28517.0 30611.0 300.0 300.0 39 41429.0 44371.0 300.0 300.0
435.0302180341008 41 45293.0 48788.0 300.0 300.0 24 64121.0 66807.0 300.0 300.0
584.4250475813628 36 34998.0 37484.0 300.0 300.0 45 53302.0 55316.0 300.0 300.0
592.0457238475041 57 34847.0 37591.0 300.0 300.0 14 53027.0 55892.0 300.0 300.0
915.438100407854 30 27793.0 29926.0 300.0 300.0 40 47253.0 50765.0 300.0 300.0
474.10151288572 60 51793.0 55252.0 300.0 300.0 33 73018.0 75475.0 300.0 300.0
932.922013130518 15 24808.0 27469.0 300.0 300.0 59 44737.0 47109.0 300.0 300.0
890.7250935976832 42 51612.0 54884.0 300.0 300.0 12 69366.0 71359.0 300.0 300.0
80.36687665069897 39 19587.0 23068.0 300.0 300.0 47 40677.0 42945.0 300.0 300.0
756.4140551099026 18 46775.0 49485.0 300.0 300.0 59 60349.0 63564.0 300.0 300.0
472.3100303913047 15 39193.0 42628.0 300.0 300.0 24 55341.0 57980.0 300.0 300.0
351.2098010893882 44 24601.0 27345.0 300.0 300.0 56 39349.0 41365.0 300.0 300.0
136.8476149212071 58 38513.0 41929.0 300.0 300.0 41 59201.0 62319.0 300.0 300.0
58.07387782301876 22 25102.0 28162.0 300.0 300.0 35 44694.0 47429.0 300.0 300.0
201.20785119110474 20 38359.0 40781.0 300.0 300.0 57 57770.0 60110.0 300.0 300.0
68.27911481197401 43 24546.0 28015.0 300.0 300.0 57 40839.0 43621.0 300.0 300.0
474.6513871201704 44 24303.0 26572.0 300.0 300.0 56 38597.0 41573.0 300.0 300.0
197.7045959251582 21 24956.0 27586.0 300.0 300.0 28 44737.0 47335.0 300.0 300.0
594.790405391429 58 48987.0 52496.0 300.0 300.0 35 66018.0 69462.0 300.0 300.0
250.62809861464973 58 30377.0 32553.0 300.0 300.0 60 49255.0 51513.0 300.0 300.0
697.2146699505693 13 34727.0 36605.0 300.0 300.0 16 47452.0 50908.0 300.0 300.0
491.82022054704265 37 39594.0 41622.0 300.0 300.0 42 55408.0 57493.0 300.0 300.0
655.9936723013191 54 33949.0 37432.0 300.0 300.0 21 54079.0 56354.0 300.0 300.0
540.3116624210169 40 29067.0 32177.0 300.0 300.0 33 44102.0 47271.0 300.0 300.0
770.4779312677723 38 34314.0 37835.0 300.0 300.0 18 49481.0 51508.0 300.0 300.0
36.35554276960418 57 52186.0 54320.0 300.0 300.0 28 67849.0 70808.0 300.0 300.0
272.51425716123146 38 39580.0 41545.0 300.0 300.0 42 54241.0 56373.0 300.0 300.0
523.4434026019525 53 41424.0 43533.0 300.0 300.0 29 59520.0 62914.0 300.0 300.0
862.7577901327592 10 32043.0 34861.0 300.0 300.0 43 52828.0 54829.0 300.0 300.0
255.72974919755166 30 20393.0 23035.0 300.0 300.0 21 34051.0 36486.0 300.0 300.0
304.62207868801784 21 18094.0 19909.0 300.0 300.0 30 34501.0 36660.0 300.0 300.0
823.2317510187258 28 26086.0 28339.0 300.0 300.0 35 42041.0 44490.0 300.0 300.0
793.3466316148572 14 36476.0 39272.0 300.0 300.0 43 56478.0 59169.0 300.0 300.0
177.42061829049604 46 50257.0 53300.0 300.0 300.0 10 66082.0 69404.0 300.0 300.0
743.8433864170929 39 27488.0 30733.0 300.0 300.0 18 48113.0 51324.0 300.0 300.0
542.4127002362658 17 30823.0 34283.0 300.0 300.0 47 48834.0 51156.0 300.0 300.0
906.9476129783187 59 52021.0 55608.0 300.0 300.0 46 71806.0 75222.0 300.0 300.0
875.3783713273344 13 24763.0 27122.0 300.0 300.0 36 41368.0 44081.0 300.0 300.0
416.3605691287299 52 33905.0 36861.0 300.0 300.0 38 54189.0 57702.0 300.0 300.0
666.865450117053 33 43964.0 46000.0 300.0 300.0 19 58322.0 61134.0 300.0 300.0
809.2177738529226 19 23046.0 26066.0 300.0 300.0 26 40787.0 42890.0 300.0 300.0
479.7091214319452 42 19079.0 22522.0 300.0 300.0 17 39244.0 41088.0 300.0 300.0
57.51445586796278 45 41920.0 44316.0 300.0 300.0 22 59022.0 61333.0 300.0 300.0
355.6727013812818 47 25397.0 28677.0 300.0 300.0 10 44255.0 47235.0 300.0 300.0
735.6050751468507 19 43533.0 46435.0 300.0 300.0 16 58441.0 60313.0 300.0 300.0
72.91035181356742 57 22038.0 25322.0 300.0 300.0 60 36222.0 38335.0 300.0 300.0
155.08331880491278 11 32626.0 35599.0 300.0 300.0 57 53455.0 56587.0 300.0 300.0
825.11531119429 20 38006.0 40579.0 300.0 300.0 36 55584.0 59076.0 300.0 300.0
381.32991806585005 14 20761.0 24053.0 300.0 300.0 18 39615.0 41748.0 300.0 300.0
