50 1000
5000.0 8 14400.0 79200.0
7000.0 0 14400.0 79200.0
2000.0 9 14400.0 79200.0
10000.0 7 14400.0 79200.0
10000.0 1 14400.0 79200.0
5000.0 3 14400.0 79200.0
2000.0 2 14400.0 79200.0
2000.0 1 14400.0 79200.0
5000.0 4 14400.0 79200.0
5000.0 2 14400.0 79200.0
2000.0 9 14400.0 79200.0
10000.0 3 14400.0 79200.0
2000.0 8 14400.0 79200.0
2000.0 2 14400.0 79200.0
5000.0 6 14400.0 79200.0
7000.0 1 14400.0 79200.0
7000.0 3 14400.0 79200.0
7000.0 7 14400.0 79200.0
5000.0 1 14400.0 79200.0
2000.0 1 14400.0 79200.0
5000.0 9 14400.0 79200.0
5000.0 8 14400.0 79200.0
7000.0 0 14400.0 79200.0
5000.0 0 14400.0 79200.0
7000.0 2 14400.0 79200.0
2000.0 3 14400.0 79200.0
10000.0 7 14400.0 79200.0
2000.0 8 14400.0 79200.0
10000.0 1 14400.0 79200.0
2000.0 2 14400.0 79200.0
7000.0 4 14400.0 79200.0
7000.0 9 14400.0 79200.0
10000.0 1 14400.0 79200.0
5000.0 1 14400.0 79200.0
5000.0 6 14400.0 79200.0
10000.0 6 14400.0 79200.0
10000.0 4 14400.0 79200.0
10000.0 5 14400.0 79200.0
7000.0 2 14400.0 79200.0
2000.0 7 14400.0 79200.0
2000.0 4 14400.0 79200.0
5000.0 6 14400.0 79200.0
10000.0 6 14400.0 79200.0
7000.0 4 14400.0 79200.0
10000.0 2 14400.0 79200.0
7000.0 7 14400.0 79200.0
2000.0 4 14400.0 79200.0
7000.0 8 14400.0 79200.0
5000.0 4 14400.0 79200.0
10000.0 4 14400.0 79200.0
392.164501078447 36 35969.0 37865.0 300.0 300.0 15 54831.0 57701.0 300.0 300.0
793.7302170925515 51 36336.0 38588.0 300.0 300.0 37 54372.0 57690.0 300.0 300.0
248.6398908370442 54 42075.0 44341.0 300.0 300.0 47 60889.0 63090.0 300.0 300.0
642.1149865762212 58 27209.0 30722.0 300.0 300.0 47 44587.0 47667.0 300.0 300.0
180.80825905171693 43 28337.0 30289.0 300.0 300.0 36 44576.0 46823.0 300.0 300.0
856.8109601756342 52 29284.0 32289.0 300.0 300.0 48 47064.0 49423.0 300.0 300.0
895.231705403886 13 23534.0 26080.0 300.0 300.0 49 38376.0 41506.0 300.0 300.0
971.9878184742087 52 37170.0 39159.0 300.0 300.0 48 51441.0 53458.0 300.0 300.0
96.3884046990947 47 43577.0 46121.0 300.0 300.0 37 60253.0 63072.0 300.0 300.0
976.2997069675151 36 34063.0 37566.0 300.0 300.0 24 55108.0 58445.0 300.0 300.0
387.52840153368663 54 47892.0 50800.0 300.0 300.0 44 67702.0 69840.0 300.0 300.0
351.00445696016516 35 31456.0 33498.0 300.0 300.0 27 48880.0 52004.0 300.0 300.0
557.5262167638239 41 34613.0 37311.0 300.0 300.0 30 49503.0 52251.0 300.0 300.0
107.42215674706569 20 28754.0 30882.0 300.0 300.0 45 46921.0 49366.0 300.0 300.0
278.09269458697463 38 48775.0 50687.0 300.0 300.0 43 61566.0 63418.0 300.0 300.0
40.335271158437266 29 52126.0 54384.0 300.0 300.0 52 70186.0 72176.0 300.0 300.0
252.49667889034433 22 22315.0 24402.0 300.0 300.0 27 38570.0 40909.0 300.0 300.0
816.066530843097 32 26598.0 28967.0 300.0 300.0 41 41399.0 43751.0 300.0 300.0
470.84307626651355 17 37420.0 39360.0 300.0 300.0 38 53948.0 56972.0 300.0 300.0
875.0274892903853 51 28523.0 30351.0 300.0 300.0 20 45424.0 48640.0 300.0 300.0
595.1820371766637 30 28582.0 32027.0 300.0 300.0 55 49603.0 52818.0 300.0 300.0
879.1761457035149 48 37438.0 40273.0 300.0 300.0 39 53555.0 55825.0 300.0 300.0
886.8887533139232 22 43590.0 46675.0 300.0 300.0 19 61399.0 63700.0 300.0 300.0
740.0925493024366 56 38729.0 40547.0 300.0 300.0 40 52149.0 55148.0 300.0 300.0
124.82824694488981 26 43399.0 46555.0 300.0 300.0 53 60616.0 62800.0 300.0 300.0
272.69326405031245 57 37594.0 39419.0 300.0 300.0 25 56147.0 58581.0 300.0 300.0
881.1589128915654 10 50151.0 53650.0 300.0 300.0 40 67990.0 71460.0 300.0 300.0
616.7467085220584 40 26227.0 28782.0 300.0 300.0 42 42423.0 45500.0 300.0 300.0
416.9565074577294 46 44411.0 47050.0 300.0 300.0 25 61968.0 65327.0 300.0 300.0
621.4865925665961 26 19969.0 23175.0 300.0 300.0 29 35401.0 37229.0 300.0 300.0
536.2607337223644 31 42376.0 45794.0 300.0 300.0 12 62577.0 65446.0 300.0 300.0
0.2878086962763149 10 49885.0 52462.0 300.0 300.0 49 63501.0 66546.0 300.0 300.0
558.1337114233422 57 31281.0 33515.0 300.0 300.0 18 51070.0 54661.0 300.0 300.0
819.4839849586241 11 32778.0 35974.0 300.0 300.0 37 52719.0 56233.0 300.0 300.0
304.72706607607756 49 42716.0 44770.0 300.0 300.0 12 61987.0 64595.0 300.0 300.0
609.2559804919288 48 46452.0 48528.0 300.0 300.0 24 65125.0 67975.0 300.0 300.0
691.4074817093457 55 33806.0 37369.0 300.0 300.0 56 49279.0 52067.0 300.0 300.0
380.770709874121 55 49828.0 53080.0 300.0 300.0 38 64701.0 66625.0 300.0 300.0
284.2911196964046 27 38426.0 40565.0 300.0 300.0 15 51377.0 53872.0 300.0 300.0
142.43895272691765 54 25659.0 27936.0 300.0 300.0 25 44332.0 47712.0 300.0 300.0
562.0623386361005 29 30263.0 33442.0 300.0 300.0 44 45088.0 48290.0 300.0 300.0
153.70282889830466 36 51627.0 54025.0 300.0 300.0 50 65784.0 69051.0 300.0 300.0
693.052288695209 51 32849.0 35550.0 300.0 300.0 38 51442.0 54114.0 300.0 300.0
395.94778289056865 12 38882.0 40985.0 300.0 300.0 50 55289.0 57433.0 300.0 300.0
384.9560750451948 60 30899.0 32906.0 300.0 300.0 38 49429.0 52739.0 300.0 300.0
320.1245622725334 48 34873.0 37094.0 300.0 300.0 41 48249.0 50120.0 300.0 300.0
862.3736165364732 51 53577.0 56776.0 300.0 300.0 17 73300.0 76123.0 300.0 300.0
327.0020745737023 38 30973.0 34432.0 300.0 300.0 44 50018.0 51837.0 300.0 300.0
715.045947355638 13 52743.0 54607.0 300.0 300.0 17 69155.0 71498.0 300.0 300.0
110.56688150017658 55 39996.0 43561.0 300.0 300.0 15 56487.0 58476.0 300.0 300.0
285.0781373538209 34 19862.0 23194.0 300.0 300.0 46 36175.0 38899.0 300.0 300.0
644.2283874217742 28 29464.0 32583.0 300.0 300.0 47 46446.0 49083.0 300.0 300.0
331.8167231319065 48 28079.0 30970.0 300.0 300.0 22 48576.0 50487.0 300.0 300.0
393.84452161994255 30 36429.0 39786.0 300.0 300.0 28 51240.0 54196.0 300.0 300.0
944.9875875264687 12 51800.0 54613.0 300.0 300.0 23 69648.0 72753.0 300.0 300.0
216.18929626980022 31 37766.0 39986.0 300.0 300.0 40 50986.0 53605.0 300.0 300.0
446.1736065333749 12 21975.0 24793.0 300.0 300.0 20 41249.0 43592.0 300.0 300.0
245.75706709810618 31 37167.0 40445.0 300.0 300.0 44 57305.0 60643.0 300.0 300.0
311.07408988267093 33 34751.0 38056.0 300.0 300.0 46 55433.0 57577.0 300.0 300.0
20.524565605156585 31 43322.0 45452.0 300.0 300.0 21 57787.0 60352.0 300.0 300.0
804.9648871726604 12 44136.0 46920.0 300.0 300.0 54 61312.0 63471.0 300.0 300.0
766.6386711688122 20 39926.0 42819.0 300.0 300.0 16 54161.0 57564.0 300.0 300.0
5.471136932924003 29 18335.0 21474.0 300.0 300.0 18 38353.0 41432.0 300.0 300.0
505.500247939538 17 19849.0 22816.0 300.0 300.0 37 38953.0 41598.0 300.0 300.0
503.6507673985361 34 43183.0 46451.0 300.0 300.0 10 64270.0 67334.0 300.0 300.0
801.2910044893147 29 47826.0 51229.0 300.0 300.0 51 68734.0 71024.0 300.0 300.0
249.31787701748632 46 34023.0 36925.0 300.0 300.0 55 48285.0 50614.0 300.0 300.0
103.92545989746893 43 34870.0 36758.0 300.0 300.0 47 48176.0 50573.0 300.0 300.0
521.736068825744 48 47064.0 50566.0 300.0 300.0 16 63138.0 65138.0 300.0 300.0
817.3717977098831 34 24072.0 27652.0 300.0 300.0 47 44132.0 47497.0 300.0 300.0
753.8861807601994 18 30998.0 33185.0 300.0 300.0 16 44641.0 47168.0 300.0 300.0
226.31036136322402 43 21703.0 24955.0 300.0 300.0 23 37941.0 40113.0 300.0 300.0
168.43657825097037 49 21897.0 24648.0 300.0 300.0 28 36312.0 38725.0 300.0 300.0
19.60132923569069 22 18421.0 21505.0 300.0 300.0 48 35243.0 37720.0 300.0 300.0
756.6670792527308 14 44373.0 47652.0 300.0 300.0 45 60316.0 63044.0 300.0 300.0
365.8035486555691 35 30845.0 33769.0 300.0 300.0 27 50815.0 52741.0 300.0 300.0
767.6498777821128 33 50897.0 52715.0 300.0 300.0 55 67054.0 69815.0 300.0 300.0
817.1880166155445 25 32538.0 35989.0 300.0 300.0 33 53750.0 56709.0 300.0 300.0
403.0699231946164 59 51254.0 53562.0 300.0 300.0 38 70164.0 72995.0 300.0 300.0
971.8603478392629 50 51436.0 54465.0 300.0 300.0 58 70638.0 73401.0 300.0 300.0
21.65326809565171 12 33374.0 36769.0 300.0 300.0 49 54233.0 56555.0 300.0 300.0
20.663208932003798 21 22423.0 25990.0 300.0 300.0 40 41171.0 44114.0 300.0 300.0
644.1135369476898 10 38312.0 41010.0 300.0 300.0 32 52865.0 55033.0 300.0 300.0
492.758339165977 12 53001.0 55324.0 300.0 300.0 25 67750.0 71346.0 300.0 300.0
572.0530921663747 36 30922.0 34299.0 300.0 300.0 37 51531.0 53390.0 300.0 300.0
621.8543929927494 25 33143.0 35932.0 300.0 300.0 49 50719.0 52732.0 300.0 300.0
258.9658341923825 44 35673.0 38343.0 300.0 300.0 21 55082.0 56995.0 300.0 300.0
448.99004194575133 37 53148.0 56246.0 300.0 300.0 43 73511.0 75385.0 300.0 300.0
324.36111646284036 31 47951.0 50305.0 300.0 300.0 44 67013.0 68861.0 300.0 300.0
707.0152286270427 47 47933.0 50458.0 300.0 300.0 54 64891.0 67682.0 300.0 300.0
518.4144831156559 57 37853.0 41108.0 300.0 300.0 49 54726.0 57209.0 300.0 300.0
580.2265757028928 20 44202.0 46247.0 300.0 300.0 40 63455.0 66626.0 300.0 300.0
119.17517881376638 56 30646.0 33798.0 300.0 300.0 30 50585.0 52892.0 300.0 300.0
968.1697007412381 26 42525.0 45052.0 300.0 300.0 52 62631.0 66034.0 300.0 300.0
381.3282257692515 27 41376.0 44141.0 300.0 300.0 32 56012.0 59233.0 300.0 300.0
7.9609141161270935 22 42933.0 45910.0 300.0 300.0 26 62334.0 65652.0 300.0 300.0
318.2930520238162 60 38203.0 41783.0 300.0 300.0 58 58240.0 61830.0 300.0 300.0
411.5168438323512 33 50162.0 53606.0 300.0 300.0 17 64605.0 67065.0 300.0 300.0
960.89417794184 42 52369.0 55556.0 300.0 300.0 39 71850.0 74762.0 300.0 300.0
974.1026042902198 49 30639.0 33712.0 300.0 300.0 60 49783.0 53061.0 300.0 300.0
828.1901316311566 20 50858.0 53878.0 300.0 300.0 13 70926.0 73351.0 300.0 300.0
214.28163057310024 34 31284.0 33220.0 300.0 300.0 13 45090.0 47655.0 300.0 300.0
310.8942898565737 49 44083.0 47121.0 300.0 300.0 30 59841.0 62056.0 300.0 300.0
52.71041127931986 58 33746.0 37234.0 300.0 300.0 30 49241.0 51184.0 300.0 300.0
6.14236009326008 45 26760.0 29477.0 300.0 300.0 24 44917.0 47309.0 300.0 300.0
252.68643674355673 11 40231.0 43472.0 300.0 300.0 39 59008.0 61423.0 300.0 300.0
364.50942546956543 22 41729.0 44205.0 300.0 300.0 11 62078.0 65038.0 300.0 300.0
787.7129717020972 45 41918.0 45369.0 300.0 300.0 44 62416.0 65447.0 300.0 300.0
785.8786389870246 49 40157.0 42671.0 300.0 300.0 13 54187.0 57536.0 300.0 300.0
613.7567303504711 25 33571.0 35698.0 300.0 300.0 24 47633.0 49594.0 300.0 300.0
109.11688316839462 27 24365.0 26176.0 300.0 300.0 38 39629.0 42140.0 300.0 300.0
483.88234652258876 13 31387.0 34946.0 300.0 300.0 60 49877.0 52027.0 300.0 300.0
219.99734046251916 29 38634.0 40649.0 300.0 300.0 26 56837.0 60026.0 300.0 300.0
412.4638213094751 50 26797.0 29399.0 300.0 300.0 51 44688.0 46951.0 300.0 300.0
800.2733847997222 48 32823.0 35949.0 300.0 300.0 58 51926.0 55053.0 300.0 300.0
371.4884309909123 47 39732.0 42354.0 300.0 300.0 33 54409.0 56367.0 300.0 300.0
465.4837901379412 46 27308.0 29110.0 300.0 300.0 35 43316.0 45557.0 300.0 300.0
463.2462323351991 46 30121.0 32656.0 300.0 300.0 60 49740.0 53114.0 300.0 300.0
206.55234662734955 23 22719.0 25195.0 300.0 300.0 34 36476.0 39138.0 300.0 300.0
576.9769515129117 45 32816.0 35682.0 300.0 300.0 51 48036.0 50556.0 300.0 300.0
36.51686504140939 40 38934.0 41673.0 300.0 300.0 54 54218.0 56113.0 300.0 300.0
801.2406441781202 52 31990.0 35041.0 300.0 300.0 59 47986.0 49985.0 300.0 300.0
534.130676263429 34 22592.0 24725.0 300.0 300.0 13 39167.0 41417.0 300.0 300.0
262.6778110569065 33 42884.0 45097.0 300.0 300.0 23 62251.0 65203.0 300.0 300.0
915.3546222091409 24 48767.0 51247.0 300.0 300.0 31 64637.0 67135.0 300.0 300.0
713.5921028613468 15 46706.0 49899.0 300.0 300.0 13 63686.0 67017.0 300.0 300.0
805.9967118492386 35 53070.0 55281.0 300.0 300.0 28 69686.0 72703.0 300.0 300.0
947.9641346322778 36 39041.0 41550.0 300.0 300.0 49 57471.0 60931.0 300.0 300.0
847.4401924650521 22 53811.0 56069.0 300.0 300.0 47 69337.0 71628.0 300.0 300.0
825.0027283204778 36 52129.0 54135.0 300.0 300.0 24 69491.0 71583.0 300.0 300.0
65.37812785765328 38 29651.0 32290.0 300.0 300.0 55 47130.0 50523.0 300.0 300.0
392.44694490008425 51 33358.0 36334.0 300.0 300.0 24 48143.0 51107.0 300.0 300.0
850.9709040012286 48 37765.0 40674.0 300.0 300.0 14 58357.0 60913.0 300.0 300.0
884.2165509807462 59 18996.0 21672.0 300.0 300.0 53 37639.0 40644.0 300.0 300.0
836.464232056743 11 25314.0 27648.0 300.0 300.0 47 45216.0 48554.0 300.0 300.0
508.7040875539699 15 31828.0 33643.0 300.0 300.0 35 48379.0 51821.0 300.0 300.0
644.0251605067521 10 33496.0 35318.0 300.0 300.0 21 48359.0 50253.0 300.0 300.0
219.42788831755766 12 22717.0 25612.0 300.0 300.0 17 41600.0 44805.0 300.0 300.0
807.7246317903147 32 53646.0 56210.0 300.0 300.0 14 72550.0 75283.0 300.0 300.0
577.7065403738385 59 29206.0 32547.0 300.0 300.0 55 48428.0 50467.0 300.0 300.0
333.943018556354 14 30274.0 33664.0 300.0 300.0 31 46730.0 49428.0 300.0 300.0
370.63914532795627 40 27806.0 29638.0 300.0 300.0 30 45043.0 48047.0 300.0 300.0
704.1019848029364 16 52497.0 55930.0 300.0 300.0 48 68632.0 70547.0 300.0 300.0
564.5185671483505 49 52436.0 54840.0 300.0 300.0 35 69911.0 71969.0 300.0 300.0
324.00822521212325 51 33304.0 35980.0 300.0 300.0 29 47204.0 49878.0 300.0 300.0
165.78318215519948 48 36195.0 38278.0 300.0 300.0 46 55001.0 58176.0 300.0 300.0
784.0838231252729 16 34423.0 37749.0 300.0 300.0 60 50802.0 53852.0 300.0 300.0
575.0130299966045 29 34962.0 36946.0 300.0 300.0 41 48947.0 51296.0 300.0 300.0
971.5807058343458 47 44247.0 46858.0 300.0 300.0 24 58150.0 61299.0 300.0 300.0
484.96499182168264 51 41725.0 43984.0 300.0 300.0 24 55193.0 57708.0 300.0 300.0
336.13423800589425 51 51260.0 54124.0 300.0 300.0 38 71652.0 73627.0 300.0 300.0
456.25689858769204 45 25645.0 27941.0 300.0 300.0 43 40143.0 43485.0 300.0 300.0
79.68035583675992 31 37442.0 40287.0 300.0 300.0 39 55147.0 57254.0 300.0 300.0
153.4651061604022 29 25938.0 28942.0 300.0 300.0 49 43031.0 44958.0 300.0 300.0
956.1935644637861 38 20144.0 22583.0 300.0 300.0 56 38437.0 40446.0 300.0 300.0
223.88570994625078 56 21327.0 24907.0 300.0 300.0 22 38176.0 41671.0 300.0 300.0
820.6244454757543 33 41474.0 44811.0 300.0 300.0 24 56690.0 59865.0 300.0 300.0
819.188039492619 57 41101.0 44449.0 300.0 300.0 26 59954.0 62828.0 300.0 300.0
263.93027452098926 47 37150.0 39027.0 300.0 300.0 51 52216.0 55016.0 300.0 300.0
399.2004810239802 48 25285.0 28161.0 300.0 300.0 60 43345.0 45845.0 300.0 300.0
175.67233645904568 26 19498.0 21425.0 300.0 300.0 20 36086.0 39406.0 300.0 300.0
304.02661596726676 25 46973.0 49118.0 300.0 300.0 44 62647.0 64716.0 300.0 300.0
60.15571768483963 21 42440.0 45132.0 300.0 300.0 46 57376.0 60469.0 300.0 300.0
456.88421224410183 38 22861.0 25069.0 300.0 300.0 20 41415.0 44062.0 300.0 300.0
428.73312924358277 19 30408.0 32939.0 300.0 300.0 33 44253.0 46625.0 300.0 300.0
771.1528105925788 23 38367.0 40541.0 300.0 300.0 21 54010.0 57579.0 300.0 300.0
741.2896573248207 13 41398.0 44470.0 300.0 300.0 23 59450.0 61517.0 300.0 300.0
421.1491190029116 23 30522.0 33944.0 300.0 300.0 35 50682.0 53272.0 300.0 300.0
675.043192777756 53 50455.0 52386.0 300.0 300.0 24 63284.0 65807.0 300.0 300.0
121.53483032361035 36 24915.0 28476.0 300.0 300.0 28 43270.0 45597.0 300.0 300.0
68.99011962571045 17 33724.0 36338.0 300.0 300.0 14 53560.0 55682.0 300.0 300.0
203.79004493639198 21 19409.0 21334.0 300.0 300.0 46 35179.0 38261.0 300.0 300.0
697.3218552747215 53 53343.0 56050.0 300.0 300.0 54 70958.0 73114.0 300.0 300.0
323.0188085393891 59 22704.0 25437.0 300.0 300.0 53 41504.0 43936.0 300.0 300.0
144.03841447052767 16 24786.0 27507.0 300.0 300.0 21 39968.0 42088.0 300.0 300.0
552.0335346827245 36 31113.0 34413.0 300.0 300.0 52 45483.0 47482.0 300.0 300.0
922.2658090561068 14 22112.0 25501.0 300.0 300.0 50 42213.0 44586.0 300.0 300.0
884.1029802513755 55 49595.0 51673.0 300.0 300.0 33 65750.0 68822.0 300.0 300.0
653.296473693162 46 22764.0 24571.0 300.0 300.0 38 41718.0 45211.0 300.0 300.0
467.2357897946318 38 32007.0 35044.0 300.0 300.0 19 46368.0 49165.0 300.0 300.0
499.3435160846085 22 26280.0 28929.0 300.0 300.0 58 44621.0 46955.0 300.0 300.0
412.0709967099672 53 46008.0 47913.0 300.0 300.0 32 62367.0 65671.0 300.0 300.0
147.03001412972426 14 29210.0 31975.0 300.0 300.0 60 45784.0 48371.0 300.0 300.0
667.3973616693388 16 52885.0 54719.0 300.0 300.0 36 67720.0 69674.0 300.0 300.0
841.7030886434571 50 38743.0 40643.0 300.0 300.0 19 52004.0 55193.0 300.0 300.0
141.44031881086184 14 30870.0 34443.0 300.0 300.0 42 47189.0 49387.0 300.0 300.0
261.1179774290885 54 25632.0 28600.0 300.0 300.0 33 42154.0 44120.0 300.0 300.0
97.1258488048773 46 44986.0 46897.0 300.0 300.0 25 64451.0 66322.0 300.0 300.0
235.608183819481 13 20853.0 24247.0 300.0 300.0 25 38859.0 41341.0 300.0 300.0
483.7202663599217 46 28156.0 30915.0 300.0 300.0 32 44881.0 47353.0 300.0 300.0
424.64494415693576 38 24540.0 27478.0 300.0 300.0 47 40962.0 44520.0 300.0 300.0
638.0925061498667 19 43660.0 46110.0 300.0 300.0 54 58131.0 60950.0 300.0 300.0
360.16865598109007 10 18874.0 22087.0 300.0 300.0 23 34244.0 37782.0 300.0 300.0
33.264082973125554 58 27090.0 30663.0 300.0 300.0 29 47797.0 51100.0 300.0 300.0
688.1001074483595 10 30135.0 32018.0 300.0 300.0 59 47711.0 50776.0 300.0 300.0
41.192396022607824 43 23025.0 25167.0 300.0 300.0 17 39766.0 42681.0 300.0 300.0
763.2335102143285 39 38670.0 41564.0 300.0 300.0 13 55578.0 57677.0 300.0 300.0
66.53754745242047 18 20561.0 22427.0 300.0 300.0 36 40276.0 43308.0 300.0 300.0
870.8824461168058 22 33398.0 35699.0 300.0 300.0 38 49393.0 52016.0 300.0 300.0
688.5317051271948 54 36864.0 39872.0 300.0 300.0 51 52519.0 55824.0 300.0 300.0
512.1657738982485 28 46032.0 49544.0 300.0 300.0 29 67509.0 70121.0 300.0 300.0
393.4167534639963 26 45727.0 48184.0 300.0 300.0 29 63795.0 66532.0 300.0 300.0
259.0388958627452 14 48835.0 50942.0 300.0 300.0 37 63318.0 65902.0 300.0 300.0
99.03043351378582 23 48877.0 51889.0 300.0 300.0 51 68656.0 71475.0 300.0 300.0
379.820509829359 54 29433.0 33004.0 300.0 300.0 21 44861.0 47833.0 300.0 300.0
459.1654285206038 59 19981.0 22121.0 300.0 300.0 47 34815.0 37195.0 300.0 300.0
585.1384938814364 49 45452.0 47612.0 300.0 300.0 24 63531.0 65425.0 300.0 300.0
115.84190666737537 22 47052.0 50277.0 300.0 300.0 27 62175.0 65032.0 300.0 300.0
36.398213334528194 34 28322.0 30847.0 300.0 300.0 48 41878.0 44519.0 300.0 300.0
854.5328754474118 49 32625.0 35453.0 300.0 300.0 25 50048.0 53602.0 300.0 300.0
991.9119333441604 19 44779.0 48075.0 300.0 300.0 10 61176.0 63955.0 300.0 300.0
456.9555111012554 31 40507.0 44089.0 300.0 300.0 16 56632.0 59859.0 300.0 300.0
796.9481004852817 27 49187.0 52656.0 300.0 300.0 31 64131.0 67341.0 300.0 300.0
868.9509169945412 37 53585.0 55958.0 300.0 300.0 26 72455.0 75351.0 300.0 300.0
119.76332086897257 38 33850.0 36590.0 300.0 300.0 46 52348.0 54373.0 300.0 300.0
772.2623243142718 12 24594.0 27575.0 300.0 300.0 15 38844.0 41289.0 300.0 300.0
522.1468610535126 33 43693.0 46090.0 300.0 300.0 23 57323.0 60162.0 300.0 300.0
418.09879767022807 32 19372.0 22791.0 300.0 300.0 45 38156.0 40402.0 300.0 300.0
365.4859933568478 33 47026.0 49678.0 300.0 300.0 12 62281.0 65133.0 300.0 300.0
531.0280160876325 56 27371.0 29196.0 300.0 300.0 31 46607.0 49444.0 300.0 300.0
286.58018087435175 19 32070.0 35400.0 300.0 300.0 17 48504.0 51990.0 300.0 300.0
592.1431092594654 56 41258.0 44542.0 300.0 300.0 26 59052.0 61770.0 300.0 300.0
735.4926679871787 16 35382.0 38070.0 300.0 300.0 14 52669.0 54690.0 300.0 300.0
963.1308725395809 48 25735.0 29280.0 300.0 300.0 42 40496.0 43598.0 300.0 300.0
414.105854637818 40 20756.0 24021.0 300.0 300.0 57 37117.0 39147.0 300.0 300.0
204.7491980554329 22 47275.0 49874.0 300.0 300.0 21 66760.0 69362.0 300.0 300.0
561.5951311099321 10 26112.0 28616.0 300.0 300.0 47 44252.0 46840.0 300.0 300.0
895.5875852232646 38 30580.0 33431.0 300.0 300.0 49 47083.0 50547.0 300.0 300.0
433.979133357541 43 25912.0 28892.0 300.0 300.0 25 41700.0 44947.0 300.0 300.0
75.49969244892341 30 30114.0 32061.0 300.0 300.0 12 45089.0 48255.0 300.0 300.0
660.8462128153096 25 49006.0 50894.0 300.0 300.0 14 63845.0 66416.0 300.0 300.0
662.8026193158386 36 43288.0 45874.0 300.0 300.0 11 63009.0 64980.0 300.0 300.0
434.271844065916 25 42007.0 45380.0 300.0 300.0 26 57448.0 59807.0 300.0 300.0
349.6444015664336 49 35422.0 38777.0 300.0 300.0 42 55307.0 58753.0 300.0 300.0
303.18304000125573 31 44523.0 47719.0 300.0 300.0 54 63456.0 66111.0 300.0 300.0
324.64176115724985 24 40672.0 42821.0 300.0 300.0 34 58619.0 61490.0 300.0 300.0
180.71940526490937 43 23048.0 25326.0 300.0 300.0 41 39924.0 42866.0 300.0 300.0
949.1457119634512 59 37220.0 39940.0 300.0 300.0 16 50990.0 54202.0 300.0 300.0
601.5870764165444 28 20317.0 23469.0 300.0 300.0 35 40395.0 42412.0 300.0 300.0
200.84428305550216 37 32177.0 35290.0 300.0 300.0 11 50928.0 53202.0 300.0 300.0
229.48025111729132 49 45324.0 48283.0 300.0 300.0 10 59891.0 63224.0 300.0 300.0
257.7716356230294 10 21306.0 24416.0 300.0 300.0 11 35538.0 38450.0 300.0 300.0
659.2031540254765 44 18328.0 20549.0 300.0 300.0 24 38501.0 42028.0 300.0 300.0
223.45208056164324 51 19734.0 21702.0 300.0 300.0 36 34385.0 36186.0 300.0 300.0
91.39488534618745 60 38709.0 41190.0 300.0 300.0 29 54197.0 57697.0 300.0 300.0
370.5286235759602 42 41506.0 44549.0 300.0 300.0 44 60110.0 62386.0 300.0 300.0
996.3360992822825 53 44604.0 47963.0 300.0 300.0 42 59919.0 63256.0 300.0 300.0
820.8482982450018 51 25068.0 27988.0 300.0 300.0 13 39316.0 41191.0 300.0 300.0
303.1822972696534 50 48580.0 51233.0 300.0 300.0 26 63624.0 66518.0 300.0 300.0
684.0147876852823 39 23518.0 26069.0 300.0 300.0 18 43024.0 45942.0 300.0 300.0
437.4704353795337 60 19047.0 22093.0 300.0 300.0 56 39387.0 41239.0 300.0 300.0
977.6620663441283 13 43609.0 46081.0 300.0 300.0 45 60025.0 62720.0 300.0 300.0
27.613974557806454 55 18333.0 20938.0 300.0 300.0 30 34046.0 36076.0 300.0 300.0
269.3133695882469 43 26848.0 29761.0 300.0 300.0 46 41760.0 44178.0 300.0 300.0
764.4346412395387 44 30065.0 32997.0 300.0 300.0 53 50982.0 53385.0 300.0 300.0
764.2101566418894 39 26332.0 29889.0 300.0 300.0 41 44350.0 47304.0 300.0 300.0
540.0564850702458 52 51255.0 53187.0 300.0 300.0 31 68732.0 71600.0 300.0 300.0
352.8356389225442 13 44966.0 48290.0 300.0 300.0 25 62323.0 65703.0 300.0 300.0
36.558715718070786 36 37881.0 41178.0 300.0 300.0 47 53278.0 56595.0 300.0 300.0
997.3100056654787 49 24916.0 28230.0 300.0 300.0 53 41316.0 44583.0 300.0 300.0
662.8759262723523 21 28180.0 30109.0 300.0 300.0 24 42922.0 45800.0 300.0 300.0
333.0608646004628 37 23306.0 26027.0 300.0 300.0 12 38057.0 41372.0 300.0 300.0
542.1496936802856 49 51824.0 55340.0 300.0 300.0 54 66374.0 68358.0 300.0 300.0
781.2130326517198 57 29562.0 32288.0 300.0 300.0 44 47981.0 50945.0 300.0 300.0
882.0483110955528 23 35886.0 37728.0 300.0 300.0 17 53799.0 55996.0 300.0 300.0
82.41077350540571 42 24128.0 26815.0 300.0 300.0 36 43585.0 46734.0 300.0 300.0
877.8370013007001 22 51408.0 54033.0 300.0 300.0 31 64903.0 68023.0 300.0 300.0
483.0711575404392 46 50622.0 53750.0 300.0 300.0 38 65966.0 68863.0 300.0 300.0
521.9223327449384 11 40591.0 42897.0 300.0 300.0 27 53768.0 56256.0 300.0 300.0
823.534293459628 38 30501.0 33657.0 300.0 300.0 13 48256.0 50058.0 300.0 300.0
653.3150812957208 33 44341.0 46361.0 300.0 300.0 56 62563.0 65401.0 300.0 300.0
221.7632134882732 21 44879.0 47701.0 300.0 300.0 37 62418.0 65501.0 300.0 300.0
964.4318433273824 25 33224.0 35490.0 300.0 300.0 31 50215.0 53412.0 300.0 300.0
628.0679495511075 58 18803.0 21462.0 300.0 300.0 32 35886.0 39361.0 300.0 300.0
788.7388414516951 24 48856.0 51487.0 300.0 300.0 36 66032.0 68658.0 300.0 300.0
192.0724878051905 38 36897.0 39808.0 300.0 300.0 42 57538.0 60043.0 300.0 300.0
478.1573701753794 38 38256.0 40812.0 300.0 300.0 45 53001.0 55336.0 300.0 300.0
563.4762865740618 56 40124.0 43467.0 300.0 300.0 23 56654.0 59507.0 300.0 300.0
310.5022362005024 16 44820.0 47052.0 300.0 300.0 33 63630.0 66497.0 300.0 300.0
108.12014156808047 25 31276.0 33466.0 300.0 300.0 14 46445.0 48874.0 300.0 300.0
770.4872316322675 17 43961.0 46381.0 300.0 300.0 10 60110.0 62655.0 300.0 300.0
709.8652595422515 34 51866.0 54925.0 300.0 300.0 60 70795.0 73916.0 300.0 300.0
958.358297233867 28 50065.0 52333.0 300.0 300.0 50 67948.0 71346.0 300.0 300.0
730.6238972271923 22 40998.0 44471.0 300.0 300.0 20 56127.0 58519.0 300.0 300.0
892.7307760582047 59 18856.0 21730.0 300.0 300.0 35 32825.0 34879.0 300.0 300.0
683.7012932034268 26 23547.0 26395.0 300.0 300.0 33 37624.0 40121.0 300.0 300.0
792.8147910165104 15 49248.0 51882.0 300.0 300.0 35 67405.0 70801.0 300.0 300.0
841.9648505131803 42 34213.0 36966.0 300.0 300.0 24 49037.0 51596.0 300.0 300.0
613.3874786983638 23 50869.0 53849.0 300.0 300.0 46 67647.0 69786.0 300.0 300.0
939.1573505370898 19 29489.0 31769.0 300.0 300.0 41 49369.0 52793.0 300.0 300.0
336.46627448108524 38 44235.0 47643.0 300.0 300.0 56 61654.0 64726.0 300.0 300.0
151.2098228515294 30 22892.0 24943.0 300.0 300.0 32 38089.0 41080.0 300.0 300.0
828.8771190053326 11 30430.0 33885.0 300.0 300.0 22 48052.0 50783.0 300.0 300.0
970.3464041757726 49 47532.0 50332.0 300.0 300.0 55 66976.0 69595.0 300.0 300.0
596.4002577343372 46 27641.0 29982.0 300.0 300.0 37 45599.0 47837.0 300.0 300.0
448.1505500590046 19 45717.0 48983.0 300.0 300.0 28 66981.0 69208.0 300.0 300.0
3.8885475673612335 57 40236.0 43444.0 300.0 300.0 30 60865.0 64302.0 300.0 300.0
608.9920394418125 31 43331.0 46427.0 300.0 300.0 10 64393.0 66889.0 300.0 300.0
597.0411082684826 22 40589.0 42670.0 300.0 300.0 48 58224.0 60035.0 300.0 300.0
881.0847983799493 24 18385.0 20926.0 300.0 300.0 33 36151.0 39274.0 300.0 300.0
25.10504416079973 59 52830.0 56383.0 300.0 300.0 47 71232.0 73434.0 300.0 300.0
902.1247434756026 59 42018.0 43873.0 300.0 300.0 51 60891.0 63759.0 300.0 300.0
803.7727930529052 47 42142.0 44830.0 300.0 300.0 39 62549.0 64846.0 300.0 300.0
507.4791188895821 19 49210.0 51149.0 300.0 300.0 23 68470.0 70869.0 300.0 300.0
212.4165279963628 29 32435.0 35605.0 300.0 300.0 45 51922.0 55245.0 300.0 300.0
563.1814073985933 34 45166.0 48397.0 300.0 300.0 20 63734.0 66925.0 300.0 300.0
37.40702140377861 47 35045.0 37612.0 300.0 300.0 49 54172.0 57421.0 300.0 300.0
259.816622708713 18 38457.0 40619.0 300.0 300.0 13 56289.0 59692.0 300.0 300.0
560.8305833835885 57 53629.0 55905.0 300.0 300.0 56 69783.0 72191.0 300.0 300.0
717.4251346397639 18 48970.0 51948.0 300.0 300.0 22 69928.0 73441.0 300.0 300.0
168.04086090780245 59 24546.0 26838.0 300.0 300.0 45 42668.0 44553.0 300.0 300.0
180.84711913592187 21 36296.0 38310.0 300.0 300.0 13 53680.0 56092.0 300.0 300.0
584.1451852786082 17 22503.0 26042.0 300.0 300.0 29 40832.0 43622.0 300.0 300.0
608.8907905162024 26 51453.0 54547.0 300.0 300.0 45 70538.0 72870.0 300.0 300.0
34.07415775424227 38 30008.0 31988.0 300.0 300.0 21 47912.0 51304.0 300.0 300.0
213.12137062196192 17 26567.0 28865.0 300.0 300.0 27 46013.0 49093.0 300.0 300.0
398.04795254762604 53 51828.0 54679.0 300.0 300.0 48 70413.0 72962.0 300.0 300.0
101.10151320467364 11 26276.0 28722.0 300.0 300.0 56 41856.0 45016.0 300.0 300.0
658.1331744905397 52 38892.0 40699.0 300.0 300.0 39 56322.0 58126.0 300.0 300.0
977.1052629231225 49 43759.0 47274.0 300.0 300.0 39 59785.0 62578.0 300.0 300.0
915.6584854759217 41 28572.0 31737.0 300.0 300.0 37 44623.0 47029.0 300.0 300.0
187.5897584475289 18 28306.0 30633.0 300.0 300.0 10 45249.0 48154.0 300.0 300.0
926.3742376758253 55 37405.0 40590.0 300.0 300.0 31 52093.0 54793.0 300.0 300.0
840.3332316650501 50 34644.0 36469.0 300.0 300.0 14 53950.0 56412.0 300.0 300.0
232.631589858872 50 31734.0 34470.0 300.0 300.0 21 46825.0 49427.0 300.0 300.0
330.7962009236134 31 53674.0 56825.0 300.0 300.0 41 71712.0 74390.0 300.0 300.0
461.11718295473713 37 27708.0 30412.0 300.0 300.0 31 43114.0 46580.0 300.0 300.0
166.9750564607775 27 51984.0 54644.0 300.0 300.0 19 66933.0 68822.0 300.0 300.0
451.7908469970593 40 23032.0 25229.0 300.0 300.0 37 37139.0 39279.0 300.0 300.0
269.20844588675186 57 20369.0 22615.0 300.0 300.0 47 35463.0 38685.0 300.0 300.0
448.9850967747301 42 40048.0 42858.0 300.0 300.0 10 54200.0 57477.0 300.0 300.0
942.8537166683471 23 31504.0 35096.0 300.0 300.0 45 47848.0 49772.0 300.0 300.0
338.86355044256425 43 26363.0 29190.0 300.0 300.0 34 46709.0 49342.0 300.0 300.0
972.6404757447019 11 32698.0 35616.0 300.0 300.0 30 46522.0 48474.0 300.0 300.0
687.7034478585452 53 29530.0 32325.0 300.0 300.0 23 44818.0 48206.0 300.0 300.0
995.3662018849334 33 27055.0 29911.0 300.0 300.0 52 42938.0 45684.0 300.0 300.0
311.2397348265763 55 34264.0 37104.0 300.0 300.0 33 50090.0 52118.0 300.0 300.0
684.3434253480563 18 52080.0 54999.0 300.0 300.0 57 68498.0 70569.0 300.0 300.0
84.43834153245756 35 39461.0 41757.0 300.0 300.0 11 54681.0 56810.0 300.0 300.0
770.9234042104761 42 26429.0 28659.0 300.0 300.0 23 44809.0 48126.0 300.0 300.0
340.77946720815265 32 50729.0 53572.0 300.0 300.0 11 69093.0 72665.0 300.0 300.0
466.17647131189347 48 33619.0 36223.0 300.0 300.0 43 51405.0 54907.0 300.0 300.0
277.0298988678206 33 28306.0 30829.0 300.0 300.0 15 47827.0 50292.0 300.0 300.0
94.43875801765545 55 37746.0 39821.0 300.0 300.0 43 55297.0 57395.0 300.0 300.0
399.54380182380487 36 31821.0 33878.0 300.0 300.0 33 51082.0 53421.0 300.0 300.0
359.3565384526933 21 22794.0 24887.0 300.0 300.0 39 41209.0 44750.0 300.0 300.0
956.7036884984066 43 39260.0 41492.0 300.0 300.0 39 54900.0 57603.0 300.0 300.0
516.0602673025938 38 47639.0 50534.0 300.0 300.0 28 61358.0 63472.0 300.0 300.0
93.92730500370416 53 42373.0 44998.0 300.0 300.0 52 58572.0 61548.0 300.0 300.0
188.34395173831743 51 39375.0 42974.0 300.0 300.0 36 60184.0 63479.0 300.0 300.0
846.8195000338794 54 44287.0 46543.0 300.0 300.0 43 60052.0 62093.0 300.0 300.0
749.7535135925841 51 27659.0 30479.0 300.0 300.0 31 46602.0 48783.0 300.0 300.0
118.02044088792252 41 44903.0 48259.0 300.0 300.0 30 64339.0 66769.0 300.0 300.0
169.21053881015624 39 42259.0 45848.0 300.0 300.0 30 60010.0 62053.0 300.0 300.0
136.9434084677813 11 38208.0 40039.0 300.0 300.0 48 54886.0 57440.0 300.0 300.0
326.50826667273725 42 28395.0 30580.0 300.0 300.0 32 46670.0 48859.0 300.0 300.0
111.13242354111064 29 47501.0 50035.0 300.0 300.0 10 64782.0 67943.0 300.0 300.0
836.3757495451497 22 41471.0 44066.0 300.0 300.0 37 60331.0 63806.0 300.0 300.0
485.00530871976866 21 41015.0 42896.0 300.0 300.0 60 59462.0 61925.0 300.0 300.0
921.8547156735715 16 19727.0 22903.0 300.0 300.0 21 38050.0 39990.0 300.0 300.0
427.25676452198866 14 36991.0 40301.0 300.0 300.0 43 53532.0 56787.0 300.0 300.0
372.88525429291366 14 41930.0 43801.0 300.0 300.0 19 55536.0 57860.0 300.0 300.0
482.53135877029484 34 44046.0 46533.0 300.0 300.0 45 58260.0 60145.0 300.0 300.0
873.0399007545559 16 22467.0 25816.0 300.0 300.0 32 41865.0 44716.0 300.0 300.0
215.86264711266034 57 36083.0 38072.0 300.0 300.0 13 48935.0 51653.0 300.0 300.0
219.4456881868122 20 47826.0 50565.0 300.0 300.0 33 63267.0 66320.0 300.0 300.0
728.9165404452613 52 24029.0 25890.0 300.0 300.0 39 40477.0 42750.0 300.0 300.0
175.62846525374775 39 27325.0 30798.0 300.0 300.0 45 43022.0 45074.0 300.0 300.0
73.7474658099947 17 40503.0 42942.0 300.0 300.0 34 54941.0 57750.0 300.0 300.0
846.2181888456957 35 26608.0 30135.0 300.0 300.0 31 42021.0 43896.0 300.0 300.0
380.4296451078132 13 20211.0 22391.0 300.0 300.0 41 37219.0 39702.0 300.0 300.0
742.4565254193242 40 27694.0 31047.0 300.0 300.0 13 43763.0 47339.0 300.0 300.0
356.78728126339973 31 34274.0 37101.0 300.0 300.0 44 54490.0 56776.0 300.0 300.0
798.9126652969826 13 39565.0 42709.0 300.0 300.0 28 59940.0 62122.0 300.0 300.0
228.11939075652165 27 31878.0 35424.0 300.0 300.0 17 48307.0 50319.0 300.0 300.0
919.7808259045601 58 35218.0 37560.0 300.0 300.0 55 53134.0 55959.0 300.0 300.0
38.27322716251835 54 20320.0 22698.0 300.0 300.0 16 36258.0 39231.0 300.0 300.0
577.0131747712319 15 35874.0 38739.0 300.0 300.0 59 55507.0 57762.0 300.0 300.0
16.016941581011636 19 46563.0 48708.0 300.0 300.0 22 64670.0 67758.0 300.0 300.0
186.1301857096166 10 37381.0 40564.0 300.0 300.0 13 54546.0 56658.0 300.0 300.0
767.1237073846206 42 47517.0 50543.0 300.0 300.0 23 66268.0 68193.0 300.0 300.0
567.0047851314354 40 30729.0 33700.0 300.0 300.0 48 45015.0 47149.0 300.0 300.0
837.0064583586426 23 53074.0 56448.0 300.0 300.0 28 70173.0 72834.0 300.0 300.0
608.77941194755 16 26590.0 29773.0 300.0 300.0 38 42023.0 45333.0 300.0 300.0
514.6138833536659 60 24056.0 26159.0 300.0 300.0 17 40358.0 43897.0 300.0 300.0
137.26064545614136 39 45819.0 47868.0 300.0 300.0 18 61864.0 64688.0 300.0 300.0
38.46241186344124 46 48205.0 50901.0 300.0 300.0 17 66866.0 69917.0 300.0 300.0
0.9308098664447817 16 48262.0 51521.0 300.0 300.0 46 64805.0 68322.0 300.0 300.0
902.3652644249005 35 48688.0 51467.0 300.0 300.0 24 67185.0 69221.0 300.0 300.0
103.78698537419872 23 33891.0 36644.0 300.0 300.0 25 53481.0 56828.0 300.0 300.0
133.22831945132418 48 19574.0 22664.0 300.0 300.0 41 36167.0 38004.0 300.0 300.0
809.6018836202213 59 41375.0 43527.0 300.0 300.0 36 58588.0 61746.0 300.0 300.0
977.1896997310918 43 33917.0 36727.0 300.0 300.0 31 50651.0 53447.0 300.0 300.0
97.31374297590733 52 50548.0 53430.0 300.0 300.0 22 66648.0 69532.0 300.0 300.0
743.7385672590796 60 39531.0 42848.0 300.0 300.0 44 59764.0 62948.0 300.0 300.0
569.8820683239834 21 50765.0 52823.0 300.0 300.0 30 65311.0 67624.0 300.0 300.0
839.9843243555134 45 26641.0 28784.0 300.0 300.0 38 42619.0 44895.0 300.0 300.0
902.256247948724 51 31666.0 33937.0 300.0 300.0 16 51328.0 53843.0 300.0 300.0
608.061343375058 29 36408.0 39120.0 300.0 300.0 13 51611.0 53665.0 300.0 300.0
285.6354956883764 19 44135.0 47104.0 300.0 300.0 15 62440.0 64519.0 300.0 300.0
146.22447293287667 14 24022.0 26733.0 300.0 300.0 22 41034.0 43965.0 300.0 300.0
596.8636144757983 44 31939.0 34119.0 300.0 300.0 24 47270.0 49921.0 300.0 300.0
146.36723556976438 28 39596.0 42396.0 300.0 300.0 42 53347.0 55524.0 300.0 300.0
339.89048557116166 45 36309.0 38422.0 300.0 300.0 54 50093.0 53097.0 300.0 300.0
74.70415882793068 51 27514.0 29884.0 300.0 300.0 21 42886.0 45208.0 300.0 300.0
301.40799546274366 38 27094.0 29059.0 300.0 300.0 14 44381.0 47200.0 300.0 300.0
24.805038737763184 48 44073.0 46915.0 300.0 300.0 50 59772.0 62411.0 300.0 300.0
500.07126853730443 45 36713.0 40258.0 300.0 300.0 24 51170.0 54119.0 300.0 300.0
909.0246122051776 11 52035.0 55113.0 300.0 300.0 19 69160.0 71907.0 300.0 300.0
537.5577615893787 54 39147.0 42462.0 300.0 300.0 59 53789.0 56741.0 300.0 300.0
560.9919988603248 49 47922.0 50772.0 300.0 300.0 52 65018.0 68608.0 300.0 300.0
263.89056366186446 47 29372.0 32146.0 300.0 300.0 56 45865.0 48320.0 300.0 300.0
892.9333770003577 57 22154.0 23994.0 300.0 300.0 29 36729.0 40155.0 300.0 300.0
617.1173829489073 51 38884.0 41568.0 300.0 300.0 26 55255.0 58418.0 300.0 300.0
691.3032361960771 41 27281.0 29264.0 300.0 300.0 53 40477.0 43636.0 300.0 300.0
191.13641410413652 25 31903.0 34349.0 300.0 300.0 39 48505.0 51994.0 300.0 300.0
505.9674988725 46 42971.0 45236.0 300.0 300.0 52 57947.0 59992.0 300.0 300.0
112.10513206759964 36 32331.0 35321.0 300.0 300.0 52 47518.0 49677.0 300.0 300.0
564.8711771902601 38 46848.0 49684.0 300.0 300.0 23 66228.0 68296.0 300.0 300.0
984.7504829212803 33 53067.0 55869.0 300.0 300.0 51 70090.0 72150.0 300.0 300.0
759.9567480378647 25 18017.0 21206.0 300.0 300.0 15 37996.0 40925.0 300.0 300.0
310.6792727943818 52 24500.0 27148.0 300.0 300.0 13 43622.0 46624.0 300.0 300.0
642.6822405990538 50 20688.0 22639.0 300.0 300.0 36 38004.0 41420.0 300.0 300.0
921.5090252680077 26 53358.0 56853.0 300.0 300.0 15 68261.0 71534.0 300.0 300.0
539.7931702957947 35 48034.0 51585.0 300.0 300.0 28 64531.0 67403.0 300.0 300.0
634.7120935515924 41 18097.0 20821.0 300.0 300.0 57 33468.0 35417.0 300.0 300.0
462.3849920712659 26 41541.0 44143.0 300.0 300.0 28 57737.0 60249.0 300.0 300.0
788.2817868306486 57 53951.0 56048.0 300.0 300.0 12 69812.0 72716.0 300.0 300.0
403.4761957136369 59 50914.0 52786.0 300.0 300.0 38 66535.0 69678.0 300.0 300.0
284.8507440825411 49 47077.0 50618.0 300.0 300.0 34 63235.0 65386.0 300.0 300.0
980.4002810202142 46 35206.0 37750.0 300.0 300.0 55 53675.0 57252.0 300.0 300.0
754.2585791039544 49 47990.0 50602.0 300.0 300.0 26 63251.0 66163.0 300.0 300.0
616.7929015417114 38 42354.0 44196.0 300.0 300.0 44 57910.0 60177.0 300.0 300.0
887.6922559558412 22 41134.0 44326.0 300.0 300.0 48 62086.0 65413.0 300.0 300.0
622.6504875305537 40 49760.0 51694.0 300.0 300.0 49 62565.0 64721.0 300.0 300.0
602.6965661060806 17 36811.0 39922.0 300.0 300.0 44 52242.0 54609.0 300.0 300.0
527.0954284386148 14 24948.0 27387.0 300.0 300.0 37 44749.0 47258.0 300.0 300.0
647.2396336672856 47 39148.0 41255.0 300.0 300.0 50 53221.0 55653.0 300.0 300.0
863.7015478478954 52 37509.0 40553.0 300.0 300.0 47 51442.0 54441.0 300.0 300.0
457.65607635267156 28 38073.0 40778.0 300.0 300.0 10 55965.0 59204.0 300.0 300.0
678.488559734861 28 26469.0 29431.0 300.0 300.0 46 46753.0 48997.0 300.0 300.0
449.0947815837536 51 37532.0 40556.0 300.0 300.0 22 52431.0 56010.0 300.0 300.0
311.3381927165554 53 34505.0 36382.0 300.0 300.0 32 47541.0 50300.0 300.0 300.0
571.8564504739611 53 21154.0 23316.0 300.0 300.0 19 35344.0 37391.0 300.0 300.0
337.3424168301443 34 26009.0 29081.0 300.0 300.0 30 46756.0 48874.0 300.0 300.0
530.8832060722773 60 37172.0 40627.0 300.0 300.0 35 56583.0 58854.0 300.0 300.0
899.5689293930051 10 52341.0 55773.0 300.0 300.0 30 73190.0 75395.0 300.0 300.0
891.1975388754125 14 21302.0 23322.0 300.0 300.0 19 39875.0 41937.0 300.0 300.0
332.3964756797684 32 53423.0 55296.0 300.0 300.0 48 72741.0 74654.0 300.0 300.0
716.1942761021784 60 32257.0 34747.0 300.0 300.0 13 48149.0 51648.0 300.0 300.0
887.7843497961153 55 33637.0 36445.0 300.0 300.0 13 51202.0 54785.0 300.0 300.0
979.6566772894416 42 52141.0 54833.0 300.0 300.0 34 68096.0 71253.0 300.0 300.0
317.8230405858754 38 51189.0 53945.0 300.0 300.0 17 66502.0 70096.0 300.0 300.0
811.8603377769217 49 41838.0 44586.0 300.0 300.0 10 60908.0 63702.0 300.0 300.0
927.2688638439962 37 34235.0 36423.0 300.0 300.0 54 50529.0 52624.0 300.0 300.0
475.18470979789697 15 36039.0 38671.0 300.0 300.0 31 50694.0 53298.0 300.0 300.0
740.469402250565 16 28333.0 31598.0 300.0 300.0 21 47814.0 49784.0 300.0 300.0
589.6862959998591 48 20288.0 22462.0 300.0 300.0 28 34884.0 37140.0 300.0 300.0
488.4919683734457 34 29601.0 33158.0 300.0 300.0 19 45648.0 47505.0 300.0 300.0
552.8892251255681 57 39697.0 41681.0 300.0 300.0 55 53974.0 55959.0 300.0 300.0
934.099930509014 51 49467.0 52602.0 300.0 300.0 36 70055.0 73612.0 300.0 300.0
813.7813055308014 22 36141.0 39143.0 300.0 300.0 57 55340.0 58372.0 300.0 300.0
443.5824711822365 36 28261.0 30700.0 300.0 300.0 30 41530.0 43638.0 300.0 300.0
896.2065365514799 54 25969.0 29391.0 300.0 300.0 55 44125.0 47417.0 300.0 300.0
873.8105947077474 11 36287.0 39034.0 300.0 300.0 21 51378.0 53181.0 300.0 300.0
33.43221385688644 29 31872.0 35258.0 300.0 300.0 45 51985.0 54732.0 300.0 300.0
568.1151485781372 21 47345.0 50125.0 300.0 300.0 27 61212.0 63920.0 300.0 300.0
419.9286912614889 44 36529.0 38814.0 300.0 300.0 39 56636.0 58694.0 300.0 300.0
202.89010312264867 28 26032.0 28765.0 300.0 300.0 43 46549.0 49484.0 300.0 300.0
338.99857170897474 42 18202.0 20350.0 300.0 300.0 22 32508.0 34394.0 300.0 300.0
164.81613501842475 56 32392.0 35048.0 300.0 300.0 38 48053.0 51209.0 300.0 300.0
450.8653485706698 51 47414.0 50923.0 300.0 300.0 30 66740.0 68663.0 300.0 300.0
192.25347068133968 37 19433.0 21607.0 300.0 300.0 40 33562.0 35853.0 300.0 300.0
974.5970523670425 23 27408.0 30490.0 300.0 300.0 20 46643.0 48748.0 300.0 300.0
919.0197328868236 51 41547.0 43935.0 300.0 300.0 24 61043.0 64188.0 300.0 300.0
252.58465532812224 46 26794.0 29148.0 300.0 300.0 38 41047.0 43558.0 300.0 300.0
309.1751976524182 24 43604.0 46873.0 300.0 300.0 52 64287.0 67337.0 300.0 300.0
616.3827979108728 48 22827.0 26407.0 300.0 300.0 51 40761.0 44127.0 300.0 300.0
471.685944832389 13 27126.0 29662.0 300.0 300.0 24 45831.0 49370.0 300.0 300.0
680.0913918116395 39 39534.0 42502.0 300.0 300.0 49 55029.0 57793.0 300.0 300.0
57.4009371338523 28 45112.0 48573.0 300.0 300.0 36 63462.0 66140.0 300.0 300.0
259.02431901274235 11 32429.0 35986.0 300.0 300.0 51 51224.0 53126.0 300.0 300.0
40.51470647404998 54 43268.0 45788.0 300.0 300.0 13 61173.0 64548.0 300.0 300.0
368.4643496007637 28 34138.0 37409.0 300.0 300.0 10 50333.0 53927.0 300.0 300.0
704.8181437832425 55 35099.0 38369.0 300.0 300.0 42 52779.0 55045.0 300.0 300.0
5.507174341406795 60 42783.0 45056.0 300.0 300.0 58 55918.0 58154.0 300.0 300.0
733.1691909286623 59 34944.0 37929.0 300.0 300.0 26 55256.0 58799.0 300.0 300.0
196.38950519094334 41 42647.0 45161.0 300.0 300.0 53 56139.0 59057.0 300.0 300.0
437.7176557778587 24 39907.0 43004.0 300.0 300.0 48 60375.0 62266.0 300.0 300.0
626.6911915641502 26 32167.0 33971.0 300.0 300.0 11 46441.0 49246.0 300.0 300.0
978.847383805204 38 37131.0 40296.0 300.0 300.0 28 56049.0 58012.0 300.0 300.0
821.1892217348191 48 34855.0 38289.0 300.0 300.0 20 49702.0 52013.0 300.0 300.0
372.2797346932537 50 35019.0 38223.0 300.0 300.0 16 56131.0 58133.0 300.0 300.0
547.0845718484991 52 21780.0 25132.0 300.0 300.0 15 39761.0 43077.0 300.0 300.0
755.4170618198464 21 45236.0 48179.0 300.0 300.0 25 65134.0 67577.0 300.0 300.0
856.3616681643123 26 30905.0 33395.0 300.0 300.0 35 46067.0 49270.0 300.0 300.0
714.2695950319049 29 33456.0 36272.0 300.0 300.0 10 52464.0 55034.0 300.0 300.0
922.088123555071 15 18193.0 21254.0 300.0 300.0 59 36207.0 39166.0 300.0 300.0
9.056883223444778 25 21141.0 23971.0 300.0 300.0 40 37208.0 39199.0 300.0 300.0
755.8093817974955 41 34894.0 37975.0 300.0 300.0 37 49807.0 51853.0 300.0 300.0
187.0293286514215 53 41904.0 43730.0 300.0 300.0 54 56654.0 59251.0 300.0 300.0
699.5005967050705 33 28134.0 30862.0 300.0 300.0 55 47196.0 49237.0 300.0 300.0
851.8219524169999 47 45292.0 48736.0 300.0 300.0 30 64854.0 67574.0 300.0 300.0
680.8491076871933 31 46563.0 48497.0 300.0 300.0 42 65916.0 68707.0 300.0 300.0
645.7041027366682 29 20887.0 22841.0 300.0 300.0 31 38534.0 40638.0 300.0 300.0
4.366599886809874 37 48610.0 51375.0 300.0 300.0 26 64927.0 68451.0 300.0 300.0
779.7790241010351 25 26251.0 29319.0 300.0 300.0 38 40391.0 42218.0 300.0 300.0
556.7595566445432 46 30445.0 33595.0 300.0 300.0 53 46009.0 48864.0 300.0 300.0
562.2428631093687 15 29222.0 32696.0 300.0 300.0 60 44802.0 47157.0 300.0 300.0
851.2867048324081 60 43113.0 45085.0 300.0 300.0 59 59009.0 61038.0 300.0 300.0
280.33352528848 28 46974.0 49742.0 300.0 300.0 56 64730.0 67236.0 300.0 300.0
175.03798434954487 48 36068.0 38615.0 300.0 300.0 22 50873.0 53010.0 300.0 300.0
801.0644379331491 16 37752.0 39984.0 300.0 300.0 36 51885.0 54102.0 300.0 300.0
72.0985231167346 41 48286.0 50417.0 300.0 300.0 46 61381.0 63324.0 300.0 300.0
792.0965895134702 60 25788.0 28720.0 300.0 300.0 42 41649.0 43820.0 300.0 300.0
565.7000592071371 30 48841.0 52382.0 300.0 300.0 16 68203.0 70772.0 300.0 300.0
809.3823971232882 23 19052.0 21547.0 300.0 300.0 35 32826.0 35555.0 300.0 300.0
449.37705904997495 19 30929.0 33261.0 300.0 300.0 31 51036.0 54614.0 300.0 300.0
44.116851410085815 22 43669.0 46663.0 300.0 300.0 43 60281.0 63035.0 300.0 300.0
950.8719212434645 27 21213.0 24277.0 300.0 300.0 43 35629.0 38791.0 300.0 300.0
19.03271863113032 10 42294.0 44481.0 300.0 300.0 42 60808.0 63327.0 300.0 300.0
367.49125115537197 18 20609.0 23084.0 300.0 300.0 27 40029.0 42522.0 300.0 300.0
333.5290054282195 19 33843.0 35939.0 300.0 300.0 52 50851.0 52943.0 300.0 300.0
396.58714824663355 40 43516.0 46184.0 300.0 300.0 54 60361.0 63673.0 300.0 300.0
898.2507311149069 34 33909.0 37161.0 300.0 300.0 15 50140.0 53423.0 300.0 300.0
832.9927421562031 51 30377.0 32766.0 300.0 300.0 50 44174.0 46107.0 300.0 300.0
301.6466758103857 31 21146.0 23022.0 300.0 300.0 53 40679.0 42755.0 300.0 300.0
804.1157008299617 56 23574.0 25912.0 300.0 300.0 49 37986.0 41296.0 300.0 300.0
702.1946054714963 14 36928.0 39046.0 300.0 300.0 37 49997.0 53239.0 300.0 300.0
474.90211710606434 60 19251.0 22254.0 300.0 300.0 59 35416.0 37572.0 300.0 300.0
238.25467156131796 53 52740.0 55740.0 300.0 300.0 21 71055.0 73256.0 300.0 300.0
125.3157422499086 19 37743.0 40214.0 300.0 300.0 20 56376.0 58640.0 300.0 300.0
550.1147759150258 34 39087.0 42269.0 300.0 300.0 12 59883.0 62783.0 300.0 300.0
112.99713608520024 30 53095.0 55824.0 300.0 300.0 54 70956.0 73096.0 300.0 300.0
882.3314847113669 60 46918.0 48979.0 300.0 300.0 44 66456.0 69479.0 300.0 300.0
648.4133412093903 20 33488.0 36411.0 300.0 300.0 50 51491.0 53632.0 300.0 300.0
4.919879376324654 19 41781.0 44832.0 300.0 300.0 35 60540.0 63836.0 300.0 300.0
678.4956696600547 13 29428.0 31491.0 300.0 300.0 52 45796.0 47894.0 300.0 300.0
94.66009175117385 52 42693.0 45552.0 300.0 300.0 35 57024.0 60027.0 300.0 300.0
881.2790343863642 15 20899.0 22779.0 300.0 300.0 13 35632.0 39196.0 300.0 300.0
847.4916298805125 12 32872.0 34725.0 300.0 300.0 60 47990.0 50545.0 300.0 300.0
686.5663705165556 25 50441.0 53882.0 300.0 300.0 58 66821.0 68842.0 300.0 300.0
653.7611289956426 58 39710.0 43223.0 300.0 300.0 21 54991.0 56840.0 300.0 300.0
958.6847355008202 17 35781.0 37777.0 300.0 300.0 60 50926.0 54513.0 300.0 300.0
223.45238955253456 16 46163.0 49641.0 300.0 300.0 33 62054.0 65621.0 300.0 300.0
93.88803847573102 27 25129.0 27446.0 300.0 300.0 54 42948.0 44829.0 300.0 300.0
771.3094338835981 40 23749.0 26553.0 300.0 300.0 46 39079.0 42126.0 300.0 300.0
618.1879200452473 57 45970.0 47784.0 300.0 300.0 24 59000.0 61310.0 300.0 300.0
794.1909540718897 49 18973.0 21177.0 300.0 300.0 55 32531.0 34378.0 300.0 300.0
227.0183755116918 51 39953.0 42283.0 300.0 300.0 52 58283.0 61505.0 300.0 300.0
736.6715539404873 26 53669.0 56662.0 300.0 300.0 49 68360.0 71011.0 300.0 300.0
626.2043563075083 32 41501.0 43383.0 300.0 300.0 10 57188.0 60022.0 300.0 300.0
946.8033436784885 55 36813.0 40318.0 300.0 300.0 45 51148.0 53614.0 300.0 300.0
538.6217151089637 19 45814.0 48518.0 300.0 300.0 25 62419.0 64801.0 300.0 300.0
382.4280339180718 19 33149.0 35613.0 300.0 300.0 35 47861.0 49894.0 300.0 300.0
91.49491053423708 25 50064.0 52036.0 300.0 300.0 39 65996.0 67820.0 300.0 300.0
509.20743291904245 28 36557.0 39556.0 300.0 300.0 20 51159.0 54639.0 300.0 300.0
238.64429999292014 50 23399.0 25523.0 300.0 300.0 25 37857.0 40575.0 300.0 300.0
813.7209190411579 42 48889.0 52289.0 300.0 300.0 25 66183.0 67994.0 300.0 300.0
377.7057395871679 17 47874.0 50607.0 300.0 300.0 32 61919.0 64958.0 300.0 300.0
777.041334682947 38 30795.0 33838.0 300.0 300.0 25 45454.0 49038.0 300.0 300.0
356.3146845366889 57 37053.0 39013.0 300.0 300.0 31 52249.0 54714.0 300.0 300.0
63.99416695325555 49 30190.0 32985.0 300.0 300.0 19 44872.0 48471.0 300.0 300.0
319.7653326992347 24 44632.0 47258.0 300.0 300.0 23 60677.0 64127.0 300.0 300.0
988.0571413301869 52 36216.0 39814.0 300.0 300.0 19 51702.0 54309.0 300.0 300.0
516.3863149263814 50 21380.0 24470.0 300.0 300.0 35 39231.0 41491.0 300.0 300.0
28.170039465580277 20 36898.0 38831.0 300.0 300.0 25 50340.0 52883.0 300.0 300.0
160.85583850006614 23 37732.0 41051.0 300.0 300.0 13 53681.0 56857.0 300.0 300.0
677.5734559253818 10 49891.0 52668.0 300.0 300.0 25 64127.0 67669.0 300.0 300.0
659.3276374249255 53 36597.0 39462.0 300.0 300.0 35 55126.0 56999.0 300.0 300.0
181.53216029749697 38 29719.0 32272.0 300.0 300.0 51 44311.0 46527.0 300.0 300.0
57.34043589224991 21 35148.0 38535.0 300.0 300.0 41 49918.0 52084.0 300.0 300.0
615.151404505945 47 47254.0 50206.0 300.0 300.0 51 65055.0 68181.0 300.0 300.0
100.20516814425795 45 18487.0 21328.0 300.0 300.0 35 39232.0 42679.0 300.0 300.0
218.56181294247034 25 22683.0 24831.0 300.0 300.0 55 38502.0 41255.0 300.0 300.0
148.44241766126464 50 30639.0 32815.0 300.0 300.0 21 47760.0 50858.0 300.0 300.0
258.01048940511487 57 18358.0 21016.0 300.0 300.0 30 38554.0 40941.0 300.0 300.0
704.7929523142211 31 36360.0 39641.0 300.0 300.0 44 53722.0 57191.0 300.0 300.0
840.701059723636 53 34355.0 37453.0 300.0 300.0 49 54132.0 56194.0 300.0 300.0
55.63546681763887 31 46992.0 49192.0 300.0 300.0 19 62968.0 64908.0 300.0 300.0
860.8021427770225 50 46631.0 48877.0 300.0 300.0 47 62499.0 65231.0 300.0 300.0
563.981651228476 32 53985.0 56198.0 300.0 300.0 59 71397.0 74791.0 300.0 300.0
485.4925859767116 10 37886.0 41471.0 300.0 300.0 54 58034.0 60573.0 300.0 300.0
263.6190030531246 17 26943.0 29535.0 300.0 300.0 33 43695.0 45899.0 300.0 300.0
554.2106305669976 44 42909.0 45043.0 300.0 300.0 29 56458.0 58397.0 300.0 300.0
368.8493492370674 53 47805.0 49662.0 300.0 300.0 35 64051.0 67082.0 300.0 300.0
821.7724975685678 40 28558.0 31002.0 300.0 300.0 45 46160.0 48920.0 300.0 300.0
140.41681959352348 52 31241.0 33138.0 300.0 300.0 15 48795.0 51057.0 300.0 300.0
846.4521908697897 55 28935.0 31934.0 300.0 300.0 32 44908.0 47228.0 300.0 300.0
728.7951293244389 32 18016.0 20158.0 300.0 300.0 57 32785.0 35575.0 300.0 300.0
336.5697581156077 25 28768.0 31114.0 300.0 300.0 50 46323.0 48756.0 300.0 300.0
378.55020784710734 28 19011.0 20963.0 300.0 300.0 53 38502.0 41220.0 300.0 300.0
112.09502490374102 50 30766.0 33962.0 300.0 300.0 53 47052.0 49988.0 300.0 300.0
933.9256580711198 24 43210.0 46763.0 300.0 300.0 35 57719.0 59704.0 300.0 300.0
309.091280952866 50 18641.0 21786.0 300.0 300.0 44 39501.0 42074.0 300.0 300.0
382.40213367193485 18 45139.0 48375.0 300.0 300.0 48 63836.0 66881.0 300.0 300.0
711.7245168630324 24 29744.0 31656.0 300.0 300.0 19 45871.0 48110.0 300.0 300.0
140.42376369359243 36 18300.0 20388.0 300.0 300.0 46 34139.0 36743.0 300.0 300.0
905.6491667556998 45 19558.0 21742.0 300.0 300.0 53 39004.0 42589.0 300.0 300.0
588.8021952601488 31 36851.0 39081.0 300.0 300.0 18 53001.0 55056.0 300.0 300.0
433.8290509313898 34 22662.0 25985.0 300.0 300.0 56 42127.0 45401.0 300.0 300.0
653.9179235177279 14 30300.0 33682.0 300.0 300.0 54 46780.0 50195.0 300.0 300.0
36.61290757447422 31 39852.0 43075.0 300.0 300.0 17 56157.0 59606.0 300.0 300.0
888.52656033542 59 30946.0 34398.0 300.0 300.0 54 47169.0 48995.0 300.0 300.0
966.8840761093358 25 43725.0 45942.0 300.0 300.0 41 62478.0 64788.0 300.0 300.0
900.909257498397 36 31321.0 33362.0 300.0 300.0 44 50542.0 52692.0 300.0 300.0
992.4457838039658 29 44786.0 46777.0 300.0 300.0 23 61405.0 64933.0 300.0 300.0
215.82109124405758 31 24383.0 27641.0 300.0 300.0 38 42703.0 45093.0 300.0 300.0
94.96307922346448 18 34636.0 36550.0 300.0 300.0 49 49619.0 51506.0 300.0 300.0
812.103103745099 58 22733.0 25527.0 300.0 300.0 16 38991.0 41416.0 300.0 300.0
720.6112814826079 52 24620.0 27446.0 300.0 300.0 55 41206.0 43974.0 300.0 300.0
991.2195696025522 36 37928.0 41487.0 300.0 300.0 19 59199.0 61798.0 300.0 300.0
264.3059348117227 12 39843.0 42130.0 300.0 300.0 19 59321.0 62497.0 300.0 300.0
694.03041935238 18 44984.0 48351.0 300.0 300.0 45 60167.0 62830.0 300.0 300.0
918.6120638952157 59 37222.0 40583.0 300.0 300.0 51 55206.0 58413.0 300.0 300.0
439.84384736289707 37 35574.0 37620.0 300.0 300.0 30 54784.0 57778.0 300.0 300.0
91.12656012388098 13 47488.0 50297.0 300.0 300.0 32 65251.0 67736.0 300.0 300.0
236.63344302456522 12 37922.0 39931.0 300.0 300.0 34 54073.0 56342.0 300.0 300.0
900.6506500213567 51 47084.0 49214.0 300.0 300.0 57 67142.0 69283.0 300.0 300.0
863.035600216473 43 49201.0 52130.0 300.0 300.0 12 67603.0 69662.0 300.0 300.0
272.5435549912036 52 33025.0 35006.0 300.0 300.0 39 51335.0 54756.0 300.0 300.0
94.52941075954635 40 36725.0 39138.0 300.0 300.0 51 53771.0 56761.0 300.0 300.0
446.3769762905981 60 47022.0 50197.0 300.0 300.0 20 61131.0 62948.0 300.0 300.0
715.584761537571 14 24682.0 26776.0 300.0 300.0 38 40891.0 43452.0 300.0 300.0
222.86881964688365 21 35752.0 38901.0 300.0 300.0 17 53489.0 56255.0 300.0 300.0
488.4551255765681 20 46680.0 48727.0 300.0 300.0 14 60859.0 64335.0 300.0 300.0
559.9154888345489 45 28007.0 30477.0 300.0 300.0 37 44443.0 47216.0 300.0 300.0
833.9824998658102 44 24181.0 27458.0 300.0 300.0 53 38701.0 41026.0 300.0 300.0
586.5908680852793 30 36659.0 39417.0 300.0 300.0 57 51943.0 55469.0 300.0 300.0
500.93371282769914 41 40052.0 41907.0 300.0 300.0 60 59431.0 62683.0 300.0 300.0
255.84002290613162 53 24694.0 27915.0 300.0 300.0 20 41964.0 45174.0 300.0 300.0
373.04174723063863 14 25840.0 28706.0 300.0 300.0 19 44599.0 47786.0 300.0 300.0
577.24093027416 42 45048.0 47557.0 300.0 300.0 60 64308.0 66349.0 300.0 300.0
186.49497057986608 12 24159.0 26190.0 300.0 300.0 36 39461.0 41286.0 300.0 300.0
145.99203574640273 31 45195.0 48507.0 300.0 300.0 14 59863.0 62309.0 300.0 300.0
938.8915425998406 27 20363.0 23647.0 300.0 300.0 55 39917.0 42328.0 300.0 300.0
857.932021462471 13 53262.0 56618.0 300.0 300.0 32 69430.0 72405.0 300.0 300.0
281.8184755920745 46 21521.0 23696.0 300.0 300.0 55 37678.0 39862.0 300.0 300.0
727.0137886862362 60 29484.0 32187.0 300.0 300.0 29 50006.0 52361.0 300.0 300.0
55.765983433676894 60 50211.0 53275.0 300.0 300.0 47 66183.0 68910.0 300.0 300.0
414.71174558473143 30 47668.0 49516.0 300.0 300.0 53 65908.0 68899.0 300.0 300.0
184.95908103437907 26 44597.0 47615.0 300.0 300.0 16 63412.0 66146.0 300.0 300.0
863.1951482554588 59 27517.0 30067.0 300.0 300.0 19 41607.0 43957.0 300.0 300.0
472.17256080530836 27 51163.0 54453.0 300.0 300.0 22 71990.0 74195.0 300.0 300.0
577.9724176423388 27 53697.0 55875.0 300.0 300.0 44 66699.0 69220.0 300.0 300.0
975.3522778832578 33 19106.0 21868.0 300.0 300.0 55 33610.0 36722.0 300.0 300.0
22.708633867182026 22 41813.0 44718.0 300.0 300.0 58 55770.0 59252.0 300.0 300.0
898.9385368413118 42 45961.0 49139.0 300.0 300.0 12 65213.0 67505.0 300.0 300.0
20.012338767919413 48 35258.0 37154.0 300.0 300.0 55 53177.0 56737.0 300.0 300.0
567.5868264515702 12 47320.0 50370.0 300.0 300.0 13 65023.0 67450.0 300.0 300.0
357.5344611278033 12 31642.0 34293.0 300.0 300.0 53 48392.0 50290.0 300.0 300.0
577.2982543782477 40 29568.0 31754.0 300.0 300.0 47 43090.0 45830.0 300.0 300.0
198.44483364851772 56 48290.0 50127.0 300.0 300.0 53 61047.0 63431.0 300.0 300.0
631.9705065903732 41 29967.0 32918.0 300.0 300.0 53 44262.0 46819.0 300.0 300.0
718.3536033366549 56 43353.0 46750.0 300.0 300.0 39 61929.0 65225.0 300.0 300.0
599.5982069724292 40 23258.0 25506.0 300.0 300.0 24 41733.0 43837.0 300.0 300.0
325.5022990334271 53 24457.0 26495.0 300.0 300.0 59 43538.0 45993.0 300.0 300.0
673.7043924377406 24 26514.0 29279.0 300.0 300.0 26 43828.0 45725.0 300.0 300.0
165.413377266045 57 41609.0 43822.0 300.0 300.0 41 55261.0 58531.0 300.0 300.0
148.36105799603294 39 48315.0 51550.0 300.0 300.0 51 68817.0 72022.0 300.0 300.0
522.3844861533905 41 38201.0 40963.0 300.0 300.0 39 53214.0 55317.0 300.0 300.0
640.019778134284 18 44593.0 47346.0 300.0 300.0 33 58900.0 61445.0 300.0 300.0
474.8469912710013 51 29353.0 31319.0 300.0 300.0 28 47006.0 49620.0 300.0 300.0
781.3634927186888 31 23572.0 25779.0 300.0 300.0 34 43641.0 46227.0 300.0 300.0
365.6519099020009 19 20349.0 23354.0 300.0 300.0 48 38481.0 41000.0 300.0 300.0
620.9211504842687 27 38235.0 41795.0 300.0 300.0 49 54630.0 57809.0 300.0 300.0
547.1546373720544 18 40330.0 43703.0 300.0 300.0 17 57032.0 59941.0 300.0 300.0
571.0467259805471 37 32344.0 35197.0 300.0 300.0 34 47723.0 50508.0 300.0 300.0
549.2665541704413 13 40426.0 42387.0 300.0 300.0 10 55030.0 57763.0 300.0 300.0
624.21743963844 18 21299.0 24814.0 300.0 300.0 58 35616.0 39128.0 300.0 300.0
500.5305095964803 31 22845.0 24761.0 300.0 300.0 36 41537.0 43815.0 300.0 300.0
305.9934749732361 25 53465.0 56514.0 300.0 300.0 48 72523.0 75311.0 300.0 300.0
871.233641038972 30 27591.0 30328.0 300.0 300.0 60 47517.0 49669.0 300.0 300.0
39.31313318423546 60 39145.0 41498.0 300.0 300.0 23 57331.0 59959.0 300.0 300.0
576.4465603734757 40 31130.0 34065.0 300.0 300.0 37 48963.0 52387.0 300.0 300.0
80.36791880014749 59 40255.0 43637.0 300.0 300.0 60 59842.0 63115.0 300.0 300.0
207.90015161278495 21 28764.0 31548.0 300.0 300.0 34 46221.0 49807.0 300.0 300.0
256.76965456849786 12 36074.0 38032.0 300.0 300.0 46 49605.0 53162.0 300.0 300.0
798.3806847206033 57 25313.0 27357.0 300.0 300.0 59 38681.0 41313.0 300.0 300.0
434.1304169621917 41 40141.0 43239.0 300.0 300.0 34 60465.0 63596.0 300.0 300.0
561.8168807565904 52 28073.0 30299.0 300.0 300.0 23 43145.0 46315.0 300.0 300.0
981.9366968261106 54 48462.0 50298.0 300.0 300.0 23 67574.0 69379.0 300.0 300.0
606.8030519315067 16 20454.0 22585.0 300.0 300.0 34 40420.0 42837.0 300.0 300.0
762.5020475588677 58 52500.0 55679.0 300.0 300.0 21 70767.0 74215.0 300.0 300.0
660.6724477384287 38 38133.0 40403.0 300.0 300.0 11 51402.0 53723.0 300.0 300.0
70.99192406383625 54 23754.0 25878.0 300.0 300.0 15 40781.0 44047.0 300.0 300.0
444.5113640246626 40 27450.0 30096.0 300.0 300.0 32 42916.0 45796.0 300.0 300.0
987.5684969521951 49 18970.0 21871.0 300.0 300.0 14 34990.0 36880.0 300.0 300.0
945.1597804317082 42 32972.0 35573.0 300.0 300.0 49 50684.0 53434.0 300.0 300.0
226.51691735426382 27 53607.0 56964.0 300.0 300.0 33 70258.0 73253.0 300.0 300.0
486.1319572876971 22 53834.0 55842.0 300.0 300.0 49 70619.0 74003.0 300.0 300.0
478.07672757575716 20 37050.0 39421.0 300.0 300.0 18 54057.0 55927.0 300.0 300.0
112.73636900721351 14 40576.0 42975.0 300.0 300.0 16 57119.0 59384.0 300.0 300.0
617.2759883163454 32 47507.0 51105.0 300.0 300.0 18 66631.0 69774.0 300.0 300.0
394.0809044094634 13 32611.0 34546.0 300.0 300.0 37 51490.0 54038.0 300.0 300.0
915.392018848973 46 52233.0 54966.0 300.0 300.0 58 65945.0 68207.0 300.0 300.0
682.0916387758275 55 38054.0 40232.0 300.0 300.0 28 53452.0 55812.0 300.0 300.0
433.15374949291163 24 25019.0 27253.0 300.0 300.0 37 42265.0 44101.0 300.0 300.0
140.50471420622733 52 46220.0 48476.0 300.0 300.0 20 62726.0 65248.0 300.0 300.0
234.24676212667262 10 48271.0 50136.0 300.0 300.0 30 61214.0 64783.0 300.0 300.0
309.73628817515265 19 38332.0 40294.0 300.0 300.0 54 58057.0 60551.0 300.0 300.0
551.2463706237469 34 26618.0 28837.0 300.0 300.0 33 46050.0 48817.0 300.0 300.0
560.6980510452327 22 18566.0 21303.0 300.0 300.0 43 35577.0 37814.0 300.0 300.0
916.327060874789 13 35310.0 37459.0 300.0 300.0 43 49392.0 51756.0 300.0 300.0
825.4798983697418 45 44095.0 46705.0 300.0 300.0 37 60247.0 62475.0 300.0 300.0
872.890129944814 31 18656.0 20785.0 300.0 300.0 47 35164.0 37745.0 300.0 300.0
398.2215916967753 59 20809.0 22752.0 300.0 300.0 33 35298.0 38182.0 300.0 300.0
782.9063725298719 18 51742.0 54243.0 300.0 300.0 58 67717.0 70901.0 300.0 300.0
157.6647392703412 11 36313.0 38180.0 300.0 300.0 24 53981.0 56421.0 300.0 300.0
493.95085865011015 26 21551.0 23699.0 300.0 300.0 12 41373.0 43593.0 300.0 300.0
165.41989235320386 11 24163.0 27127.0 300.0 300.0 17 38890.0 42105.0 300.0 300.0
19.65031762167857 27 23554.0 26805.0 300.0 300.0 12 42814.0 44927.0 300.0 300.0
491.87526435617525 19 25268.0 28450.0 300.0 300.0 11 43510.0 46054.0 300.0 300.0
691.9855834525557 47 29620.0 32215.0 300.0 300.0 18 44114.0 46920.0 300.0 300.0
175.26608867262604 22 47454.0 50355.0 300.0 300.0 41 65443.0 68849.0 300.0 300.0
472.38043918553143 45 40741.0 43366.0 300.0 300.0 55 59449.0 61580.0 300.0 300.0
148.44436311047792 14 33368.0 36443.0 300.0 300.0 38 49840.0 52686.0 300.0 300.0
753.9282972795313 43 24281.0 26903.0 300.0 300.0 21 41823.0 45033.0 300.0 300.0
601.436085634367 60 52522.0 55712.0 300.0 300.0 48 71011.0 73129.0 300.0 300.0
276.99864118291026 17 30089.0 31895.0 300.0 300.0 47 44810.0 46815.0 300.0 300.0
774.4288761416166 15 25359.0 27647.0 300.0 300.0 41 40223.0 42671.0 300.0 300.0
926.7392518634017 38 25436.0 27953.0 300.0 300.0 57 43051.0 45799.0 300.0 300.0
393.24224923790405 53 44782.0 47292.0 300.0 300.0 46 64579.0 67136.0 300.0 300.0
629.9385368057634 22 47154.0 49003.0 300.0 300.0 17 66495.0 69170.0 300.0 300.0
524.8287255032019 56 36669.0 38767.0 300.0 300.0 21 54281.0 57645.0 300.0 300.0
250.9976672206762 22 46878.0 49213.0 300.0 300.0 49 66112.0 68420.0 300.0 300.0
310.5326425153325 46 31349.0 33515.0 300.0 300.0 30 47298.0 50103.0 300.0 300.0
967.423446441508 15 53750.0 56752.0 300.0 300.0 36 69467.0 72940.0 300.0 300.0
955.6751686606214 26 30678.0 32888.0 300.0 300.0 36 47428.0 50132.0 300.0 300.0
733.7058379303411 34 20435.0 23693.0 300.0 300.0 31 35676.0 38862.0 300.0 300.0
250.88847620916766 14 51115.0 53855.0 300.0 300.0 11 68875.0 71718.0 300.0 300.0
2.475431587706245 57 18519.0 21524.0 300.0 300.0 56 33571.0 36716.0 300.0 300.0
368.2156688969015 22 40607.0 42563.0 300.0 300.0 49 59709.0 62598.0 300.0 300.0
231.6119951115041 53 50315.0 52222.0 300.0 300.0 41 68510.0 71966.0 300.0 300.0
417.4293717692531 36 43997.0 45889.0 300.0 300.0 55 60107.0 63074.0 300.0 300.0
968.0332701514408 10 25418.0 27283.0 300.0 300.0 20 41296.0 44228.0 300.0 300.0
328.7741826904278 24 33513.0 36481.0 300.0 300.0 57 50321.0 52517.0 300.0 300.0
550.1485255513368 28 25745.0 28690.0 300.0 300.0 36 40616.0 43607.0 300.0 300.0
720.2619795448543 23 30320.0 33610.0 300.0 300.0 22 49550.0 52348.0 300.0 300.0
32.701786313360515 28 45951.0 48896.0 300.0 300.0 21 66537.0 69437.0 300.0 300.0
42.96705569003612 20 28525.0 31534.0 300.0 300.0 19 45057.0 47084.0 300.0 300.0
615.6209873254902 46 20510.0 23769.0 300.0 300.0 22 40407.0 43853.0 300.0 300.0
118.08467846368364 46 45876.0 48833.0 300.0 300.0 47 62310.0 65900.0 300.0 300.0
192.56862653857064 17 53975.0 55989.0 300.0 300.0 57 73830.0 76507.0 300.0 300.0
185.80710233018948 33 24998.0 27033.0 300.0 300.0 25 44296.0 46565.0 300.0 300.0
149.5723458276539 58 42366.0 44946.0 300.0 300.0 22 62788.0 65300.0 300.0 300.0
388.68726992446256 29 51683.0 54646.0 300.0 300.0 47 72018.0 75221.0 300.0 300.0
998.1890018990663 18 32686.0 35578.0 300.0 300.0 53 46970.0 49539.0 300.0 300.0
680.8285565160459 10 28679.0 31963.0 300.0 300.0 15 46472.0 48588.0 300.0 300.0
64.2862536036275 19 39559.0 43015.0 300.0 300.0 25 60793.0 62623.0 300.0 300.0
68.06122839745787 38 53821.0 55727.0 300.0 300.0 48 73140.0 76551.0 300.0 300.0
250.25265022264287 23 30111.0 33008.0 300.0 300.0 33 50246.0 53110.0 300.0 300.0
781.7188759902175 21 25246.0 28040.0 300.0 300.0 39 45998.0 48746.0 300.0 300.0
807.1819239834164 52 21815.0 23761.0 300.0 300.0 40 35035.0 38281.0 300.0 300.0
17.562588281800906 40 35923.0 39189.0 300.0 300.0 31 51148.0 53620.0 300.0 300.0
290.61165080565 59 25967.0 28863.0 300.0 300.0 32 42541.0 44421.0 300.0 300.0
639.0433491624732 37 48761.0 51152.0 300.0 300.0 19 64409.0 67266.0 300.0 300.0
109.39243901882068 41 29162.0 31719.0 300.0 300.0 24 45988.0 48448.0 300.0 300.0
267.0464375487802 38 41029.0 43838.0 300.0 300.0 48 54836.0 56981.0 300.0 300.0
727.2614084170868 31 31227.0 34303.0 300.0 300.0 53 51029.0 53253.0 300.0 300.0
332.50133392708744 45 51605.0 54259.0 300.0 300.0 23 67272.0 70004.0 300.0 300.0
40.10723298945362 54 51830.0 55092.0 300.0 300.0 17 67365.0 69221.0 300.0 300.0
439.1179125021846 35 32452.0 35680.0 300.0 300.0 17 47735.0 51168.0 300.0 300.0
362.53158729432977 56 32013.0 35024.0 300.0 300.0 39 50673.0 53783.0 300.0 300.0
115.75335908962703 39 46359.0 49920.0 300.0 300.0 25 62017.0 64938.0 300.0 300.0
933.2985699812078 28 40225.0 42524.0 300.0 300.0 56 54529.0 57753.0 300.0 300.0
185.6217052785457 10 39174.0 42685.0 300.0 300.0 33 58031.0 60560.0 300.0 300.0
743.157559472428 29 27656.0 30458.0 300.0 300.0 37 45729.0 48985.0 300.0 300.0
356.21100884729293 42 42913.0 45269.0 300.0 300.0 15 56952.0 60473.0 300.0 300.0
637.2412218783655 23 25609.0 28869.0 300.0 300.0 49 40160.0 42440.0 300.0 300.0
662.2185587477848 15 22000.0 23936.0 300.0 300.0 29 37543.0 39499.0 300.0 300.0
119.06710798301934 58 50807.0 52641.0 300.0 300.0 26 68541.0 72072.0 300.0 300.0
356.28194446031705 51 29708.0 33102.0 300.0 300.0 30 49227.0 52073.0 300.0 300.0
639.7729104392808 35 27608.0 31101.0 300.0 300.0 10 43455.0 46729.0 300.0 300.0
130.37355379896377 42 22310.0 24342.0 300.0 300.0 46 40853.0 44315.0 300.0 300.0
684.6311726648531 53 27447.0 29596.0 300.0 300.0 11 47337.0 49167.0 300.0 300.0
915.4150502635546 12 18585.0 21505.0 300.0 300.0 51 39079.0 41551.0 300.0 300.0
943.5330414514113 52 42071.0 45449.0 300.0 300.0 53 56784.0 60288.0 300.0 300.0
308.30772804836647 42 47699.0 50002.0 300.0 300.0 47 66526.0 68664.0 300.0 300.0
781.7913594468304 45 32434.0 35755.0 300.0 300.0 12 51952.0 54002.0 300.0 300.0
133.89150018379837 41 32090.0 34648.0 300.0 300.0 27 49314.0 52225.0 300.0 300.0
105.45540301734135 57 38024.0 41253.0 300.0 300.0 55 57008.0 60605.0 300.0 300.0
93.44116634620158 51 20171.0 22664.0 300.0 300.0 25 36174.0 38357.0 300.0 300.0
268.89143844979304 24 41943.0 44190.0 300.0 300.0 49 56233.0 59078.0 300.0 300.0
569.6591634549892 35 40412.0 42479.0 300.0 300.0 17 55595.0 58633.0 300.0 300.0
613.5804596926713 27 21633.0 25010.0 300.0 300.0 29 42258.0 44295.0 300.0 300.0
748.5821273803257 33 46747.0 49590.0 300.0 300.0 40 61071.0 63494.0 300.0 300.0
502.2032843610251 34 41702.0 43535.0 300.0 300.0 13 58711.0 61162.0 300.0 300.0
438.61009995228807 26 36242.0 38961.0 300.0 300.0 27 54847.0 58257.0 300.0 300.0
751.7911030028729 42 20057.0 22538.0 300.0 300.0 22 34668.0 37032.0 300.0 300.0
582.593508918868 51 53473.0 55622.0 300.0 300.0 21 72887.0 75159.0 300.0 300.0
339.05291271871306 23 19382.0 22573.0 300.0 300.0 28 39112.0 42325.0 300.0 300.0
96.55119468324558 17 21926.0 24367.0 300.0 300.0 14 36806.0 38680.0 300.0 300.0
299.3654354602455 50 18973.0 20797.0 300.0 300.0 14 33138.0 36694.0 300.0 300.0
563.4942021357822 14 23758.0 26235.0 300.0 300.0 60 43993.0 45835.0 300.0 300.0
252.11511666570607 53 26791.0 29001.0 300.0 300.0 21 40889.0 44264.0 300.0 300.0
557.7206731249378 43 42143.0 44381.0 300.0 300.0 42 58704.0 61388.0 300.0 300.0
827.2788065842358 26 22296.0 25003.0 300.0 300.0 34 38663.0 41821.0 300.0 300.0
177.93001393099019 58 32840.0 35623.0 300.0 300.0 22 49536.0 52648.0 300.0 300.0
43.86028504929407 45 46765.0 50222.0 300.0 300.0 27 66369.0 69022.0 300.0 300.0
290.05428606522685 57 51186.0 54168.0 300.0 300.0 20 67159.0 69735.0 300.0 300.0
986.976554528648 10 23268.0 25312.0 300.0 300.0 40 40158.0 42825.0 300.0 300.0
195.67468452154068 14 27905.0 30350.0 300.0 300.0 24 44006.0 46269.0 300.0 300.0
768.3003207475216 45 36642.0 39193.0 300.0 300.0 17 50482.0 53838.0 300.0 300.0
981.5064107545302 25 48515.0 50347.0 300.0 300.0 51 68149.0 71215.0 300.0 300.0
39.87813969123366 54 42552.0 45489.0 300.0 300.0 49 59950.0 62407.0 300.0 300.0
811.2986290394942 47 23946.0 25917.0 300.0 300.0 46 41699.0 44389.0 300.0 300.0
304.0951729261643 11 49217.0 51721.0 300.0 300.0 41 69427.0 71938.0 300.0 300.0
394.58322920509204 32 29848.0 32729.0 300.0 300.0 17 49116.0 52565.0 300.0 300.0
947.1618718690657 15 25400.0 28259.0 300.0 300.0 56 41468.0 45016.0 300.0 300.0
917.3694790774158 57 52973.0 55422.0 300.0 300.0 28 68701.0 71442.0 300.0 300.0
578.7452028067104 50 48848.0 51622.0 300.0 300.0 24 62816.0 65721.0 300.0 300.0
817.8464564053261 51 51425.0 54450.0 300.0 300.0 52 71572.0 74552.0 300.0 300.0
629.4192417837335 22 24167.0 26210.0 300.0 300.0 21 41730.0 44083.0 300.0 300.0
14.524784811749125 16 30494.0 33442.0 300.0 300.0 29 48921.0 51813.0 300.0 300.0
718.0087754601722 49 25082.0 28370.0 300.0 300.0 50 46202.0 49784.0 300.0 300.0
983.4977398204783 31 32381.0 35329.0 300.0 300.0 11 52582.0 55123.0 300.0 300.0
514.5562442212513 33 24606.0 27040.0 300.0 300.0 10 40141.0 43655.0 300.0 300.0
483.48428437993175 29 24417.0 27416.0 300.0 300.0 36 39878.0 42218.0 300.0 300.0
387.8486183959896 30 18761.0 22296.0 300.0 300.0 45 39063.0 41355.0 300.0 300.0
649.255345089334 37 28329.0 30811.0 300.0 300.0 38 44973.0 47416.0 300.0 300.0
219.8586164146914 39 36375.0 38746.0 300.0 300.0 59 56180.0 59358.0 300.0 300.0
632.5452409553747 50 39642.0 42728.0 300.0 300.0 32 55910.0 59171.0 300.0 300.0
308.12432816761526 39 27975.0 30868.0 300.0 300.0 29 47484.0 49313.0 300.0 300.0
340.58649853247215 16 26277.0 28620.0 300.0 300.0 23 40366.0 42827.0 300.0 300.0
160.42664468965683 33 52049.0 54707.0 300.0 300.0 23 67871.0 70255.0 300.0 300.0
91.33105407727516 20 46551.0 49542.0 300.0 300.0 19 67528.0 70572.0 300.0 300.0
347.9129223432199 19 49559.0 51462.0 300.0 300.0 20 66711.0 69843.0 300.0 300.0
15.960015001429294 16 28920.0 30875.0 300.0 300.0 51 47894.0 50818.0 300.0 300.0
41.22473902038581 60 36714.0 39077.0 300.0 300.0 27 53959.0 57103.0 300.0 300.0
747.5404020287797 50 39480.0 41918.0 300.0 300.0 22 57309.0 59369.0 300.0 300.0
761.7526633461939 41 52046.0 55109.0 300.0 300.0 13 65923.0 68823.0 300.0 300.0
653.1356577025321 39 51134.0 54530.0 300.0 300.0 51 69033.0 72343.0 300.0 300.0
573.779237943769 59 45817.0 47676.0 300.0 300.0 57 64040.0 66018.0 300.0 300.0
518.1696441674509 47 47967.0 51547.0 300.0 300.0 15 67640.0 70633.0 300.0 300.0
994.2702944717097 38 52003.0 55250.0 300.0 300.0 30 66288.0 68770.0 300.0 300.0
958.6082353602039 37 35152.0 36992.0 300.0 300.0 35 50381.0 53092.0 300.0 300.0
361.0977611740063 14 26474.0 28677.0 300.0 300.0 60 42892.0 44827.0 300.0 300.0
810.1590400028864 60 51166.0 53398.0 300.0 300.0 19 66626.0 68960.0 300.0 300.0
67.5651230829074 38 21670.0 24432.0 300.0 300.0 53 41516.0 44538.0 300.0 300.0
575.175607331825 46 19452.0 22998.0 300.0 300.0 17 39924.0 43070.0 300.0 300.0
715.6721771418343 29 32811.0 34792.0 300.0 300.0 11 47578.0 49488.0 300.0 300.0
557.6388465230655 59 24297.0 27185.0 300.0 300.0 38 38817.0 42017.0 300.0 300.0
871.388071617831 32 35617.0 38262.0 300.0 300.0 40 52454.0 55333.0 300.0 300.0
304.2021036716227 23 53777.0 56348.0 300.0 300.0 29 70779.0 72801.0 300.0 300.0
215.46614924676334 13 51151.0 53207.0 300.0 300.0 51 64071.0 66152.0 300.0 300.0
223.92879852567117 40 47339.0 50616.0 300.0 300.0 51 65560.0 68657.0 300.0 300.0
700.5673156951776 53 23803.0 25676.0 300.0 300.0 33 37760.0 40850.0 300.0 300.0
969.4995434439874 11 39009.0 41479.0 300.0 300.0 21 57404.0 59815.0 300.0 300.0
61.57755098064621 51 38019.0 40772.0 300.0 300.0 18 56278.0 58227.0 300.0 300.0
126.17014812410632 23 34420.0 36934.0 300.0 300.0 13 48775.0 51437.0 300.0 300.0
127.29677977555443 49 22038.0 24997.0 300.0 300.0 59 39067.0 41813.0 300.0 300.0
628.8503439636568 36 49775.0 52319.0 300.0 300.0 11 63443.0 65380.0 300.0 300.0
778.8049468899558 26 46909.0 50322.0 300.0 300.0 25 66677.0 69028.0 300.0 300.0
878.9468111407491 12 33409.0 35486.0 300.0 300.0 27 50195.0 53232.0 300.0 300.0
757.8173293410681 15 30246.0 32653.0 300.0 300.0 49 49085.0 51689.0 300.0 300.0
887.0481013533504 15 41683.0 44165.0 300.0 300.0 29 57807.0 59844.0 300.0 300.0
496.63655374928874 39 50659.0 53294.0 300.0 300.0 28 70318.0 73894.0 300.0 300.0
660.4783042434356 36 51245.0 53500.0 300.0 300.0 21 71217.0 73534.0 300.0 300.0
603.6847427367348 24 20252.0 22443.0 300.0 300.0 58 37253.0 39500.0 300.0 300.0
80.93333498045219 58 22030.0 25330.0 300.0 300.0 10 36276.0 39529.0 300.0 300.0
963.2187749536398 39 47025.0 50031.0 300.0 300.0 20 67675.0 70748.0 300.0 300.0
380.94360714595575 27 37340.0 40042.0 300.0 300.0 41 51995.0 55171.0 300.0 300.0
697.2326610096834 22 22044.0 25112.0 300.0 300.0 55 36426.0 39824.0 300.0 300.0
92.25303844609489 59 32566.0 34966.0 300.0 300.0 16 47856.0 51221.0 300.0 300.0
578.6512695366085 15 25671.0 29075.0 300.0 300.0 46 45326.0 47433.0 300.0 300.0
677.2222066073954 41 29143.0 32294.0 300.0 300.0 60 48046.0 50722.0 300.0 300.0
199.00284929804502 42 44460.0 46436.0 300.0 300.0 16 63158.0 65725.0 300.0 300.0
498.27432421272164 16 27602.0 30169.0 300.0 300.0 47 45056.0 47931.0 300.0 300.0
86.4934312408937 11 47302.0 50629.0 300.0 300.0 59 63178.0 65526.0 300.0 300.0
971.8143616716734 48 50532.0 54038.0 300.0 300.0 54 71382.0 73951.0 300.0 300.0
581.8288413282645 28 33259.0 36507.0 300.0 300.0 18 48454.0 51552.0 300.0 300.0
692.934489646698 31 50242.0 53709.0 300.0 300.0 44 66911.0 69201.0 300.0 300.0
133.65728503134068 57 52045.0 55096.0 300.0 300.0 40 71051.0 73595.0 300.0 300.0
615.9299485117286 36 19181.0 22507.0 300.0 300.0 24 37518.0 39588.0 300.0 300.0
531.9234224586164 39 20311.0 23429.0 300.0 300.0 60 40134.0 42309.0 300.0 300.0
502.91077910466055 43 41970.0 44950.0 300.0 300.0 31 57581.0 59506.0 300.0 300.0
698.9002095417002 16 26433.0 29532.0 300.0 300.0 22 44328.0 46474.0 300.0 300.0
387.7112671618803 26 43411.0 46277.0 300.0 300.0 27 58334.0 61509.0 300.0 300.0
981.7343486731962 31 36340.0 38728.0 300.0 300.0 28 50607.0 52563.0 300.0 300.0
683.3450111651345 51 18077.0 21280.0 300.0 300.0 21 35522.0 38393.0 300.0 300.0
398.9203656024669 41 36476.0 40024.0 300.0 300.0 46 54685.0 57475.0 300.0 300.0
336.2819031913411 20 28223.0 30477.0 300.0 300.0 58 48395.0 51248.0 300.0 300.0
182.49675032754243 13 46232.0 49343.0 300.0 300.0 23 65540.0 68668.0 300.0 300.0
507.0597559971697 60 19591.0 23177.0 300.0 300.0 31 41096.0 43569.0 300.0 300.0
908.5961968484132 59 50312.0 53745.0 300.0 300.0 22 71395.0 73757.0 300.0 300.0
150.79061345109656 37 44341.0 46244.0 300.0 300.0 42 62260.0 64966.0 300.0 300.0
936.3248302743424 31 32345.0 35013.0 300.0 300.0 35 52963.0 55070.0 300.0 300.0
458.9543918048096 34 35396.0 37479.0 300.0 300.0 25 50958.0 53268.0 300.0 300.0
178.20137184582907 24 23813.0 26681.0 300.0 300.0 18 38376.0 41881.0 300.0 300.0
890.8451884328838 31 47049.0 49474.0 300.0 300.0 21 65990.0 68776.0 300.0 300.0
38.34921471471986 17 45590.0 47655.0 300.0 300.0 46 60186.0 63303.0 300.0 300.0
813.8706048483324 59 24148.0 27000.0 300.0 300.0 17 43712.0 46320.0 300.0 300.0
795.4644968334785 29 38253.0 41175.0 300.0 300.0 21 56047.0 58752.0 300.0 300.0
40.70834616962094 17 27460.0 29939.0 300.0 300.0 46 42117.0 45370.0 300.0 300.0
628.8209779307654 36 34229.0 36115.0 300.0 300.0 38 51986.0 54168.0 300.0 300.0
611.568931714429 33 46381.0 49812.0 300.0 300.0 27 65467.0 67714.0 300.0 300.0
724.1328822525749 37 52807.0 55120.0 300.0 300.0 29 72100.0 75637.0 300.0 300.0
444.3538627199054 47 33570.0 36889.0 300.0 300.0 29 51086.0 54340.0 300.0 300.0
523.2666292782518 30 50416.0 52714.0 300.0 300.0 38 68918.0 72304.0 300.0 300.0
246.55916596241255 54 18831.0 21606.0 300.0 300.0 22 33803.0 35609.0 300.0 300.0
753.2383015930455 59 38127.0 40248.0 300.0 300.0 50 54183.0 56397.0 300.0 300.0
741.9580706498441 14 48057.0 50786.0 300.0 300.0 35 66519.0 69343.0 300.0 300.0
675.6932920940828 32 36441.0 39817.0 300.0 300.0 24 57682.0 60911.0 300.0 300.0
563.3789815992651 43 29584.0 33085.0 300.0 300.0 36 48850.0 51624.0 300.0 300.0
312.5515427232657 51 38629.0 41650.0 300.0 300.0 30 57519.0 60830.0 300.0 300.0
460.62811414084535 46 42259.0 45062.0 300.0 300.0 30 62102.0 65537.0 300.0 300.0
735.5065220362096 59 26440.0 29913.0 300.0 300.0 22 45877.0 47792.0 300.0 300.0
989.5171120444488 28 32025.0 34350.0 300.0 300.0 52 48374.0 50424.0 300.0 300.0
849.7523201528858 17 30386.0 32720.0 300.0 300.0 15 46979.0 49757.0 300.0 300.0
913.1449953945521 57 29091.0 30995.0 300.0 300.0 50 48286.0 50371.0 300.0 300.0
183.21789567300462 56 37072.0 38987.0 300.0 300.0 43 53307.0 56084.0 300.0 300.0
848.5283901209605 49 23877.0 27331.0 300.0 300.0 39 40007.0 42620.0 300.0 300.0
723.6293925163878 25 38642.0 40671.0 300.0 300.0 24 54497.0 57491.0 300.0 300.0
528.2263179630377 11 51919.0 55430.0 300.0 300.0 26 68189.0 70365.0 300.0 300.0
773.1832944909416 41 30153.0 33015.0 300.0 300.0 45 50019.0 52944.0 300.0 300.0
574.9900330181646 50 18757.0 21864.0 300.0 300.0 12 37295.0 40438.0 300.0 300.0
545.1652994757417 46 53961.0 56035.0 300.0 300.0 23 67456.0 69377.0 300.0 300.0
174.28956621316593 26 51472.0 54783.0 300.0 300.0 50 68105.0 71432.0 300.0 300.0
973.5268473821395 11 43771.0 45964.0 300.0 300.0 47 59257.0 62151.0 300.0 300.0
100.79974935887803 49 35732.0 39027.0 300.0 300.0 15 50525.0 52885.0 300.0 300.0
94.64877595096188 25 42926.0 45166.0 300.0 300.0 18 59196.0 61733.0 300.0 300.0
445.92390210583164 37 24873.0 27335.0 300.0 300.0 14 41945.0 44741.0 300.0 300.0
774.0697463045711 25 21638.0 25173.0 300.0 300.0 38 38130.0 40311.0 300.0 300.0
198.91811808994674 39 43258.0 45246.0 300.0 300.0 50 56100.0 58063.0 300.0 300.0
357.99770526006336 20 52023.0 54249.0 300.0 300.0 25 65108.0 67078.0 300.0 300.0
758.2548289792147 13 29701.0 32506.0 300.0 300.0 34 47439.0 49906.0 300.0 300.0
632.49694462526 59 39680.0 42358.0 300.0 300.0 28 57379.0 60162.0 300.0 300.0
56.008974303427664 39 25662.0 28839.0 300.0 300.0 25 46680.0 49421.0 300.0 300.0
859.2635455596098 22 24016.0 26604.0 300.0 300.0 35 39739.0 41837.0 300.0 300.0
439.11247173290667 19 19713.0 21657.0 300.0 300.0 51 33510.0 35583.0 300.0 300.0
447.159024433735 20 33915.0 37034.0 300.0 300.0 18 50423.0 53871.0 300.0 300.0
799.5332634646107 41 49010.0 52475.0 300.0 300.0 54 67320.0 69547.0 300.0 300.0
318.82791828964906 37 32580.0 35148.0 300.0 300.0 38 49990.0 51938.0 300.0 300.0
822.390996443508 31 39492.0 42419.0 300.0 300.0 46 56662.0 59058.0 300.0 300.0
281.82060729714686 16 38610.0 40960.0 300.0 300.0 24 56244.0 58883.0 300.0 300.0
127.703352123539 23 36707.0 38553.0 300.0 300.0 44 53019.0 55899.0 300.0 300.0
738.0911585611937 10 53365.0 56815.0 300.0 300.0 29 72645.0 74500.0 300.0 300.0
628.2132290544328 57 44692.0 47539.0 300.0 300.0 58 63250.0 65966.0 300.0 300.0
123.33040370582393 21 40516.0 43359.0 300.0 300.0 12 56064.0 59151.0 300.0 300.0
582.3062888323511 24 39627.0 41834.0 300.0 300.0 58 57984.0 60163.0 300.0 300.0
301.4909167665979 35 31917.0 35281.0 300.0 300.0 28 48328.0 50326.0 300.0 300.0
666.4909664836608 23 52974.0 56219.0 300.0 300.0 42 68052.0 70633.0 300.0 300.0
227.60261642736478 57 43701.0 45554.0 300.0 300.0 15 63513.0 66355.0 300.0 300.0
364.75629170490686 55 32804.0 35113.0 300.0 300.0 45 48581.0 50818.0 300.0 300.0
995.4790205498948 29 48992.0 52459.0 300.0 300.0 16 65522.0 67941.0 300.0 300.0
120.19814700973552 12 31886.0 35050.0 300.0 300.0 38 52271.0 54991.0 300.0 300.0
602.4629055907108 22 24029.0 27257.0 300.0 300.0 20 38591.0 41227.0 300.0 300.0
924.8378302622745 49 26935.0 28813.0 300.0 300.0 37 40132.0 42025.0 300.0 300.0
571.6231207620556 60 25832.0 28653.0 300.0 300.0 33 44727.0 46737.0 300.0 300.0
353.15070680868996 21 42083.0 44572.0 300.0 300.0 58 60712.0 63857.0 300.0 300.0
887.8265598204117 49 20798.0 24211.0 300.0 300.0 13 41632.0 44339.0 300.0 300.0
849.4529464540802 16 31916.0 34751.0 300.0 300.0 35 47245.0 50343.0 300.0 300.0
427.28882145308364 27 23814.0 25996.0 300.0 300.0 32 40546.0 42676.0 300.0 300.0
344.3129999763438 42 33227.0 36547.0 300.0 300.0 55 50095.0 53653.0 300.0 300.0
324.3404378217071 11 37365.0 39179.0 300.0 300.0 46 53895.0 57360.0 300.0 300.0
845.2870769096526 41 47608.0 51167.0 300.0 300.0 24 63282.0 65379.0 300.0 300.0
142.39734686542184 18 50681.0 53882.0 300.0 300.0 28 68555.0 72084.0 300.0 300.0
476.6282162464356 18 51768.0 55302.0 300.0 300.0 16 69175.0 71795.0 300.0 300.0
651.0344829441092 41 42773.0 46363.0 300.0 300.0 33 60302.0 63832.0 300.0 300.0
844.660320844632 43 47764.0 50014.0 300.0 300.0 31 66548.0 68534.0 300.0 300.0
794.5427317449067 10 21144.0 24644.0 300.0 300.0 46 36684.0 39067.0 300.0 300.0
503.09558351620666 10 28525.0 30907.0 300.0 300.0 48 47224.0 49549.0 300.0 300.0
640.6921412447722 13 22451.0 25839.0 300.0 300.0 43 42413.0 45274.0 300.0 300.0
467.93161369848826 23 18723.0 20679.0 300.0 300.0 31 37003.0 39910.0 300.0 300.0
777.2912138903721 14 49200.0 52069.0 300.0 300.0 52 67676.0 70599.0 300.0 300.0
76.2947168622039 37 33595.0 35527.0 300.0 300.0 24 48639.0 51935.0 300.0 300.0
568.5639473979677 42 50032.0 52151.0 300.0 300.0 28 64048.0 67145.0 300.0 300.0
248.67551961042145 35 47040.0 49164.0 300.0 300.0 48 64168.0 66138.0 300.0 300.0
667.7752561220045 17 48835.0 51733.0 300.0 300.0 36 69705.0 71641.0 300.0 300.0
259.78333806366817 38 40566.0 42665.0 300.0 300.0 40 57613.0 61143.0 300.0 300.0
215.71176811074344 15 24104.0 27330.0 300.0 300.0 33 45305.0 47616.0 300.0 300.0
169.45260444175736 52 39583.0 42434.0 300.0 300.0 45 55010.0 57300.0 300.0 300.0
729.7331041805552 59 45092.0 47486.0 300.0 300.0 55 59197.0 61205.0 300.0 300.0
940.7717795858041 28 31386.0 33517.0 300.0 300.0 47 51294.0 53775.0 300.0 300.0
32.68571954191013 34 49444.0 51416.0 300.0 300.0 43 68636.0 72106.0 300.0 300.0
166.34602573366598 47 29946.0 33282.0 300.0 300.0 49 47710.0 50455.0 300.0 300.0
896.9341730440343 35 44557.0 47471.0 300.0 300.0 14 63842.0 66900.0 300.0 300.0
33.20359680727669 15 37435.0 39346.0 300.0 300.0 22 53117.0 55181.0 300.0 300.0
832.3997856401959 16 41820.0 45100.0 300.0 300.0 46 58171.0 61429.0 300.0 300.0
339.538555209177 57 28188.0 30036.0 300.0 300.0 36 42470.0 45995.0 300.0 300.0
559.4693715506058 50 35368.0 38238.0 300.0 300.0 23 50124.0 53506.0 300.0 300.0
798.8485218831146 59 23481.0 26880.0 300.0 300.0 28 44000.0 46465.0 300.0 300.0
842.9861500560546 31 34915.0 38158.0 300.0 300.0 57 54362.0 56482.0 300.0 300.0
655.0556586822538 55 26917.0 29031.0 300.0 300.0 30 41894.0 45059.0 300.0 300.0
171.67484163314927 51 21695.0 24599.0 300.0 300.0 47 42023.0 44409.0 300.0 300.0
521.2408142310497 42 47126.0 49913.0 300.0 300.0 28 61387.0 64206.0 300.0 300.0
132.07208122976044 47 31204.0 34149.0 300.0 300.0 59 45170.0 47164.0 300.0 300.0
939.4019743612497 48 37685.0 41279.0 300.0 300.0 14 52409.0 56008.0 300.0 300.0
615.4963863152761 36 42417.0 44496.0 300.0 300.0 15 58272.0 61452.0 300.0 300.0
143.27196175116364 50 31243.0 33530.0 300.0 300.0 58 44459.0 46684.0 300.0 300.0
313.33805560781036 25 37858.0 40707.0 300.0 300.0 33 54061.0 57588.0 300.0 300.0
954.1701064945969 32 29404.0 31310.0 300.0 300.0 51 44085.0 46871.0 300.0 300.0
386.89107336710873 46 50342.0 53464.0 300.0 300.0 59 66464.0 69276.0 300.0 300.0
323.9738838085614 29 18589.0 20730.0 300.0 300.0 47 37206.0 39565.0 300.0 300.0
64.3787172603506 38 35774.0 37618.0 300.0 300.0 32 51810.0 54861.0 300.0 300.0
291.80207220188845 11 51188.0 53801.0 300.0 300.0 32 71610.0 74901.0 300.0 300.0
25.401354311482493 60 20803.0 24350.0 300.0 300.0 27 36837.0 40240.0 300.0 300.0
683.5049720466604 44 32411.0 35544.0 300.0 300.0 37 49256.0 52014.0 300.0 300.0
321.80353009763576 53 40777.0 44350.0 300.0 300.0 30 57569.0 59975.0 300.0 300.0
