50 1000
5000.0 7 14400.0 79200.0
10000.0 5 14400.0 79200.0
7000.0 2 14400.0 79200.0
10000.0 5 14400.0 79200.0
10000.0 5 14400.0 79200.0
7000.0 0 14400.0 79200.0
2000.0 1 14400.0 79200.0
10000.0 2 14400.0 79200.0
7000.0 7 14400.0 79200.0
2000.0 7 14400.0 79200.0
2000.0 0 14400.0 79200.0
7000.0 8 14400.0 79200.0
7000.0 8 14400.0 79200.0
2000.0 0 14400.0 79200.0
2000.0 1 14400.0 79200.0
5000.0 2 14400.0 79200.0
5000.0 4 14400.0 79200.0
5000.0 4 14400.0 79200.0
5000.0 6 14400.0 79200.0
2000.0 6 14400.0 79200.0
5000.0 4 14400.0 79200.0
7000.0 0 14400.0 79200.0
10000.0 6 14400.0 79200.0
5000.0 3 14400.0 79200.0
5000.0 3 14400.0 79200.0
5000.0 6 14400.0 79200.0
7000.0 8 14400.0 79200.0
5000.0 6 14400.0 79200.0
7000.0 5 14400.0 79200.0
10000.0 7 14400.0 79200.0
2000.0 6 14400.0 79200.0
5000.0 1 14400.0 79200.0
5000.0 6 14400.0 79200.0
10000.0 0 14400.0 79200.0
10000.0 5 14400.0 79200.0
2000.0 0 14400.0 79200.0
5000.0 2 14400.0 79200.0
2000.0 5 14400.0 79200.0
2000.0 2 14400.0 79200.0
5000.0 8 14400.0 79200.0
2000.0 1 14400.0 79200.0
7000.0 1 14400.0 79200.0
2000.0 5 14400.0 79200.0
7000.0 7 14400.0 79200.0
5000.0 6 14400.0 79200.0
7000.0 5 14400.0 79200.0
7000.0 7 14400.0 79200.0
5000.0 9 14400.0 79200.0
7000.0 1 14400.0 79200.0
7000.0 1 14400.0 79200.0
302.64241555799543 35 35464.0 37379.0 300.0 300.0 26 51192.0 53240.0 300.0 300.0
453.5224972313556 56 36470.0 39158.0 300.0 300.0 14 50667.0 52719.0 300.0 300.0
390.1422936965506 42 23571.0 26658.0 300.0 300.0 40 40938.0 44040.0 300.0 300.0
15.790578519376153 27 23636.0 26268.0 300.0 300.0 19 42271.0 44855.0 300.0 300.0
73.14316991339776 38 36547.0 38390.0 300.0 300.0 25 54060.0 56519.0 300.0 300.0
557.031910482369 47 40591.0 43653.0 300.0 300.0 25 55590.0 58475.0 300.0 300.0
232.7245615073812 29 42604.0 45362.0 300.0 300.0 35 59120.0 61581.0 300.0 300.0
414.97758527492215 20 52086.0 55167.0 300.0 300.0 42 72554.0 74691.0 300.0 300.0
655.2621950608702 37 45443.0 48994.0 300.0 300.0 16 64658.0 68106.0 300.0 300.0
674.2166358925923 41 27782.0 31360.0 300.0 300.0 24 43627.0 45958.0 300.0 300.0
150.6192201058568 11 39227.0 41102.0 300.0 300.0 53 55426.0 57561.0 300.0 300.0
130.66508253967692 53 22858.0 26240.0 300.0 300.0 15 38812.0 41916.0 300.0 300.0
860.954468811656 20 37540.0 39654.0 300.0 300.0 42 54859.0 57789.0 300.0 300.0
934.6020251528765 42 45807.0 48814.0 300.0 300.0 47 64382.0 67018.0 300.0 300.0
428.5912719682655 26 20427.0 23667.0 300.0 300.0 25 38923.0 41321.0 300.0 300.0
742.621150870688 19 33867.0 36748.0 300.0 300.0 48 52303.0 55868.0 300.0 300.0
200.73243957671983 14 29159.0 32021.0 300.0 300.0 44 48431.0 51292.0 300.0 300.0
237.32325907958284 13 18860.0 21364.0 300.0 300.0 59 33730.0 35604.0 300.0 300.0
733.7717812441188 54 22459.0 24682.0 300.0 300.0 50 42285.0 45880.0 300.0 300.0
323.8660448304939 30 41688.0 44701.0 300.0 300.0 17 57437.0 59749.0 300.0 300.0
271.51660473251246 10 44759.0 46633.0 300.0 300.0 17 63665.0 65979.0 300.0 300.0
459.00561173850997 13 51218.0 54631.0 300.0 300.0 49 71379.0 74770.0 300.0 300.0
970.1495661475594 25 50126.0 52691.0 300.0 300.0 41 63783.0 67311.0 300.0 300.0
919.800798363916 59 42739.0 46088.0 300.0 300.0 21 59925.0 61829.0 300.0 300.0
647.951110077201 27 51781.0 54914.0 300.0 300.0 49 71935.0 74897.0 300.0 300.0
368.8675655460241 42 37292.0 39813.0 300.0 300.0 37 56217.0 59770.0 300.0 300.0
78.77306233210047 52 43023.0 45403.0 300.0 300.0 58 59384.0 61348.0 300.0 300.0
548.5082820880372 51 49897.0 52037.0 300.0 300.0 26 68798.0 70997.0 300.0 300.0
13.481299193859542 14 36784.0 39203.0 300.0 300.0 15 57118.0 60554.0 300.0 300.0
49.112157611170936 39 26473.0 29692.0 300.0 300.0 53 42961.0 44970.0 300.0 300.0
500.91693831090487 25 43130.0 46572.0 300.0 300.0 22 58399.0 61252.0 300.0 300.0
794.2177787595857 45 25963.0 28803.0 300.0 300.0 24 42387.0 44393.0 300.0 300.0
846.593084213526 55 37692.0 40527.0 300.0 300.0 56 53275.0 55081.0 300.0 300.0
596.2106581270937 11 30176.0 32931.0 300.0 300.0 49 47122.0 49950.0 300.0 300.0
959.9449312399024 35 23218.0 25392.0 300.0 300.0 50 41980.0 45079.0 300.0 300.0
27.838091669688314 60 44813.0 47197.0 300.0 300.0 17 63963.0 66565.0 300.0 300.0
525.4642936871322 49 36984.0 39804.0 300.0 300.0 57 56359.0 59288.0 300.0 300.0
74.97178726650644 48 47344.0 49595.0 300.0 300.0 56 61888.0 65227.0 300.0 300.0
624.8262020506753 10 27510.0 29373.0 300.0 300.0 38 40624.0 42734.0 300.0 300.0
969.1283033355808 46 24428.0 27374.0 300.0 300.0 59 41171.0 44738.0 300.0 300.0
230.88056230388443 51 51606.0 54099.0 300.0 300.0 33 70480.0 73065.0 300.0 300.0
112.32933169706382 45 31454.0 33981.0 300.0 300.0 10 50795.0 53950.0 300.0 300.0
594.2400397190339 51 18892.0 21400.0 300.0 300.0 33 35216.0 37572.0 300.0 300.0
704.48920098452 60 49134.0 51081.0 300.0 300.0 13 67737.0 70176.0 300.0 300.0
512.619731790837 48 51134.0 54282.0 300.0 300.0 38 70693.0 73682.0 300.0 300.0
151.5688115200924 58 42674.0 45437.0 300.0 300.0 53 59026.0 61464.0 300.0 300.0
984.9294438083527 24 52697.0 55703.0 300.0 300.0 46 71871.0 74840.0 300.0 300.0
392.52275150905444 18 19499.0 21989.0 300.0 300.0 10 38765.0 41409.0 300.0 300.0
838.6097583429441 30 52398.0 55468.0 300.0 300.0 48 72143.0 74208.0 300.0 300.0
240.25452662075165 48 43338.0 45235.0 300.0 300.0 46 63045.0 66035.0 300.0 300.0
721.4411115778909 19 29656.0 31948.0 300.0 300.0 22 46290.0 48913.0 300.0 300.0
726.4208434372016 16 29245.0 32156.0 300.0 300.0 31 43301.0 46177.0 300.0 300.0
869.0177214169049 46 32309.0 34131.0 300.0 300.0 10 50911.0 53003.0 300.0 300.0
296.40593253593164 39 51278.0 53794.0 300.0 300.0 52 67621.0 69433.0 300.0 300.0
406.61607137240054 35 44116.0 46220.0 300.0 300.0 52 58171.0 61047.0 300.0 300.0
777.9085918663266 37 29357.0 31832.0 300.0 300.0 44 45227.0 47621.0 300.0 300.0
589.0277975714064 26 51031.0 53121.0 300.0 300.0 58 67677.0 70192.0 300.0 300.0
87.51222441612127 22 19812.0 23173.0 300.0 300.0 58 40961.0 43153.0 300.0 300.0
403.1711310708459 36 37951.0 40665.0 300.0 300.0 58 55758.0 57741.0 300.0 300.0
121.88169014515793 46 52267.0 54082.0 300.0 300.0 42 66313.0 68187.0 300.0 300.0
794.4189335352667 16 52933.0 55463.0 300.0 300.0 36 68700.0 71253.0 300.0 300.0
665.762801310845 53 49298.0 51623.0 300.0 300.0 41 64393.0 66335.0 300.0 300.0
476.4387140455082 10 23824.0 27305.0 300.0 300.0 59 38727.0 41254.0 300.0 300.0
134.04121682539937 16 21559.0 24292.0 300.0 300.0 52 40032.0 42875.0 300.0 300.0
753.1534329444985 15 28930.0 32123.0 300.0 300.0 46 47266.0 49662.0 300.0 300.0
730.4104021578739 21 25205.0 27051.0 300.0 300.0 41 42107.0 44390.0 300.0 300.0
36.80843592663629 54 49546.0 51825.0 300.0 300.0 25 63624.0 67216.0 300.0 300.0
65.74344487994155 36 37064.0 39140.0 300.0 300.0 15 50894.0 53267.0 300.0 300.0
164.0398739299188 53 44817.0 48267.0 300.0 300.0 45 64258.0 67246.0 300.0 300.0
334.4725385566514 51 37482.0 40350.0 300.0 300.0 30 51566.0 54316.0 300.0 300.0
177.64088391199527 41 42273.0 44237.0 300.0 300.0 24 56685.0 58854.0 300.0 300.0
930.9462543755388 35 45560.0 47633.0 300.0 300.0 37 59814.0 62821.0 300.0 300.0
800.1352859705434 29 26161.0 29219.0 300.0 300.0 14 43013.0 45571.0 300.0 300.0
518.0162470224332 23 37805.0 40647.0 300.0 300.0 22 58438.0 60891.0 300.0 300.0
330.40033573683417 32 25091.0 27556.0 300.0 300.0 36 42771.0 44592.0 300.0 300.0
389.5478091009413 11 47455.0 50147.0 300.0 300.0 40 65361.0 68183.0 300.0 300.0
459.90258747432813 24 25064.0 28190.0 300.0 300.0 14 45425.0 47297.0 300.0 300.0
834.060161472872 10 42881.0 44882.0 300.0 300.0 36 58823.0 60771.0 300.0 300.0
453.4799537335764 57 39309.0 41852.0 300.0 300.0 47 57258.0 59458.0 300.0 300.0
679.5771177787548 21 25920.0 29321.0 300.0 300.0 15 46310.0 48599.0 300.0 300.0
53.24158933693568 15 25777.0 28657.0 300.0 300.0 45 44866.0 46955.0 300.0 300.0
335.6666440071334 39 29504.0 32231.0 300.0 300.0 51 44944.0 47640.0 300.0 300.0
234.66902916208576 11 33335.0 36213.0 300.0 300.0 14 52492.0 56028.0 300.0 300.0
237.61054257600333 18 32858.0 35552.0 300.0 300.0 52 53007.0 55256.0 300.0 300.0
822.3627071509277 23 42700.0 44700.0 300.0 300.0 11 57955.0 60703.0 300.0 300.0
414.0864602966311 32 22441.0 24916.0 300.0 300.0 17 41599.0 43442.0 300.0 300.0
819.4393683548536 44 41511.0 44925.0 300.0 300.0 33 60832.0 63196.0 300.0 300.0
952.4515727444636 44 33942.0 36248.0 300.0 300.0 34 50228.0 53182.0 300.0 300.0
839.0748015185384 55 25686.0 27724.0 300.0 300.0 15 39735.0 43198.0 300.0 300.0
917.8564884013076 27 25462.0 28069.0 300.0 300.0 56 42259.0 44714.0 300.0 300.0
78.20338852284337 19 29617.0 32684.0 300.0 300.0 28 43571.0 47031.0 300.0 300.0
21.52648291927872 59 18605.0 20506.0 300.0 300.0 30 36307.0 38358.0 300.0 300.0
30.409346532230263 13 25874.0 28364.0 300.0 300.0 27 44343.0 47521.0 300.0 300.0
241.54139378235996 27 24983.0 27577.0 300.0 300.0 55 43184.0 45627.0 300.0 300.0
395.4237420042865 39 31982.0 34950.0 300.0 300.0 24 47288.0 50611.0 300.0 300.0
122.6110457092624 29 28473.0 31334.0 300.0 300.0 52 44434.0 47759.0 300.0 300.0
63.60534645731397 56 50414.0 52651.0 300.0 300.0 36 70067.0 72119.0 300.0 300.0
550.3479179984676 28 36769.0 40012.0 300.0 300.0 19 57145.0 60587.0 300.0 300.0
401.9308248165286 44 40234.0 43628.0 300.0 300.0 25 60381.0 62579.0 300.0 300.0
75.4190781775197 24 29152.0 31487.0 300.0 300.0 10 45543.0 48961.0 300.0 300.0
469.3308150035356 13 42512.0 44395.0 300.0 300.0 52 56528.0 58625.0 300.0 300.0
3.130361233458112 14 41045.0 43250.0 300.0 300.0 59 57975.0 60298.0 300.0 300.0
979.0305870086519 26 25698.0 29256.0 300.0 300.0 24 41255.0 43459.0 300.0 300.0
348.24637077671304 30 45588.0 47856.0 300.0 300.0 15 63689.0 66079.0 300.0 300.0
398.61769204600694 21 44100.0 46370.0 300.0 300.0 12 62796.0 64921.0 300.0 300.0
751.344621746503 54 20094.0 22964.0 300.0 300.0 48 40200.0 42542.0 300.0 300.0
238.96240684708036 60 30299.0 33521.0 300.0 300.0 37 50131.0 53107.0 300.0 300.0
664.2783926526885 49 44436.0 46976.0 300.0 300.0 29 62733.0 65987.0 300.0 300.0
394.339721499987 17 20253.0 23711.0 300.0 300.0 58 40787.0 43941.0 300.0 300.0
625.2972786774894 25 23079.0 25955.0 300.0 300.0 17 41631.0 43835.0 300.0 300.0
30.992452966615126 50 28533.0 31850.0 300.0 300.0 31 46054.0 49041.0 300.0 300.0
580.3339895217093 47 25918.0 29288.0 300.0 300.0 41 40436.0 43191.0 300.0 300.0
512.1629236471472 40 27103.0 30683.0 300.0 300.0 13 44043.0 46958.0 300.0 300.0
771.5748935197975 26 27298.0 29491.0 300.0 300.0 20 41375.0 44131.0 300.0 300.0
835.9054251570847 16 37705.0 39996.0 300.0 300.0 52 55854.0 58606.0 300.0 300.0
247.73123694964616 38 46598.0 49276.0 300.0 300.0 33 63348.0 66171.0 300.0 300.0
48.75139388388583 42 32562.0 35758.0 300.0 300.0 21 48037.0 50844.0 300.0 300.0
76.82850971106348 43 27485.0 30615.0 300.0 300.0 50 42778.0 45777.0 300.0 300.0
693.8833038558098 24 35057.0 37004.0 300.0 300.0 26 52329.0 54168.0 300.0 300.0
620.6259361358734 44 25330.0 28298.0 300.0 300.0 23 45750.0 48714.0 300.0 300.0
26.61137655747947 39 43569.0 45822.0 300.0 300.0 55 61173.0 64345.0 300.0 300.0
3.1268650038697166 30 33009.0 36269.0 300.0 300.0 31 48372.0 50744.0 300.0 300.0
61.73699913153219 46 48794.0 51453.0 300.0 300.0 21 67150.0 70021.0 300.0 300.0
151.58706206182015 24 43307.0 46056.0 300.0 300.0 46 62399.0 64686.0 300.0 300.0
445.3091722844403 33 34845.0 38428.0 300.0 300.0 17 56375.0 59224.0 300.0 300.0
468.8806919868859 33 42962.0 45671.0 300.0 300.0 41 58717.0 61907.0 300.0 300.0
215.18272585453335 51 49227.0 51083.0 300.0 300.0 12 68826.0 72203.0 300.0 300.0
507.337674272622 40 51714.0 54986.0 300.0 300.0 59 70061.0 73048.0 300.0 300.0
137.8991334717974 19 48324.0 51266.0 300.0 300.0 20 68491.0 71363.0 300.0 300.0
636.8802792804329 30 53125.0 55128.0 300.0 300.0 11 66401.0 68250.0 300.0 300.0
0.3322846640525512 25 36340.0 38141.0 300.0 300.0 46 52372.0 54199.0 300.0 300.0
49.50370806787519 39 34938.0 36817.0 300.0 300.0 38 50305.0 53739.0 300.0 300.0
869.2504811741154 54 31450.0 33438.0 300.0 300.0 52 47546.0 50391.0 300.0 300.0
917.2769196510628 43 50670.0 53900.0 300.0 300.0 18 65867.0 68455.0 300.0 300.0
395.7918157041984 33 49076.0 51749.0 300.0 300.0 26 63825.0 65661.0 300.0 300.0
755.8774533444733 41 39591.0 42102.0 300.0 300.0 46 53674.0 55887.0 300.0 300.0
79.56210731848246 58 34440.0 36896.0 300.0 300.0 50 49477.0 52303.0 300.0 300.0
158.3779634320007 11 24246.0 27683.0 300.0 300.0 37 44259.0 47352.0 300.0 300.0
472.7415587575029 24 49472.0 51568.0 300.0 300.0 18 64594.0 67964.0 300.0 300.0
907.1162374703513 15 45805.0 49362.0 300.0 300.0 47 64386.0 66291.0 300.0 300.0
411.7073949659518 60 43403.0 45802.0 300.0 300.0 58 61499.0 63736.0 300.0 300.0
881.9147175839156 50 42671.0 44780.0 300.0 300.0 55 62329.0 64342.0 300.0 300.0
935.094483954677 24 41508.0 43508.0 300.0 300.0 38 55377.0 57424.0 300.0 300.0
231.96091535510922 18 51302.0 53444.0 300.0 300.0 57 69377.0 71428.0 300.0 300.0
865.1514335643395 24 27856.0 30638.0 300.0 300.0 29 44145.0 47481.0 300.0 300.0
521.9810115766429 17 39010.0 41615.0 300.0 300.0 30 54921.0 57814.0 300.0 300.0
485.3091349527322 58 38121.0 41158.0 300.0 300.0 53 56724.0 60184.0 300.0 300.0
290.9731896184531 43 24725.0 27980.0 300.0 300.0 14 41117.0 44001.0 300.0 300.0
92.03535603686319 42 47738.0 50248.0 300.0 300.0 35 61599.0 64321.0 300.0 300.0
948.1294556391036 27 22156.0 24364.0 300.0 300.0 35 39576.0 42864.0 300.0 300.0
793.6578813576464 46 38312.0 41452.0 300.0 300.0 39 54359.0 56849.0 300.0 300.0
684.4545678647002 24 46484.0 48459.0 300.0 300.0 42 64871.0 67236.0 300.0 300.0
992.623989218576 34 52386.0 54595.0 300.0 300.0 12 67337.0 70877.0 300.0 300.0
93.15157425949816 55 29318.0 31909.0 300.0 300.0 27 46704.0 49428.0 300.0 300.0
849.7287957393336 38 39625.0 41893.0 300.0 300.0 43 55006.0 57791.0 300.0 300.0
194.62352349885947 14 41104.0 43093.0 300.0 300.0 25 57686.0 60562.0 300.0 300.0
377.6639611269533 51 32284.0 34520.0 300.0 300.0 45 51965.0 53898.0 300.0 300.0
264.85715282437394 21 53921.0 56506.0 300.0 300.0 53 70751.0 74314.0 300.0 300.0
944.6658690145899 50 45499.0 47675.0 300.0 300.0 56 65191.0 67023.0 300.0 300.0
215.29229375525983 29 46591.0 50159.0 300.0 300.0 43 65413.0 68377.0 300.0 300.0
44.301889293386296 51 33495.0 35307.0 300.0 300.0 11 46414.0 49937.0 300.0 300.0
698.7066472134593 29 50441.0 53179.0 300.0 300.0 56 67287.0 69249.0 300.0 300.0
471.12861388581683 23 32082.0 35380.0 300.0 300.0 15 48189.0 50236.0 300.0 300.0
784.1981755548023 52 23816.0 27212.0 300.0 300.0 26 41875.0 44912.0 300.0 300.0
160.06330365651002 22 30767.0 33524.0 300.0 300.0 47 44603.0 46953.0 300.0 300.0
104.44043137744441 38 46589.0 49302.0 300.0 300.0 17 60908.0 62759.0 300.0 300.0
135.1789648730788 18 23081.0 25885.0 300.0 300.0 26 39935.0 42454.0 300.0 300.0
213.80810361260782 34 18182.0 21267.0 300.0 300.0 55 38301.0 40349.0 300.0 300.0
365.99426386092995 35 50193.0 52241.0 300.0 300.0 16 63872.0 66576.0 300.0 300.0
374.8868969766669 48 23976.0 26306.0 300.0 300.0 18 41752.0 45180.0 300.0 300.0
50.27957317153231 39 28072.0 30966.0 300.0 300.0 40 44484.0 46926.0 300.0 300.0
715.8302076224415 40 27086.0 29833.0 300.0 300.0 38 42131.0 45103.0 300.0 300.0
495.4200337798771 57 48085.0 51546.0 300.0 300.0 49 63093.0 65253.0 300.0 300.0
258.921101293761 51 37060.0 39684.0 300.0 300.0 28 54949.0 56866.0 300.0 300.0
528.3147989366963 38 33389.0 36811.0 300.0 300.0 31 49118.0 52625.0 300.0 300.0
532.8292045341573 33 31709.0 33800.0 300.0 300.0 17 46903.0 48856.0 300.0 300.0
258.8757550600289 29 21407.0 23851.0 300.0 300.0 43 37052.0 39928.0 300.0 300.0
653.0841771495503 32 38656.0 41036.0 300.0 300.0 48 56436.0 59445.0 300.0 300.0
196.02128514087292 33 19355.0 21237.0 300.0 300.0 28 37908.0 39730.0 300.0 300.0
927.256853246596 25 36625.0 38615.0 300.0 300.0 55 54920.0 58502.0 300.0 300.0
668.6164523545066 19 46615.0 49409.0 300.0 300.0 38 62217.0 64111.0 300.0 300.0
237.66345563460277 15 28669.0 32138.0 300.0 300.0 31 44697.0 47985.0 300.0 300.0
347.442725849068 13 49045.0 51235.0 300.0 300.0 10 65491.0 68937.0 300.0 300.0
933.8731946761346 51 37553.0 39730.0 300.0 300.0 24 53341.0 55737.0 300.0 300.0
367.71477642205264 56 46191.0 49612.0 300.0 300.0 32 66342.0 69482.0 300.0 300.0
473.0714673052463 50 48982.0 52024.0 300.0 300.0 46 66841.0 69011.0 300.0 300.0
193.9988919871194 30 40149.0 42650.0 300.0 300.0 25 59828.0 62502.0 300.0 300.0
55.94751942124188 17 30236.0 32789.0 300.0 300.0 41 48556.0 51504.0 300.0 300.0
389.106584577557 52 29419.0 31687.0 300.0 300.0 50 42972.0 46434.0 300.0 300.0
481.1518689309824 20 27539.0 30173.0 300.0 300.0 35 45782.0 48998.0 300.0 300.0
893.4863664470403 41 52708.0 55916.0 300.0 300.0 21 73179.0 75044.0 300.0 300.0
78.79286875358093 37 50021.0 51995.0 300.0 300.0 53 66847.0 70085.0 300.0 300.0
199.0459366164158 31 34134.0 36668.0 300.0 300.0 17 52170.0 55357.0 300.0 300.0
63.57895539135849 32 52673.0 54501.0 300.0 300.0 14 68717.0 72112.0 300.0 300.0
927.8046682532932 55 49608.0 52301.0 300.0 300.0 44 67187.0 70713.0 300.0 300.0
886.1014468976124 57 44147.0 46016.0 300.0 300.0 54 58085.0 60249.0 300.0 300.0
177.28307845956016 56 49192.0 51762.0 300.0 300.0 25 66854.0 68975.0 300.0 300.0
55.80636922988358 23 30622.0 33831.0 300.0 300.0 42 49042.0 51333.0 300.0 300.0
556.4277641963718 21 25680.0 27774.0 300.0 300.0 47 39729.0 42303.0 300.0 300.0
595.2125853677742 50 27061.0 30022.0 300.0 300.0 48 44605.0 47894.0 300.0 300.0
952.8797668427011 17 43324.0 46387.0 300.0 300.0 22 61479.0 64539.0 300.0 300.0
380.0602117037284 21 36907.0 38748.0 300.0 300.0 11 51042.0 54127.0 300.0 300.0
698.6181953905435 24 27096.0 30695.0 300.0 300.0 18 47561.0 50929.0 300.0 300.0
476.8587955326655 39 41286.0 43366.0 300.0 300.0 45 60705.0 63101.0 300.0 300.0
249.92855351255784 17 52832.0 55525.0 300.0 300.0 51 71775.0 74649.0 300.0 300.0
544.6601858802172 54 51893.0 54141.0 300.0 300.0 37 69045.0 72248.0 300.0 300.0
692.1069057532383 19 43502.0 46877.0 300.0 300.0 41 64806.0 67162.0 300.0 300.0
993.0999123424202 59 38412.0 40536.0 300.0 300.0 39 57579.0 59450.0 300.0 300.0
101.54399750764188 10 52229.0 55183.0 300.0 300.0 14 70068.0 72440.0 300.0 300.0
939.4918995986956 20 36348.0 38234.0 300.0 300.0 51 52722.0 54977.0 300.0 300.0
939.438778323627 58 34877.0 36830.0 300.0 300.0 41 53802.0 56226.0 300.0 300.0
874.0686864574006 28 34743.0 36719.0 300.0 300.0 52 49033.0 50985.0 300.0 300.0
463.3450585577158 52 20474.0 23204.0 300.0 300.0 39 40380.0 43740.0 300.0 300.0
98.7426083289098 35 30199.0 32117.0 300.0 300.0 13 48324.0 51796.0 300.0 300.0
485.4105672363992 14 21642.0 23696.0 300.0 300.0 31 38747.0 41191.0 300.0 300.0
459.8161805682843 27 27932.0 30103.0 300.0 300.0 57 44448.0 47611.0 300.0 300.0
399.24988849242715 40 24855.0 27586.0 300.0 300.0 20 42207.0 44612.0 300.0 300.0
142.05096357393953 32 42936.0 44931.0 300.0 300.0 21 62050.0 63880.0 300.0 300.0
70.00397061342566 22 47828.0 50335.0 300.0 300.0 16 63314.0 66101.0 300.0 300.0
557.9583028139176 51 28645.0 31773.0 300.0 300.0 23 48570.0 51160.0 300.0 300.0
122.75562910826565 12 38859.0 41243.0 300.0 300.0 20 58629.0 61262.0 300.0 300.0
864.0115231029539 34 47242.0 50722.0 300.0 300.0 30 65830.0 68967.0 300.0 300.0
170.94390017719797 31 31385.0 33898.0 300.0 300.0 56 45432.0 48783.0 300.0 300.0
810.989968011419 53 32837.0 34894.0 300.0 300.0 25 46858.0 48987.0 300.0 300.0
255.9772849538543 41 21536.0 24611.0 300.0 300.0 34 42204.0 44562.0 300.0 300.0
419.51303045702224 24 20433.0 22939.0 300.0 300.0 55 36615.0 38631.0 300.0 300.0
988.4877507061906 35 42781.0 46100.0 300.0 300.0 41 61442.0 63542.0 300.0 300.0
29.046528686632712 59 31693.0 33845.0 300.0 300.0 49 51183.0 53503.0 300.0 300.0
716.571506375234 22 29887.0 31988.0 300.0 300.0 46 44128.0 46284.0 300.0 300.0
248.67862897171045 28 33176.0 35261.0 300.0 300.0 51 49298.0 51418.0 300.0 300.0
232.27877088630956 19 27027.0 29613.0 300.0 300.0 49 46164.0 49644.0 300.0 300.0
124.55686871317506 17 39583.0 42607.0 300.0 300.0 40 59208.0 62571.0 300.0 300.0
659.2724766595014 43 44722.0 47527.0 300.0 300.0 16 58635.0 61702.0 300.0 300.0
800.2157929683723 46 33693.0 36036.0 300.0 300.0 11 50031.0 52260.0 300.0 300.0
946.072461728617 20 21103.0 23625.0 300.0 300.0 50 41487.0 44232.0 300.0 300.0
184.64598210739004 22 47576.0 50367.0 300.0 300.0 33 67271.0 70081.0 300.0 300.0
884.118866790778 38 52225.0 55621.0 300.0 300.0 27 68943.0 72498.0 300.0 300.0
745.7718241251602 10 18307.0 20952.0 300.0 300.0 60 33121.0 35093.0 300.0 300.0
450.8724683700831 32 30496.0 32951.0 300.0 300.0 23 43929.0 46472.0 300.0 300.0
835.3096801958607 21 33131.0 35944.0 300.0 300.0 18 50463.0 52631.0 300.0 300.0
77.55222732663891 28 38115.0 41168.0 300.0 300.0 27 55800.0 58993.0 300.0 300.0
730.4310294414424 37 43664.0 46211.0 300.0 300.0 19 57463.0 59616.0 300.0 300.0
800.4877518446351 22 43134.0 45026.0 300.0 300.0 30 62560.0 66148.0 300.0 300.0
388.29719743136104 38 27515.0 30152.0 300.0 300.0 18 42514.0 44903.0 300.0 300.0
175.41872095413558 44 50821.0 54396.0 300.0 300.0 52 65516.0 68241.0 300.0 300.0
275.77778771413597 51 18382.0 20238.0 300.0 300.0 43 38152.0 40138.0 300.0 300.0
925.7506231720386 30 28506.0 31627.0 300.0 300.0 33 43234.0 45568.0 300.0 300.0
317.30253546559163 31 49321.0 52678.0 300.0 300.0 16 66134.0 69609.0 300.0 300.0
28.507999810987283 10 34525.0 36776.0 300.0 300.0 26 51040.0 53108.0 300.0 300.0
241.98905131852055 40 44082.0 47661.0 300.0 300.0 10 61215.0 64336.0 300.0 300.0
894.610798996374 36 38075.0 40828.0 300.0 300.0 33 55070.0 58126.0 300.0 300.0
384.47862669895585 26 31154.0 34631.0 300.0 300.0 44 51576.0 53418.0 300.0 300.0
411.6138830490718 49 26182.0 28308.0 300.0 300.0 12 41092.0 43038.0 300.0 300.0
264.2093017422995 15 53942.0 56470.0 300.0 300.0 46 70502.0 74018.0 300.0 300.0
435.0479448217862 46 34336.0 37137.0 300.0 300.0 56 53580.0 56774.0 300.0 300.0
231.45282245355048 23 49096.0 50997.0 300.0 300.0 30 65207.0 68641.0 300.0 300.0
246.20404908884709 26 24797.0 27840.0 300.0 300.0 48 42167.0 44463.0 300.0 300.0
805.9994035682844 50 36858.0 40231.0 300.0 300.0 43 54070.0 56361.0 300.0 300.0
56.22115390273119 37 25949.0 28779.0 300.0 300.0 43 45149.0 48255.0 300.0 300.0
460.9363717428342 11 23048.0 25846.0 300.0 300.0 19 42172.0 44246.0 300.0 300.0
704.6365131756386 13 20289.0 22568.0 300.0 300.0 26 38376.0 41084.0 300.0 300.0
918.9402984029892 31 21237.0 23839.0 300.0 300.0 56 40257.0 42834.0 300.0 300.0
760.5007320256356 39 19372.0 21264.0 300.0 300.0 25 37667.0 39868.0 300.0 300.0
165.68446924126602 42 18307.0 20874.0 300.0 300.0 43 38261.0 41244.0 300.0 300.0
630.46296929445 51 29162.0 31403.0 300.0 300.0 19 45328.0 47363.0 300.0 300.0
462.51142337906083 51 36139.0 39674.0 300.0 300.0 40 50938.0 54036.0 300.0 300.0
465.00420946652486 52 29242.0 32331.0 300.0 300.0 24 47742.0 50076.0 300.0 300.0
510.9772346988508 18 36976.0 38888.0 300.0 300.0 30 53957.0 55924.0 300.0 300.0
444.7102305026771 54 44988.0 47485.0 300.0 300.0 55 59757.0 63334.0 300.0 300.0
422.15279887109256 18 41177.0 43693.0 300.0 300.0 23 60306.0 63752.0 300.0 300.0
845.9847111270992 44 40499.0 42864.0 300.0 300.0 33 58706.0 61824.0 300.0 300.0
344.9567582860932 27 21839.0 24844.0 300.0 300.0 32 39062.0 41587.0 300.0 300.0
412.13271693334843 24 33392.0 35406.0 300.0 300.0 49 48679.0 51995.0 300.0 300.0
65.95857913143033 24 48022.0 50806.0 300.0 300.0 29 62606.0 65566.0 300.0 300.0
382.8969359374643 16 40825.0 44291.0 300.0 300.0 41 61131.0 64041.0 300.0 300.0
898.0687975143478 33 45303.0 48876.0 300.0 300.0 12 64156.0 67533.0 300.0 300.0
814.2804859483936 27 51731.0 53662.0 300.0 300.0 11 68479.0 71215.0 300.0 300.0
1.7395556575175997 17 49806.0 52793.0 300.0 300.0 38 70277.0 72152.0 300.0 300.0
911.1920452128489 55 34459.0 36777.0 300.0 300.0 35 50027.0 51868.0 300.0 300.0
438.521823309412 45 21782.0 24829.0 300.0 300.0 24 37760.0 40681.0 300.0 300.0
217.8287635889151 58 37095.0 40647.0 300.0 300.0 27 53077.0 55118.0 300.0 300.0
736.2302024547173 50 53908.0 56039.0 300.0 300.0 47 72840.0 75276.0 300.0 300.0
993.8696441127544 43 27781.0 30616.0 300.0 300.0 18 45337.0 47806.0 300.0 300.0
275.090647103851 24 31649.0 34652.0 300.0 300.0 14 50485.0 52412.0 300.0 300.0
636.9667974146665 18 50526.0 53392.0 300.0 300.0 19 70826.0 74229.0 300.0 300.0
97.00590143474064 42 30786.0 34367.0 300.0 300.0 28 47680.0 49780.0 300.0 300.0
891.5413450638108 50 19294.0 22350.0 300.0 300.0 42 40035.0 43328.0 300.0 300.0
741.7551783282419 17 34390.0 37911.0 300.0 300.0 13 55096.0 57518.0 300.0 300.0
967.7449457573549 36 38527.0 41014.0 300.0 300.0 50 58264.0 61391.0 300.0 300.0
855.2143789088134 54 34486.0 38060.0 300.0 300.0 44 55343.0 58423.0 300.0 300.0
849.2374531754763 24 31730.0 34551.0 300.0 300.0 56 49874.0 51830.0 300.0 300.0
760.5798979520391 31 18075.0 20008.0 300.0 300.0 58 34392.0 36404.0 300.0 300.0
620.1308268550621 54 26948.0 29640.0 300.0 300.0 50 44383.0 47263.0 300.0 300.0
83.51465369391143 16 31370.0 33414.0 300.0 300.0 49 45565.0 48344.0 300.0 300.0
825.414099643864 40 47962.0 51306.0 300.0 300.0 50 64043.0 66016.0 300.0 300.0
259.9024995480119 51 21562.0 24975.0 300.0 300.0 15 36638.0 39685.0 300.0 300.0
790.1270302067503 18 41270.0 43479.0 300.0 300.0 14 55061.0 57181.0 300.0 300.0
198.65591556968076 53 44323.0 46844.0 300.0 300.0 42 60310.0 63432.0 300.0 300.0
664.5954862228785 60 39276.0 42163.0 300.0 300.0 35 57381.0 60633.0 300.0 300.0
124.31538958436062 12 23036.0 24905.0 300.0 300.0 31 42661.0 45845.0 300.0 300.0
299.65382024582397 50 35070.0 37645.0 300.0 300.0 55 48549.0 50680.0 300.0 300.0
271.9178538134728 10 48360.0 50392.0 300.0 300.0 44 63277.0 65817.0 300.0 300.0
59.811916119374196 52 24261.0 26930.0 300.0 300.0 55 38909.0 41739.0 300.0 300.0
471.0869276408016 32 37573.0 39826.0 300.0 300.0 37 51531.0 54090.0 300.0 300.0
386.00264445192744 14 33135.0 35408.0 300.0 300.0 49 50335.0 53185.0 300.0 300.0
43.1727859815324 19 32046.0 35468.0 300.0 300.0 15 51588.0 53889.0 300.0 300.0
464.4711795120775 10 25176.0 28598.0 300.0 300.0 26 42525.0 45800.0 300.0 300.0
884.5838373650416 45 43328.0 46795.0 300.0 300.0 38 64503.0 67156.0 300.0 300.0
245.51729288227207 26 25189.0 27980.0 300.0 300.0 42 43872.0 46991.0 300.0 300.0
145.61916754803383 47 23512.0 26678.0 300.0 300.0 10 43531.0 46090.0 300.0 300.0
395.5274432096424 36 40146.0 43622.0 300.0 300.0 57 56901.0 59872.0 300.0 300.0
795.9201483796908 15 44797.0 47221.0 300.0 300.0 12 59719.0 62322.0 300.0 300.0
527.7611660575715 29 40664.0 42972.0 300.0 300.0 27 58363.0 60926.0 300.0 300.0
338.2752166231948 52 46111.0 48219.0 300.0 300.0 50 65084.0 67562.0 300.0 300.0
320.78770612356067 51 39840.0 43197.0 300.0 300.0 19 56592.0 59072.0 300.0 300.0
469.47187445860106 42 18268.0 21625.0 300.0 300.0 39 34891.0 38231.0 300.0 300.0
336.78081634599977 39 18180.0 20230.0 300.0 300.0 16 34451.0 37398.0 300.0 300.0
52.1103306366838 13 52903.0 56410.0 300.0 300.0 56 68078.0 70053.0 300.0 300.0
542.923658434144 37 30569.0 33288.0 300.0 300.0 47 47243.0 50004.0 300.0 300.0
51.061288185538125 11 45152.0 48090.0 300.0 300.0 58 61600.0 64474.0 300.0 300.0
625.1776003409885 15 47571.0 50516.0 300.0 300.0 10 66454.0 68845.0 300.0 300.0
283.23085260455537 40 35124.0 38145.0 300.0 300.0 42 55320.0 57202.0 300.0 300.0
181.23208633450548 37 41781.0 44498.0 300.0 300.0 56 60457.0 63425.0 300.0 300.0
844.5278073070004 12 31337.0 34922.0 300.0 300.0 50 46356.0 49285.0 300.0 300.0
164.55032017872628 24 23367.0 25623.0 300.0 300.0 31 41115.0 44406.0 300.0 300.0
812.8261296411573 51 23715.0 25608.0 300.0 300.0 15 43490.0 45720.0 300.0 300.0
509.4144154083806 55 34941.0 38116.0 300.0 300.0 53 51036.0 52973.0 300.0 300.0
414.0674860538542 52 30999.0 32902.0 300.0 300.0 25 47770.0 49772.0 300.0 300.0
542.4740178352015 54 42487.0 44375.0 300.0 300.0 56 60558.0 63046.0 300.0 300.0
898.6198910691163 39 44714.0 47864.0 300.0 300.0 18 61093.0 63967.0 300.0 300.0
533.6220226552117 42 48616.0 51574.0 300.0 300.0 15 64257.0 66667.0 300.0 300.0
259.1366722812592 40 41525.0 44034.0 300.0 300.0 58 55893.0 58757.0 300.0 300.0
871.5310253785187 35 41745.0 44468.0 300.0 300.0 41 61499.0 63386.0 300.0 300.0
966.3606237102048 53 24942.0 27278.0 300.0 300.0 12 44635.0 47302.0 300.0 300.0
789.7407752920249 35 23316.0 26702.0 300.0 300.0 48 40926.0 44305.0 300.0 300.0
676.8793961071254 29 24239.0 26163.0 300.0 300.0 36 39931.0 42822.0 300.0 300.0
100.01230541229322 37 38383.0 41885.0 300.0 300.0 39 54818.0 57634.0 300.0 300.0
432.4239552946848 12 37942.0 40673.0 300.0 300.0 45 56223.0 59445.0 300.0 300.0
902.3648455561433 53 37223.0 39216.0 300.0 300.0 55 52547.0 55651.0 300.0 300.0
13.95245311256177 38 29604.0 32639.0 300.0 300.0 31 44306.0 47141.0 300.0 300.0
986.7585494141049 36 37426.0 39844.0 300.0 300.0 18 53026.0 56486.0 300.0 300.0
609.8894326567048 28 43486.0 46898.0 300.0 300.0 19 62875.0 65432.0 300.0 300.0
480.1361452010555 16 18435.0 21376.0 300.0 300.0 41 33516.0 36188.0 300.0 300.0
815.2859516268325 18 49330.0 51675.0 300.0 300.0 40 68105.0 70816.0 300.0 300.0
944.2120333956843 37 23008.0 26188.0 300.0 300.0 21 37091.0 39274.0 300.0 300.0
690.4922924944166 44 51217.0 53662.0 300.0 300.0 54 65060.0 67503.0 300.0 300.0
423.1025705859763 51 40682.0 43517.0 300.0 300.0 27 56176.0 58057.0 300.0 300.0
401.73118832272183 45 49579.0 52088.0 300.0 300.0 42 62944.0 65525.0 300.0 300.0
64.10191989338566 22 21168.0 23473.0 300.0 300.0 56 38233.0 41591.0 300.0 300.0
53.64101311071023 52 22149.0 24904.0 300.0 300.0 42 37642.0 41241.0 300.0 300.0
687.474621027688 35 29706.0 32406.0 300.0 300.0 22 44169.0 47374.0 300.0 300.0
151.71184597619668 30 38966.0 41262.0 300.0 300.0 58 52140.0 54319.0 300.0 300.0
719.2871404071957 10 24716.0 28273.0 300.0 300.0 28 43495.0 46537.0 300.0 300.0
631.2292843770791 43 38718.0 41785.0 300.0 300.0 21 59024.0 62150.0 300.0 300.0
991.6366987773068 45 34584.0 37680.0 300.0 300.0 59 50360.0 53005.0 300.0 300.0
223.90865689567474 11 44532.0 47388.0 300.0 300.0 51 62229.0 64913.0 300.0 300.0
183.1324761661207 47 38841.0 40956.0 300.0 300.0 45 56130.0 58105.0 300.0 300.0
753.2612191437412 10 32981.0 35246.0 300.0 300.0 39 51540.0 53504.0 300.0 300.0
854.4957586454761 42 44253.0 47612.0 300.0 300.0 44 58928.0 62353.0 300.0 300.0
638.6713832650631 54 40157.0 43085.0 300.0 300.0 28 56342.0 58982.0 300.0 300.0
724.3953351351282 11 19037.0 22147.0 300.0 300.0 34 37326.0 40255.0 300.0 300.0
814.3468311170125 18 27300.0 29697.0 300.0 300.0 49 47351.0 49233.0 300.0 300.0
733.2266194793866 10 42340.0 45483.0 300.0 300.0 32 59076.0 61080.0 300.0 300.0
535.2665278720572 48 51107.0 53707.0 300.0 300.0 42 64670.0 66524.0 300.0 300.0
620.9520160172865 34 46690.0 49173.0 300.0 300.0 25 63545.0 65865.0 300.0 300.0
234.91447890945238 53 40485.0 42361.0 300.0 300.0 17 56530.0 59141.0 300.0 300.0
872.1999399753927 60 41130.0 43771.0 300.0 300.0 55 54689.0 56996.0 300.0 300.0
40.23275766498058 51 53426.0 56560.0 300.0 300.0 59 70729.0 73789.0 300.0 300.0
489.7937156035356 16 22354.0 24894.0 300.0 300.0 12 38472.0 41035.0 300.0 300.0
543.5254860339411 24 24867.0 27593.0 300.0 300.0 53 41229.0 44152.0 300.0 300.0
788.3552251627966 27 34085.0 36937.0 300.0 300.0 33 54368.0 57631.0 300.0 300.0
519.0305503498347 49 21870.0 24898.0 300.0 300.0 44 37633.0 40727.0 300.0 300.0
253.57444240256322 14 24263.0 26539.0 300.0 300.0 12 38437.0 41370.0 300.0 300.0
977.9657570361137 23 34158.0 36717.0 300.0 300.0 30 54429.0 57099.0 300.0 300.0
100.5078186605829 49 39823.0 42459.0 300.0 300.0 40 56046.0 58989.0 300.0 300.0
38.83616835673087 30 34880.0 38086.0 300.0 300.0 44 51428.0 53780.0 300.0 300.0
955.5944380736979 20 44039.0 46803.0 300.0 300.0 17 60786.0 64181.0 300.0 300.0
792.8278941825378 33 34201.0 37170.0 300.0 300.0 47 53375.0 56428.0 300.0 300.0
661.0556494894902 29 30795.0 33075.0 300.0 300.0 24 44192.0 47100.0 300.0 300.0
644.7446472212946 33 51766.0 53625.0 300.0 300.0 47 69067.0 71012.0 300.0 300.0
495.45402151328875 17 36849.0 39823.0 300.0 300.0 37 51624.0 54023.0 300.0 300.0
470.0865672608092 21 22853.0 24773.0 300.0 300.0 49 37194.0 39900.0 300.0 300.0
668.2776169448287 13 23130.0 26396.0 300.0 300.0 47 41250.0 43091.0 300.0 300.0
544.8098513701061 52 23876.0 26508.0 300.0 300.0 50 42415.0 44486.0 300.0 300.0
186.71452475383632 46 45412.0 48420.0 300.0 300.0 23 65049.0 67145.0 300.0 300.0
256.7086729222117 55 29228.0 31457.0 300.0 300.0 56 48963.0 52488.0 300.0 300.0
625.892611533247 12 42215.0 44495.0 300.0 300.0 46 57072.0 59270.0 300.0 300.0
511.26470519620403 43 39925.0 42082.0 300.0 300.0 19 52969.0 55463.0 300.0 300.0
835.7547827938184 27 40301.0 42103.0 300.0 300.0 18 54027.0 57369.0 300.0 300.0
899.6293913053089 31 40441.0 42627.0 300.0 300.0 23 54923.0 57472.0 300.0 300.0
673.7741682843498 54 51545.0 54842.0 300.0 300.0 29 70005.0 72300.0 300.0 300.0
735.927517254575 53 44015.0 46025.0 300.0 300.0 55 62629.0 65787.0 300.0 300.0
807.6128601371164 16 26889.0 29418.0 300.0 300.0 59 40268.0 42781.0 300.0 300.0
113.46392258857274 26 47701.0 50107.0 300.0 300.0 44 66635.0 68716.0 300.0 300.0
939.6926276212574 60 52227.0 55500.0 300.0 300.0 12 68918.0 72175.0 300.0 300.0
27.215648769966517 21 23034.0 26595.0 300.0 300.0 11 43067.0 45921.0 300.0 300.0
279.9540753410819 33 22088.0 24689.0 300.0 300.0 35 41352.0 43828.0 300.0 300.0
200.11356731783815 39 33271.0 35473.0 300.0 300.0 56 50935.0 52768.0 300.0 300.0
156.68339533159426 42 31254.0 33221.0 300.0 300.0 24 45038.0 47584.0 300.0 300.0
604.3509554656707 27 46209.0 49556.0 300.0 300.0 50 63951.0 67443.0 300.0 300.0
590.4088898270737 43 49659.0 52430.0 300.0 300.0 58 63659.0 66711.0 300.0 300.0
341.9646767003992 44 23299.0 26616.0 300.0 300.0 40 39409.0 42935.0 300.0 300.0
854.1160297894952 22 22244.0 24964.0 300.0 300.0 39 38357.0 40162.0 300.0 300.0
831.2557173464477 33 49528.0 52207.0 300.0 300.0 37 63026.0 65105.0 300.0 300.0
255.37441642850422 34 37448.0 39271.0 300.0 300.0 13 52636.0 54919.0 300.0 300.0
411.666951726639 17 48897.0 52053.0 300.0 300.0 41 64964.0 67365.0 300.0 300.0
962.7657974456768 17 46836.0 48808.0 300.0 300.0 14 64264.0 67659.0 300.0 300.0
38.301987309735885 26 27547.0 30986.0 300.0 300.0 32 46377.0 49814.0 300.0 300.0
879.9761685280569 33 43273.0 46849.0 300.0 300.0 25 60544.0 63070.0 300.0 300.0
681.5176958903962 55 33112.0 35369.0 300.0 300.0 24 48128.0 51164.0 300.0 300.0
675.1655664126571 47 36255.0 39261.0 300.0 300.0 50 51836.0 55253.0 300.0 300.0
104.49151082256103 20 20815.0 23811.0 300.0 300.0 24 39336.0 42887.0 300.0 300.0
789.2373841915601 13 32497.0 35417.0 300.0 300.0 27 48059.0 51061.0 300.0 300.0
574.2668723149644 58 38562.0 40930.0 300.0 300.0 19 57737.0 60768.0 300.0 300.0
872.2430620512129 10 18804.0 21158.0 300.0 300.0 58 36587.0 39654.0 300.0 300.0
715.8066566139283 28 36692.0 39192.0 300.0 300.0 14 51778.0 53601.0 300.0 300.0
789.6049953883388 47 51485.0 53422.0 300.0 300.0 57 69422.0 72559.0 300.0 300.0
574.6974456069961 21 25495.0 28654.0 300.0 300.0 13 44945.0 48006.0 300.0 300.0
365.724293033331 27 36129.0 38484.0 300.0 300.0 57 54558.0 57087.0 300.0 300.0
177.38784950415675 34 42784.0 45457.0 300.0 300.0 17 62708.0 65590.0 300.0 300.0
17.833295336358024 20 39147.0 42201.0 300.0 300.0 37 59354.0 61734.0 300.0 300.0
617.6241324710138 10 34933.0 37055.0 300.0 300.0 20 48857.0 51401.0 300.0 300.0
613.0111430322078 11 47073.0 49824.0 300.0 300.0 14 64462.0 67772.0 300.0 300.0
337.85639875766947 26 37553.0 39590.0 300.0 300.0 59 51487.0 54545.0 300.0 300.0
350.8273504287187 44 29721.0 31955.0 300.0 300.0 53 43142.0 45453.0 300.0 300.0
682.9930268539364 52 46296.0 49462.0 300.0 300.0 46 66600.0 69325.0 300.0 300.0
437.2173426866567 45 44783.0 47797.0 300.0 300.0 12 62197.0 64604.0 300.0 300.0
583.515857198109 15 39819.0 42679.0 300.0 300.0 46 59215.0 62090.0 300.0 300.0
335.40006973123536 45 39704.0 42371.0 300.0 300.0 50 57932.0 60319.0 300.0 300.0
962.5536961811603 41 35551.0 38957.0 300.0 300.0 22 54369.0 57010.0 300.0 300.0
629.7738385263638 41 38474.0 41529.0 300.0 300.0 42 52946.0 55563.0 300.0 300.0
978.3292187934663 13 43962.0 46384.0 300.0 300.0 28 63783.0 66303.0 300.0 300.0
50.99840749716644 58 44515.0 46868.0 300.0 300.0 30 62531.0 65906.0 300.0 300.0
815.1138180584808 26 46412.0 48718.0 300.0 300.0 35 65886.0 69375.0 300.0 300.0
126.49079783520011 22 19818.0 22843.0 300.0 300.0 24 35151.0 38737.0 300.0 300.0
462.48317178911503 33 20570.0 22779.0 300.0 300.0 56 39113.0 42202.0 300.0 300.0
741.305626239788 49 31997.0 34532.0 300.0 300.0 45 48326.0 50983.0 300.0 300.0
798.6763129088807 31 47506.0 50936.0 300.0 300.0 19 68639.0 70872.0 300.0 300.0
730.1905316814275 18 33429.0 36243.0 300.0 300.0 46 52874.0 56129.0 300.0 300.0
578.0148220811682 28 47083.0 49163.0 300.0 300.0 47 62035.0 64438.0 300.0 300.0
442.2281429561371 27 42293.0 45588.0 300.0 300.0 55 60912.0 64391.0 300.0 300.0
357.7975302797929 46 18688.0 21839.0 300.0 300.0 48 34548.0 37811.0 300.0 300.0
104.00169441676132 15 37251.0 40358.0 300.0 300.0 20 55592.0 57683.0 300.0 300.0
464.3901615326799 26 53693.0 56814.0 300.0 300.0 52 73895.0 75929.0 300.0 300.0
194.127129698931 13 42897.0 44866.0 300.0 300.0 54 61591.0 63909.0 300.0 300.0
253.2939445179352 12 37791.0 39683.0 300.0 300.0 42 51205.0 53708.0 300.0 300.0
979.1318808697829 24 27878.0 31234.0 300.0 300.0 38 47191.0 50676.0 300.0 300.0
860.087808497776 14 22301.0 24739.0 300.0 300.0 36 39267.0 41956.0 300.0 300.0
755.2566077379519 47 19850.0 22037.0 300.0 300.0 59 39368.0 41627.0 300.0 300.0
548.964441298908 50 33116.0 35185.0 300.0 300.0 25 49125.0 51164.0 300.0 300.0
209.41270049480343 38 37931.0 40993.0 300.0 300.0 41 54761.0 58018.0 300.0 300.0
558.1556415908644 47 28812.0 32311.0 300.0 300.0 25 47185.0 49063.0 300.0 300.0
31.220904409190343 48 27095.0 30358.0 300.0 300.0 56 42362.0 45875.0 300.0 300.0
916.2836929664606 37 46851.0 50210.0 300.0 300.0 27 66937.0 69726.0 300.0 300.0
462.1369962630406 52 39595.0 43036.0 300.0 300.0 24 55358.0 57935.0 300.0 300.0
194.37189762080442 45 23313.0 26756.0 300.0 300.0 34 39197.0 41503.0 300.0 300.0
701.8669556695767 26 33889.0 36704.0 300.0 300.0 54 52071.0 55222.0 300.0 300.0
183.06168216516838 18 36341.0 39199.0 300.0 300.0 59 55274.0 58221.0 300.0 300.0
960.6855074648012 29 34264.0 36427.0 300.0 300.0 48 52075.0 55425.0 300.0 300.0
396.0560658998208 54 42929.0 45175.0 300.0 300.0 37 60738.0 63099.0 300.0 300.0
762.3769077355278 30 28988.0 31759.0 300.0 300.0 45 48506.0 51653.0 300.0 300.0
435.8533218985278 44 47789.0 49604.0 300.0 300.0 57 60478.0 62478.0 300.0 300.0
789.1662543412799 43 24969.0 28119.0 300.0 300.0 26 39785.0 43259.0 300.0 300.0
187.73989944434555 26 20163.0 22069.0 300.0 300.0 48 38031.0 40873.0 300.0 300.0
899.4298478562608 57 35964.0 38655.0 300.0 300.0 32 55054.0 58184.0 300.0 300.0
588.4410362667613 60 46442.0 49477.0 300.0 300.0 16 65178.0 67261.0 300.0 300.0
832.7663198440075 42 27845.0 30047.0 300.0 300.0 16 40987.0 44293.0 300.0 300.0
136.8217410497572 51 29517.0 31697.0 300.0 300.0 43 46266.0 49762.0 300.0 300.0
796.1514078225467 18 22532.0 25933.0 300.0 300.0 30 37957.0 41039.0 300.0 300.0
150.0024226593124 49 42720.0 45004.0 300.0 300.0 56 56787.0 59543.0 300.0 300.0
459.74310097417805 15 53393.0 55685.0 300.0 300.0 57 67095.0 69125.0 300.0 300.0
27.992360772930102 21 46957.0 50529.0 300.0 300.0 28 67551.0 69744.0 300.0 300.0
601.1728119353045 13 32216.0 34667.0 300.0 300.0 29 47030.0 50140.0 300.0 300.0
966.6142958635792 39 50983.0 53495.0 300.0 300.0 28 69692.0 72016.0 300.0 300.0
551.957459246191 59 49617.0 52982.0 300.0 300.0 25 70067.0 72376.0 300.0 300.0
879.6340298157735 33 28533.0 32038.0 300.0 300.0 30 48428.0 51307.0 300.0 300.0
907.4715876590246 11 40930.0 43741.0 300.0 300.0 52 60389.0 63199.0 300.0 300.0
968.53284685165 54 32763.0 36203.0 300.0 300.0 11 48258.0 51547.0 300.0 300.0
460.57892759345674 10 39346.0 42879.0 300.0 300.0 20 59677.0 62254.0 300.0 300.0
858.5590132564681 13 45977.0 48664.0 300.0 300.0 22 59677.0 61673.0 300.0 300.0
665.7684814632237 36 32229.0 35137.0 300.0 300.0 17 47534.0 50805.0 300.0 300.0
433.2298075133946 27 41311.0 43318.0 300.0 300.0 14 54520.0 56694.0 300.0 300.0
902.0688187461327 59 23158.0 26479.0 300.0 300.0 24 40353.0 42548.0 300.0 300.0
111.36714317427531 60 20580.0 23591.0 300.0 300.0 11 34831.0 37495.0 300.0 300.0
505.1059206613008 32 29012.0 31004.0 300.0 300.0 36 44609.0 46717.0 300.0 300.0
970.4522547944524 15 47144.0 49575.0 300.0 300.0 40 64143.0 66311.0 300.0 300.0
716.7743487421417 29 33283.0 35354.0 300.0 300.0 30 46628.0 49459.0 300.0 300.0
711.3669143362619 39 27953.0 29996.0 300.0 300.0 37 45150.0 47882.0 300.0 300.0
949.8355997213837 56 52386.0 54666.0 300.0 300.0 38 70106.0 72137.0 300.0 300.0
350.6139458557669 32 49091.0 51322.0 300.0 300.0 19 67379.0 70335.0 300.0 300.0
788.442713848859 32 24710.0 27896.0 300.0 300.0 39 40126.0 42054.0 300.0 300.0
819.4182127719255 40 21462.0 23500.0 300.0 300.0 18 38663.0 40796.0 300.0 300.0
7.594002757555951 40 48156.0 50189.0 300.0 300.0 46 63225.0 65247.0 300.0 300.0
431.61442435249654 44 29906.0 32442.0 300.0 300.0 50 49052.0 52648.0 300.0 300.0
267.69122629038253 25 29457.0 32962.0 300.0 300.0 38 50650.0 53851.0 300.0 300.0
775.2185800509275 42 25207.0 28184.0 300.0 300.0 29 39815.0 42064.0 300.0 300.0
556.946139508665 57 52086.0 55056.0 300.0 300.0 13 68683.0 72130.0 300.0 300.0
791.7212291410575 37 24061.0 26747.0 300.0 300.0 50 44135.0 46643.0 300.0 300.0
555.9460972363926 45 46554.0 49407.0 300.0 300.0 47 62274.0 65497.0 300.0 300.0
172.46972696957985 39 26350.0 29640.0 300.0 300.0 27 45110.0 47729.0 300.0 300.0
886.2296339884525 54 32625.0 34872.0 300.0 300.0 35 46757.0 48761.0 300.0 300.0
247.44019184980272 60 39702.0 42655.0 300.0 300.0 18 57951.0 60396.0 300.0 300.0
288.5885525364946 45 21756.0 24015.0 300.0 300.0 52 38492.0 40906.0 300.0 300.0
27.02430644602105 30 43408.0 46630.0 300.0 300.0 46 57646.0 60737.0 300.0 300.0
626.7326541742317 26 50157.0 53725.0 300.0 300.0 59 71612.0 73889.0 300.0 300.0
225.33694262884086 18 48984.0 52021.0 300.0 300.0 59 67186.0 70556.0 300.0 300.0
807.0239442773259 14 35353.0 38184.0 300.0 300.0 18 54084.0 56144.0 300.0 300.0
921.527553041588 49 49821.0 52023.0 300.0 300.0 24 69886.0 73291.0 300.0 300.0
183.69078245210824 37 33170.0 35710.0 300.0 300.0 32 51076.0 53272.0 300.0 300.0
965.5627216901804 40 39162.0 41832.0 300.0 300.0 36 56936.0 59412.0 300.0 300.0
329.11639592193677 46 39690.0 42394.0 300.0 300.0 48 55210.0 58228.0 300.0 300.0
503.2321648007219 28 46685.0 49849.0 300.0 300.0 42 65492.0 67581.0 300.0 300.0
597.6894722292853 33 29861.0 32377.0 300.0 300.0 32 44960.0 47707.0 300.0 300.0
762.3759608913488 50 28796.0 31972.0 300.0 300.0 39 48558.0 51302.0 300.0 300.0
215.90703886451524 30 50053.0 53270.0 300.0 300.0 39 67139.0 69616.0 300.0 300.0
923.5788596209051 12 48964.0 51456.0 300.0 300.0 20 63305.0 65181.0 300.0 300.0
566.910394972221 48 20756.0 23286.0 300.0 300.0 32 36814.0 39243.0 300.0 300.0
893.2406709233533 17 35312.0 37514.0 300.0 300.0 22 50506.0 53308.0 300.0 300.0
389.7615654712703 28 49621.0 51444.0 300.0 300.0 42 63537.0 65704.0 300.0 300.0
738.7995321392417 39 19810.0 23324.0 300.0 300.0 27 40591.0 43282.0 300.0 300.0
127.26144100894344 15 41814.0 44429.0 300.0 300.0 49 58634.0 62018.0 300.0 300.0
553.1213594747497 44 51922.0 54164.0 300.0 300.0 52 69894.0 72004.0 300.0 300.0
85.06876377832273 55 32966.0 36385.0 300.0 300.0 18 54054.0 57124.0 300.0 300.0
440.2131992232972 32 29834.0 32904.0 300.0 300.0 55 44155.0 46771.0 300.0 300.0
222.78160536093716 11 24281.0 27256.0 300.0 300.0 53 44133.0 46561.0 300.0 300.0
994.3834296679789 28 45531.0 47371.0 300.0 300.0 19 64906.0 68257.0 300.0 300.0
707.3384749794967 22 47351.0 49429.0 300.0 300.0 51 63124.0 66085.0 300.0 300.0
151.04987320830986 10 52208.0 55253.0 300.0 300.0 52 69128.0 71912.0 300.0 300.0
102.81403288880075 14 23212.0 25542.0 300.0 300.0 26 40481.0 43547.0 300.0 300.0
175.24705084628744 46 38748.0 41375.0 300.0 300.0 35 57717.0 60582.0 300.0 300.0
640.0238196669056 60 28648.0 31797.0 300.0 300.0 34 47222.0 49718.0 300.0 300.0
113.55086377541134 51 34446.0 37474.0 300.0 300.0 59 49084.0 51928.0 300.0 300.0
155.29116309424583 17 53134.0 56060.0 300.0 300.0 12 68013.0 70870.0 300.0 300.0
541.0317279584941 57 20536.0 23248.0 300.0 300.0 38 39576.0 42659.0 300.0 300.0
370.6193473455571 36 29182.0 32191.0 300.0 300.0 13 47856.0 50707.0 300.0 300.0
395.758508728535 11 37509.0 39419.0 300.0 300.0 49 57386.0 60379.0 300.0 300.0
427.07860148369934 51 48693.0 52245.0 300.0 300.0 29 63585.0 66500.0 300.0 300.0
102.46741668188808 30 37235.0 39351.0 300.0 300.0 18 52220.0 55606.0 300.0 300.0
308.56315646601007 14 38159.0 40192.0 300.0 300.0 39 51214.0 53527.0 300.0 300.0
771.822078453798 35 38575.0 41993.0 300.0 300.0 51 59651.0 62655.0 300.0 300.0
692.6748493383291 15 20466.0 23123.0 300.0 300.0 54 39525.0 41362.0 300.0 300.0
734.1376036625873 45 44873.0 47853.0 300.0 300.0 21 64360.0 67372.0 300.0 300.0
137.19733693193803 56 41541.0 44898.0 300.0 300.0 55 58300.0 60755.0 300.0 300.0
972.811108452733 37 31394.0 33474.0 300.0 300.0 22 49465.0 52979.0 300.0 300.0
511.66640016758913 23 45224.0 48108.0 300.0 300.0 29 65829.0 68347.0 300.0 300.0
593.6584917972283 21 50656.0 53364.0 300.0 300.0 43 65686.0 68265.0 300.0 300.0
480.51862994563476 52 37344.0 40170.0 300.0 300.0 13 57304.0 59445.0 300.0 300.0
466.94076678004336 13 51574.0 54588.0 300.0 300.0 24 69676.0 73226.0 300.0 300.0
263.18865099058706 25 36020.0 39122.0 300.0 300.0 47 50762.0 52607.0 300.0 300.0
758.4875510274485 37 28400.0 31992.0 300.0 300.0 38 43416.0 46522.0 300.0 300.0
72.67615155562324 50 50306.0 53001.0 300.0 300.0 17 64790.0 67814.0 300.0 300.0
608.7788003012158 17 51456.0 53784.0 300.0 300.0 47 67009.0 69969.0 300.0 300.0
662.2452471995524 58 28343.0 30751.0 300.0 300.0 37 46842.0 48831.0 300.0 300.0
592.2939623495158 17 19451.0 21593.0 300.0 300.0 23 37280.0 40089.0 300.0 300.0
494.15127232525435 56 48716.0 50818.0 300.0 300.0 48 67049.0 69434.0 300.0 300.0
396.41680245639054 24 34463.0 36334.0 300.0 300.0 47 50922.0 54410.0 300.0 300.0
748.0893628162224 33 42386.0 44325.0 300.0 300.0 18 59789.0 62529.0 300.0 300.0
986.6122857080559 57 19244.0 21656.0 300.0 300.0 41 38002.0 40391.0 300.0 300.0
883.2801915745913 59 27913.0 30794.0 300.0 300.0 31 43506.0 46095.0 300.0 300.0
193.75341804029344 29 19815.0 23406.0 300.0 300.0 56 35636.0 38000.0 300.0 300.0
788.9725764547455 25 18141.0 20639.0 300.0 300.0 51 32896.0 34952.0 300.0 300.0
476.0398109066558 18 48161.0 51171.0 300.0 300.0 48 67424.0 69399.0 300.0 300.0
845.2566672932243 14 21575.0 24670.0 300.0 300.0 28 37518.0 40712.0 300.0 300.0
611.9503095236523 57 53508.0 57084.0 300.0 300.0 18 74246.0 76452.0 300.0 300.0
970.4183510911955 41 45543.0 48694.0 300.0 300.0 31 60197.0 62304.0 300.0 300.0
296.527281111777 53 45728.0 48551.0 300.0 300.0 35 63942.0 66980.0 300.0 300.0
62.97892923612769 55 53378.0 56216.0 300.0 300.0 15 71944.0 75079.0 300.0 300.0
299.7867713234017 55 18220.0 21466.0 300.0 300.0 17 33793.0 37341.0 300.0 300.0
125.77845257152576 22 26328.0 29064.0 300.0 300.0 49 45771.0 47758.0 300.0 300.0
746.3514745080857 16 41456.0 44202.0 300.0 300.0 40 60592.0 63322.0 300.0 300.0
865.0815493400527 17 39957.0 43008.0 300.0 300.0 32 57173.0 60398.0 300.0 300.0
667.0518145670859 57 51531.0 53650.0 300.0 300.0 44 71565.0 74585.0 300.0 300.0
128.1825288120475 28 39536.0 42851.0 300.0 300.0 14 58697.0 61687.0 300.0 300.0
718.1474597584747 51 23733.0 25896.0 300.0 300.0 59 42476.0 45973.0 300.0 300.0
226.21901675993283 50 49328.0 51558.0 300.0 300.0 55 65446.0 67372.0 300.0 300.0
558.2777362325922 15 26383.0 28594.0 300.0 300.0 57 40039.0 42312.0 300.0 300.0
892.092624789643 47 46743.0 49950.0 300.0 300.0 38 65459.0 68294.0 300.0 300.0
997.9171471482726 57 46214.0 48302.0 300.0 300.0 30 64029.0 66538.0 300.0 300.0
363.14515499406895 18 19021.0 22324.0 300.0 300.0 25 37716.0 39869.0 300.0 300.0
606.0321776304796 60 32189.0 34947.0 300.0 300.0 31 51059.0 53976.0 300.0 300.0
230.5257021886986 26 30166.0 33096.0 300.0 300.0 48 48857.0 51342.0 300.0 300.0
873.2200678305328 12 22997.0 26157.0 300.0 300.0 44 43790.0 45875.0 300.0 300.0
247.35821140073966 43 49153.0 52235.0 300.0 300.0 25 63887.0 65709.0 300.0 300.0
423.65077446831333 47 51257.0 53791.0 300.0 300.0 37 68777.0 71072.0 300.0 300.0
80.60898222392821 59 26676.0 29183.0 300.0 300.0 21 41824.0 44157.0 300.0 300.0
757.7910704554168 16 49656.0 53069.0 300.0 300.0 60 64944.0 67207.0 300.0 300.0
981.0589466802714 46 39502.0 41987.0 300.0 300.0 53 59809.0 62206.0 300.0 300.0
946.7056957821915 46 21449.0 23960.0 300.0 300.0 41 39455.0 41455.0 300.0 300.0
845.4846737568429 17 31534.0 34893.0 300.0 300.0 48 48932.0 52496.0 300.0 300.0
923.619213469534 11 42824.0 44860.0 300.0 300.0 48 55822.0 58267.0 300.0 300.0
77.8945687105217 45 24399.0 26787.0 300.0 300.0 38 41271.0 43315.0 300.0 300.0
100.66979108392849 29 52015.0 54282.0 300.0 300.0 57 69332.0 72375.0 300.0 300.0
804.6815370024207 17 21355.0 23213.0 300.0 300.0 28 34183.0 36576.0 300.0 300.0
34.06042164461165 45 44505.0 47727.0 300.0 300.0 13 61180.0 63231.0 300.0 300.0
253.43889989255675 33 30811.0 33036.0 300.0 300.0 25 48651.0 51000.0 300.0 300.0
559.1505071590653 13 43500.0 45660.0 300.0 300.0 36 60736.0 62537.0 300.0 300.0
717.923448090562 49 26304.0 28884.0 300.0 300.0 55 39949.0 42873.0 300.0 300.0
992.8462385550372 57 40699.0 43447.0 300.0 300.0 28 57551.0 61146.0 300.0 300.0
362.5849698932648 42 39493.0 42946.0 300.0 300.0 43 56453.0 59736.0 300.0 300.0
662.7308718576752 51 46453.0 48630.0 300.0 300.0 36 61713.0 64037.0 300.0 300.0
888.945350167432 22 22958.0 26523.0 300.0 300.0 12 43427.0 45485.0 300.0 300.0
663.8898138813581 51 29165.0 32451.0 300.0 300.0 29 48999.0 51512.0 300.0 300.0
622.0035050135369 12 42419.0 45254.0 300.0 300.0 36 56853.0 59468.0 300.0 300.0
592.8698160918337 27 33326.0 36627.0 300.0 300.0 22 50597.0 54092.0 300.0 300.0
66.23951566984876 54 33557.0 36968.0 300.0 300.0 50 54734.0 58230.0 300.0 300.0
275.5790990483841 57 30272.0 33206.0 300.0 300.0 49 46060.0 48879.0 300.0 300.0
225.54639721947578 27 33927.0 36064.0 300.0 300.0 41 48034.0 50165.0 300.0 300.0
638.4778325502526 37 37550.0 40770.0 300.0 300.0 31 57633.0 59537.0 300.0 300.0
636.7564150097807 12 44509.0 47806.0 300.0 300.0 31 59359.0 62517.0 300.0 300.0
800.786787166686 50 51901.0 54328.0 300.0 300.0 35 67092.0 69952.0 300.0 300.0
898.9518756378241 22 48116.0 51118.0 300.0 300.0 16 67281.0 69563.0 300.0 300.0
854.6976722571625 19 49193.0 51187.0 300.0 300.0 10 63696.0 66755.0 300.0 300.0
616.4355832354013 27 41071.0 44410.0 300.0 300.0 49 58732.0 62275.0 300.0 300.0
300.11499069220673 60 38229.0 40162.0 300.0 300.0 48 55878.0 58169.0 300.0 300.0
847.4339265358583 19 52998.0 54818.0 300.0 300.0 28 67333.0 69779.0 300.0 300.0
594.0844415157062 25 19931.0 22925.0 300.0 300.0 57 39442.0 41882.0 300.0 300.0
958.044054295722 25 40019.0 43159.0 300.0 300.0 57 56145.0 58568.0 300.0 300.0
130.93238683616616 55 21000.0 24348.0 300.0 300.0 34 36759.0 39453.0 300.0 300.0
925.7151370847268 43 36761.0 40317.0 300.0 300.0 11 54197.0 56440.0 300.0 300.0
289.7932491430385 26 41262.0 43149.0 300.0 300.0 11 58331.0 60858.0 300.0 300.0
682.1511359673141 40 35913.0 37999.0 300.0 300.0 52 54193.0 57056.0 300.0 300.0
58.549804930498105 10 42492.0 45038.0 300.0 300.0 37 61997.0 65531.0 300.0 300.0
704.7892010146148 29 29221.0 32592.0 300.0 300.0 59 48199.0 51497.0 300.0 300.0
488.5465103063198 26 46945.0 50382.0 300.0 300.0 32 61241.0 64771.0 300.0 300.0
291.16979390274764 19 43233.0 45822.0 300.0 300.0 53 63475.0 67061.0 300.0 300.0
658.4203642462579 45 19905.0 22686.0 300.0 300.0 42 40461.0 43278.0 300.0 300.0
423.17522618592085 44 36135.0 39301.0 300.0 300.0 37 53291.0 55745.0 300.0 300.0
468.06719831046564 60 25583.0 29035.0 300.0 300.0 19 43085.0 45951.0 300.0 300.0
849.2470135555117 55 52177.0 54522.0 300.0 300.0 18 69303.0 71618.0 300.0 300.0
969.5380185405669 15 23279.0 25277.0 300.0 300.0 43 38169.0 41291.0 300.0 300.0
592.6529751981949 28 25523.0 28762.0 300.0 300.0 31 45261.0 48088.0 300.0 300.0
829.3284215443389 12 24123.0 26972.0 300.0 300.0 22 40130.0 43578.0 300.0 300.0
2.3861426639085748 52 52338.0 54875.0 300.0 300.0 27 68829.0 71369.0 300.0 300.0
149.24885087111673 46 39299.0 41375.0 300.0 300.0 11 54182.0 56615.0 300.0 300.0
279.44468581596914 26 49499.0 52666.0 300.0 300.0 36 67219.0 69287.0 300.0 300.0
228.38383847365407 30 45683.0 47779.0 300.0 300.0 24 59966.0 62111.0 300.0 300.0
73.53696081545547 53 19753.0 22693.0 300.0 300.0 50 38103.0 40227.0 300.0 300.0
888.4770861294782 41 51465.0 53754.0 300.0 300.0 16 69966.0 73413.0 300.0 300.0
801.5355307368517 33 24320.0 26959.0 300.0 300.0 54 38480.0 40433.0 300.0 300.0
905.707087535559 25 19722.0 23144.0 300.0 300.0 59 40764.0 43392.0 300.0 300.0
196.48939739902616 11 24992.0 26931.0 300.0 300.0 31 44920.0 48332.0 300.0 300.0
573.9081968455002 60 27129.0 29118.0 300.0 300.0 25 44919.0 48113.0 300.0 300.0
771.3013095797721 18 37473.0 40546.0 300.0 300.0 26 54938.0 57773.0 300.0 300.0
882.8830762566332 26 33006.0 36112.0 300.0 300.0 31 47894.0 51096.0 300.0 300.0
250.25995331516026 15 34961.0 37081.0 300.0 300.0 49 52695.0 55731.0 300.0 300.0
629.9596335124955 16 23757.0 25841.0 300.0 300.0 22 40930.0 43351.0 300.0 300.0
69.83891795327534 11 47596.0 50065.0 300.0 300.0 23 61897.0 65070.0 300.0 300.0
627.1575438191566 60 20108.0 22969.0 300.0 300.0 27 40666.0 43440.0 300.0 300.0
122.25991038302774 22 33040.0 36317.0 300.0 300.0 59 47649.0 50898.0 300.0 300.0
138.40881772631397 48 50550.0 54043.0 300.0 300.0 59 67035.0 69228.0 300.0 300.0
465.37119777308254 39 50844.0 53893.0 300.0 300.0 17 68159.0 70366.0 300.0 300.0
633.7656015816365 11 46423.0 48885.0 300.0 300.0 47 64556.0 67741.0 300.0 300.0
563.8870724025361 39 26930.0 29086.0 300.0 300.0 15 42271.0 44582.0 300.0 300.0
717.3378415010933 28 31160.0 34168.0 300.0 300.0 45 46781.0 48839.0 300.0 300.0
182.8245042567027 26 34093.0 36304.0 300.0 300.0 32 50541.0 52431.0 300.0 300.0
744.1238640327867 32 46698.0 48872.0 300.0 300.0 52 66767.0 69727.0 300.0 300.0
606.2838711745454 35 23264.0 25298.0 300.0 300.0 37 40513.0 42858.0 300.0 300.0
743.5925393427616 11 48779.0 51463.0 300.0 300.0 25 69080.0 72354.0 300.0 300.0
795.1542364923549 49 52906.0 55945.0 300.0 300.0 24 71312.0 73934.0 300.0 300.0
104.88526199776938 15 48046.0 49862.0 300.0 300.0 46 63571.0 66074.0 300.0 300.0
176.8563352183201 11 34567.0 37813.0 300.0 300.0 34 50771.0 52880.0 300.0 300.0
324.2429977430866 11 52210.0 54649.0 300.0 300.0 35 72309.0 74813.0 300.0 300.0
339.21956747392977 56 24711.0 28278.0 300.0 300.0 17 45502.0 47893.0 300.0 300.0
478.5188924821744 22 48214.0 50921.0 300.0 300.0 52 62330.0 65814.0 300.0 300.0
198.7499431974663 59 43542.0 45942.0 300.0 300.0 45 57706.0 59886.0 300.0 300.0
962.5717240918947 20 32836.0 35326.0 300.0 300.0 25 46520.0 49176.0 300.0 300.0
559.9854939548445 50 22955.0 26045.0 300.0 300.0 25 43841.0 46554.0 300.0 300.0
140.49233026866258 48 37591.0 39737.0 300.0 300.0 53 53314.0 56116.0 300.0 300.0
65.82987248180328 31 49987.0 52173.0 300.0 300.0 33 69587.0 72952.0 300.0 300.0
622.9046582965153 47 47472.0 50401.0 300.0 300.0 40 61627.0 64188.0 300.0 300.0
656.5570335178198 40 28241.0 30214.0 300.0 300.0 54 44024.0 46859.0 300.0 300.0
841.2969054773131 22 34963.0 36971.0 300.0 300.0 21 49827.0 53372.0 300.0 300.0
964.8150081642499 58 38757.0 41651.0 300.0 300.0 20 56771.0 58849.0 300.0 300.0
876.1391991629504 49 49162.0 52318.0 300.0 300.0 45 67497.0 70007.0 300.0 300.0
842.0264937511552 56 41535.0 44211.0 300.0 300.0 27 60516.0 63747.0 300.0 300.0
273.47138326310517 37 44520.0 46588.0 300.0 300.0 58 58409.0 60270.0 300.0 300.0
64.06644985268495 48 49255.0 51990.0 300.0 300.0 38 68840.0 70651.0 300.0 300.0
4.112687152470151 53 28775.0 31034.0 300.0 300.0 43 45906.0 48875.0 300.0 300.0
436.3417611846051 55 28527.0 30381.0 300.0 300.0 49 47314.0 49383.0 300.0 300.0
164.44270527507865 57 30889.0 33003.0 300.0 300.0 31 47016.0 49639.0 300.0 300.0
105.13236618428046 53 21838.0 24085.0 300.0 300.0 54 37923.0 40419.0 300.0 300.0
355.99347121294676 44 25098.0 27430.0 300.0 300.0 23 44732.0 46966.0 300.0 300.0
87.37995594870218 33 31047.0 33728.0 300.0 300.0 46 47687.0 51000.0 300.0 300.0
515.4174990167817 54 26187.0 28241.0 300.0 300.0 33 39761.0 42455.0 300.0 300.0
418.50380761264415 28 48300.0 50115.0 300.0 300.0 38 61144.0 64470.0 300.0 300.0
883.6662950135315 34 45676.0 48046.0 300.0 300.0 26 63371.0 65349.0 300.0 300.0
60.137138224448215 39 27183.0 29028.0 300.0 300.0 28 45638.0 47957.0 300.0 300.0
624.72093731541 28 40135.0 43041.0 300.0 300.0 41 56104.0 59408.0 300.0 300.0
839.1362199629766 34 30267.0 32802.0 300.0 300.0 28 44610.0 48128.0 300.0 300.0
635.6223448344726 60 19204.0 21014.0 300.0 300.0 52 32613.0 34743.0 300.0 300.0
347.4218689107437 12 22340.0 25660.0 300.0 300.0 47 37071.0 39855.0 300.0 300.0
370.8947507794269 42 53239.0 55058.0 300.0 300.0 23 69833.0 72278.0 300.0 300.0
420.14395603099587 25 30865.0 33441.0 300.0 300.0 51 50268.0 52650.0 300.0 300.0
60.15345730172017 29 40635.0 42682.0 300.0 300.0 32 54967.0 56988.0 300.0 300.0
637.6660694793965 14 24949.0 27909.0 300.0 300.0 44 42504.0 44591.0 300.0 300.0
786.5294698669869 32 53834.0 56091.0 300.0 300.0 19 73723.0 76677.0 300.0 300.0
234.67640933311617 29 43433.0 46616.0 300.0 300.0 17 61728.0 63722.0 300.0 300.0
258.68922817246664 20 40412.0 42663.0 300.0 300.0 45 59476.0 62024.0 300.0 300.0
926.4445498046659 24 26879.0 29446.0 300.0 300.0 29 47086.0 50317.0 300.0 300.0
228.22035473823465 52 20493.0 22499.0 300.0 300.0 35 36123.0 38821.0 300.0 300.0
916.3355807830516 54 36349.0 39523.0 300.0 300.0 35 50525.0 53400.0 300.0 300.0
838.904750746243 20 37390.0 40909.0 300.0 300.0 43 52800.0 56255.0 300.0 300.0
778.0195624396483 35 33832.0 36857.0 300.0 300.0 14 54578.0 57373.0 300.0 300.0
441.20051501085 23 23879.0 27397.0 300.0 300.0 39 44724.0 48192.0 300.0 300.0
917.5969637537759 26 45178.0 48528.0 300.0 300.0 21 64169.0 66127.0 300.0 300.0
744.765459097757 48 48986.0 50846.0 300.0 300.0 43 62614.0 66103.0 300.0 300.0
931.7045939170854 59 43113.0 44987.0 300.0 300.0 29 59632.0 62460.0 300.0 300.0
529.1186513975111 53 38528.0 40501.0 300.0 300.0 16 52474.0 54723.0 300.0 300.0
763.5470906663261 27 20403.0 22784.0 300.0 300.0 13 33800.0 36396.0 300.0 300.0
386.96524929525225 38 20001.0 22365.0 300.0 300.0 25 35640.0 38965.0 300.0 300.0
105.06735609071727 28 41100.0 43547.0 300.0 300.0 49 60448.0 63258.0 300.0 300.0
270.0932034180224 40 27403.0 29943.0 300.0 300.0 45 46806.0 49013.0 300.0 300.0
844.8521186433795 12 28906.0 30711.0 300.0 300.0 34 47605.0 50710.0 300.0 300.0
562.2525851168713 55 41283.0 44100.0 300.0 300.0 18 60134.0 63158.0 300.0 300.0
471.96915468261227 22 50640.0 53684.0 300.0 300.0 33 65635.0 67598.0 300.0 300.0
369.5883145583113 58 42228.0 44306.0 300.0 300.0 22 56452.0 58732.0 300.0 300.0
529.2242906198566 20 46136.0 48523.0 300.0 300.0 18 64737.0 68264.0 300.0 300.0
33.92827283274236 42 21068.0 23618.0 300.0 300.0 57 39487.0 42513.0 300.0 300.0
388.1635674344113 10 35269.0 38831.0 300.0 300.0 46 55396.0 58687.0 300.0 300.0
108.82150791641709 55 26689.0 29199.0 300.0 300.0 44 43080.0 46322.0 300.0 300.0
574.7538325688321 51 39600.0 41504.0 300.0 300.0 48 53880.0 56536.0 300.0 300.0
248.33850412059243 34 21294.0 24051.0 300.0 300.0 47 37284.0 39545.0 300.0 300.0
500.6547898199651 50 34789.0 36931.0 300.0 300.0 20 48733.0 51679.0 300.0 300.0
434.3267965146952 23 41511.0 44682.0 300.0 300.0 49 61325.0 63414.0 300.0 300.0
1.326040928420258 36 40789.0 42999.0 300.0 300.0 22 58893.0 61437.0 300.0 300.0
483.4745474884198 33 46598.0 50108.0 300.0 300.0 30 62217.0 64482.0 300.0 300.0
409.2418686114403 37 33185.0 35687.0 300.0 300.0 41 51169.0 53349.0 300.0 300.0
839.9610420385706 27 42271.0 44948.0 300.0 300.0 54 61098.0 63227.0 300.0 300.0
717.9443542996852 44 32124.0 34818.0 300.0 300.0 54 50841.0 54093.0 300.0 300.0
765.8307807525807 18 30950.0 33941.0 300.0 300.0 51 47683.0 51146.0 300.0 300.0
549.652084514286 40 21223.0 24230.0 300.0 300.0 47 41555.0 43477.0 300.0 300.0
417.05555987253604 59 36467.0 38283.0 300.0 300.0 42 49395.0 52993.0 300.0 300.0
314.13216128840014 28 53746.0 56305.0 300.0 300.0 11 69707.0 71878.0 300.0 300.0
150.46086159430772 18 49994.0 52007.0 300.0 300.0 41 63175.0 65334.0 300.0 300.0
937.3931615579885 16 20296.0 23848.0 300.0 300.0 24 38417.0 41919.0 300.0 300.0
191.57875520536138 13 53934.0 56887.0 300.0 300.0 34 71539.0 73762.0 300.0 300.0
502.68758617666697 16 18152.0 20782.0 300.0 300.0 35 36254.0 38213.0 300.0 300.0
436.71144038130996 13 24183.0 26830.0 300.0 300.0 43 42162.0 44945.0 300.0 300.0
849.930190181792 38 37168.0 40329.0 300.0 300.0 48 56444.0 58646.0 300.0 300.0
329.0900375522914 49 32164.0 33968.0 300.0 300.0 14 45492.0 47407.0 300.0 300.0
748.9167692537321 30 52727.0 54820.0 300.0 300.0 58 71950.0 74261.0 300.0 300.0
88.40175372418268 27 32677.0 36064.0 300.0 300.0 37 47650.0 50582.0 300.0 300.0
432.02038978393375 60 49249.0 51060.0 300.0 300.0 59 64897.0 67875.0 300.0 300.0
968.9289985831876 16 33365.0 35333.0 300.0 300.0 14 46184.0 48435.0 300.0 300.0
638.073128079651 46 47094.0 50339.0 300.0 300.0 21 66345.0 68835.0 300.0 300.0
42.256443697928134 50 26713.0 29074.0 300.0 300.0 11 39964.0 42882.0 300.0 300.0
585.0148846363907 56 32890.0 35443.0 300.0 300.0 24 52975.0 56009.0 300.0 300.0
348.4979235357314 44 21325.0 23149.0 300.0 300.0 53 38702.0 41349.0 300.0 300.0
518.0813340904219 16 32038.0 35238.0 300.0 300.0 20 51238.0 53901.0 300.0 300.0
222.18789218651025 16 33797.0 36772.0 300.0 300.0 40 51997.0 53957.0 300.0 300.0
345.66332754518146 26 30891.0 33749.0 300.0 300.0 20 46599.0 49816.0 300.0 300.0
496.6599907203421 58 53178.0 55834.0 300.0 300.0 48 66868.0 70146.0 300.0 300.0
908.7265770810415 52 43379.0 45737.0 300.0 300.0 29 59313.0 62550.0 300.0 300.0
929.5639725599384 41 24563.0 26519.0 300.0 300.0 59 40696.0 43730.0 300.0 300.0
273.43392711594214 42 22019.0 25269.0 300.0 300.0 43 40249.0 43136.0 300.0 300.0
112.18949004887901 51 28136.0 30475.0 300.0 300.0 50 47230.0 49993.0 300.0 300.0
91.3408367237446 60 27725.0 30461.0 300.0 300.0 46 46762.0 49626.0 300.0 300.0
850.8851815958764 58 32537.0 36025.0 300.0 300.0 37 47239.0 49166.0 300.0 300.0
147.58781463444092 12 20818.0 23523.0 300.0 300.0 58 40005.0 42402.0 300.0 300.0
298.87410484599786 56 30058.0 32125.0 300.0 300.0 50 49748.0 52400.0 300.0 300.0
184.62003412487581 44 35447.0 38302.0 300.0 300.0 49 56253.0 58575.0 300.0 300.0
214.3352739956914 14 41272.0 43533.0 300.0 300.0 18 55097.0 58063.0 300.0 300.0
526.2233959441827 51 24328.0 27156.0 300.0 300.0 46 39777.0 42595.0 300.0 300.0
603.2840180288929 46 27409.0 30621.0 300.0 300.0 24 42165.0 45757.0 300.0 300.0
872.5569070246806 48 39493.0 42475.0 300.0 300.0 50 59513.0 61686.0 300.0 300.0
635.4580100244226 23 47486.0 50502.0 300.0 300.0 16 62015.0 65359.0 300.0 300.0
439.23274644948975 13 49546.0 52607.0 300.0 300.0 45 66131.0 69524.0 300.0 300.0
294.38607399276407 28 36752.0 38703.0 300.0 300.0 24 51870.0 54252.0 300.0 300.0
779.5763704658799 18 24816.0 27154.0 300.0 300.0 49 38344.0 40296.0 300.0 300.0
419.7514255797866 21 44796.0 46608.0 300.0 300.0 42 62499.0 65865.0 300.0 300.0
675.5888344400578 50 51588.0 54227.0 300.0 300.0 33 67250.0 70328.0 300.0 300.0
36.095641686376354 20 30331.0 32200.0 300.0 300.0 30 49365.0 52009.0 300.0 300.0
285.8116792969878 59 48258.0 51169.0 300.0 300.0 35 62663.0 65486.0 300.0 300.0
536.2608437216347 59 42564.0 44847.0 300.0 300.0 11 57602.0 60486.0 300.0 300.0
782.6088032755148 42 29441.0 31724.0 300.0 300.0 40 44453.0 47036.0 300.0 300.0
34.52264758493773 59 38637.0 41985.0 300.0 300.0 45 55677.0 57913.0 300.0 300.0
342.06107854890666 23 48578.0 51746.0 300.0 300.0 53 68217.0 70210.0 300.0 300.0
141.2902980855949 22 18083.0 21152.0 300.0 300.0 48 32754.0 34624.0 300.0 300.0
20.8150195103477 58 26093.0 28328.0 300.0 300.0 29 43522.0 46331.0 300.0 300.0
391.0826567579413 17 25038.0 27252.0 300.0 300.0 44 39903.0 43079.0 300.0 300.0
579.316244662048 54 39183.0 41535.0 300.0 300.0 36 52468.0 56041.0 300.0 300.0
415.1413072325114 55 49994.0 52777.0 300.0 300.0 28 65587.0 68878.0 300.0 300.0
112.74256371670255 38 28500.0 30431.0 300.0 300.0 15 44286.0 46844.0 300.0 300.0
760.8074007726369 56 43610.0 46417.0 300.0 300.0 31 64335.0 66640.0 300.0 300.0
711.8556251414424 60 25690.0 27582.0 300.0 300.0 38 42492.0 44440.0 300.0 300.0
577.3270413720948 33 32305.0 34109.0 300.0 300.0 58 48209.0 50286.0 300.0 300.0
687.5178134588864 55 34483.0 36497.0 300.0 300.0 25 53180.0 55498.0 300.0 300.0
502.1039285366351 27 45256.0 48841.0 300.0 300.0 18 60614.0 64064.0 300.0 300.0
905.747076124434 34 21062.0 24506.0 300.0 300.0 12 40682.0 43537.0 300.0 300.0
266.9989931553648 55 29785.0 31898.0 300.0 300.0 50 49812.0 53029.0 300.0 300.0
855.2597850479912 55 22108.0 24722.0 300.0 300.0 60 41013.0 44496.0 300.0 300.0
309.8747442440043 16 43027.0 45988.0 300.0 300.0 46 57830.0 60247.0 300.0 300.0
426.2056769141962 10 30413.0 32509.0 300.0 300.0 17 43870.0 46023.0 300.0 300.0
15.362093739756165 49 26727.0 28919.0 300.0 300.0 24 43381.0 45510.0 300.0 300.0
346.33229342786575 43 32450.0 34928.0 300.0 300.0 30 50140.0 52595.0 300.0 300.0
848.3263226151921 30 37220.0 39708.0 300.0 300.0 57 57679.0 59600.0 300.0 300.0
487.6046551926252 48 41902.0 45160.0 300.0 300.0 44 60909.0 63502.0 300.0 300.0
295.6436832616647 26 38240.0 40444.0 300.0 300.0 38 54461.0 56911.0 300.0 300.0
120.20154757622126 58 42860.0 45790.0 300.0 300.0 49 57012.0 59065.0 300.0 300.0
142.9565452230208 21 30429.0 32436.0 300.0 300.0 13 49604.0 52066.0 300.0 300.0
809.0383174481315 47 25261.0 28628.0 300.0 300.0 43 40681.0 43352.0 300.0 300.0
613.7203759887891 52 52207.0 55568.0 300.0 300.0 11 70046.0 72174.0 300.0 300.0
287.13046254233444 25 32962.0 36218.0 300.0 300.0 57 50544.0 53845.0 300.0 300.0
453.126488955911 41 32138.0 34604.0 300.0 300.0 60 50879.0 53689.0 300.0 300.0
926.1877577942064 45 29579.0 32061.0 300.0 300.0 39 44013.0 46363.0 300.0 300.0
298.79641310589113 54 26939.0 30436.0 300.0 300.0 31 45022.0 47598.0 300.0 300.0
593.167187342629 58 37576.0 40686.0 300.0 300.0 43 53805.0 56064.0 300.0 300.0
27.285221120606273 57 33785.0 36474.0 300.0 300.0 51 51976.0 54680.0 300.0 300.0
826.8418717321152 24 38823.0 41116.0 300.0 300.0 20 58179.0 60583.0 300.0 300.0
68.56540964416924 57 52300.0 54926.0 300.0 300.0 59 68065.0 71606.0 300.0 300.0
594.8626403158346 50 19598.0 21573.0 300.0 300.0 39 39289.0 42265.0 300.0 300.0
542.3312425970863 56 24402.0 27173.0 300.0 300.0 47 42160.0 45554.0 300.0 300.0
962.7771291710745 19 51416.0 54755.0 300.0 300.0 24 67897.0 70704.0 300.0 300.0
77.07754613554762 14 42711.0 46166.0 300.0 300.0 57 57091.0 60528.0 300.0 300.0
994.8774534855976 43 45613.0 48449.0 300.0 300.0 55 63768.0 66790.0 300.0 300.0
146.7572455377676 57 33994.0 36651.0 300.0 300.0 16 50644.0 52468.0 300.0 300.0
144.80198774296758 44 18807.0 21115.0 300.0 300.0 31 38370.0 41577.0 300.0 300.0
6.0721025371460735 60 28957.0 32430.0 300.0 300.0 48 48773.0 51675.0 300.0 300.0
423.11606735628527 18 23603.0 26081.0 300.0 300.0 39 39175.0 42454.0 300.0 300.0
864.1400578743101 26 44805.0 48286.0 300.0 300.0 21 63241.0 65604.0 300.0 300.0
250.62247488056687 46 47536.0 50292.0 300.0 300.0 13 61882.0 63790.0 300.0 300.0
831.8253266822016 12 24062.0 26203.0 300.0 300.0 35 39050.0 42391.0 300.0 300.0
230.25195615664285 41 25572.0 28548.0 300.0 300.0 46 44013.0 46028.0 300.0 300.0
669.2005481088589 17 47366.0 49654.0 300.0 300.0 51 65583.0 69086.0 300.0 300.0
66.78789664588957 59 39679.0 42274.0 300.0 300.0 43 58179.0 60793.0 300.0 300.0
189.6020231640324 33 44809.0 47216.0 300.0 300.0 58 60959.0 63405.0 300.0 300.0
611.484501555089 26 20288.0 22993.0 300.0 300.0 12 36087.0 38369.0 300.0 300.0
823.0733457718654 12 26984.0 29198.0 300.0 300.0 46 45611.0 48086.0 300.0 300.0
946.3264007304899 25 45872.0 49302.0 300.0 300.0 39 60485.0 64072.0 300.0 300.0
766.5887127652554 18 18550.0 22137.0 300.0 300.0 59 38682.0 41161.0 300.0 300.0
598.0945573753847 21 34531.0 37921.0 300.0 300.0 49 51505.0 54733.0 300.0 300.0
47.58962122384946 43 46838.0 50379.0 300.0 300.0 53 64744.0 67913.0 300.0 300.0
292.7824639541502 37 41246.0 44593.0 300.0 300.0 28 62436.0 64895.0 300.0 300.0
881.7248697590755 52 27005.0 30045.0 300.0 300.0 18 42552.0 45670.0 300.0 300.0
142.8427356793428 10 29364.0 32642.0 300.0 300.0 18 46312.0 49383.0 300.0 300.0
830.2903963609796 33 46331.0 49352.0 300.0 300.0 31 66137.0 68909.0 300.0 300.0
179.2190872129269 31 39666.0 42589.0 300.0 300.0 13 55330.0 58852.0 300.0 300.0
357.1383976735706 49 34589.0 36741.0 300.0 300.0 23 48658.0 50866.0 300.0 300.0
682.4802566264206 26 32892.0 34931.0 300.0 300.0 20 51903.0 53793.0 300.0 300.0
582.552269603075 23 53639.0 56276.0 300.0 300.0 15 69783.0 72397.0 300.0 300.0
677.3499159331079 37 47546.0 49672.0 300.0 300.0 31 66785.0 70301.0 300.0 300.0
950.9298288423413 15 30599.0 32432.0 300.0 300.0 45 50353.0 53817.0 300.0 300.0
186.61950807632655 55 20834.0 23447.0 300.0 300.0 60 36506.0 39970.0 300.0 300.0
522.620752797702 56 43600.0 46275.0 300.0 300.0 30 58535.0 61619.0 300.0 300.0
707.3173536165477 26 49337.0 51660.0 300.0 300.0 50 69310.0 72607.0 300.0 300.0
4.839530684003779 18 46169.0 49079.0 300.0 300.0 43 62862.0 65205.0 300.0 300.0
796.9376184646231 26 36964.0 39844.0 300.0 300.0 17 55696.0 57508.0 300.0 300.0
23.51151028956555 53 20149.0 23379.0 300.0 300.0 30 35710.0 39123.0 300.0 300.0
422.73478653222116 21 24403.0 27698.0 300.0 300.0 53 43695.0 47229.0 300.0 300.0
562.8706558392802 31 44475.0 46428.0 300.0 300.0 38 57410.0 60581.0 300.0 300.0
724.162818366533 32 29044.0 31513.0 300.0 300.0 28 44496.0 46694.0 300.0 300.0
752.6526529680187 24 26450.0 29298.0 300.0 300.0 15 47027.0 49594.0 300.0 300.0
318.46211344913735 46 35569.0 38279.0 300.0 300.0 15 49796.0 51960.0 300.0 300.0
38.230053332558796 31 29972.0 33136.0 300.0 300.0 40 49989.0 52617.0 300.0 300.0
102.52042059164945 58 18390.0 21040.0 300.0 300.0 18 39032.0 40890.0 300.0 300.0
235.80650687836226 31 33684.0 37055.0 300.0 300.0 59 53391.0 55940.0 300.0 300.0
390.1860808888326 41 19015.0 22581.0 300.0 300.0 46 38989.0 41067.0 300.0 300.0
545.9881948846484 42 51778.0 54157.0 300.0 300.0 45 65099.0 68334.0 300.0 300.0
2.2911719884809445 31 22510.0 25782.0 300.0 300.0 55 37749.0 41279.0 300.0 300.0
502.2223425058703 27 23158.0 26655.0 300.0 300.0 54 40139.0 43456.0 300.0 300.0
785.2275559750979 17 23479.0 26538.0 300.0 300.0 24 40348.0 42792.0 300.0 300.0
277.64831805940605 43 31373.0 34403.0 300.0 300.0 12 48074.0 50505.0 300.0 300.0
770.8619363708326 19 38523.0 41262.0 300.0 300.0 55 57500.0 59600.0 300.0 300.0
211.13624671359122 38 47944.0 49763.0 300.0 300.0 19 65290.0 68570.0 300.0 300.0
463.10025284144575 53 45913.0 49470.0 300.0 300.0 26 62351.0 65822.0 300.0 300.0
771.3540884510672 51 21854.0 25263.0 300.0 300.0 30 42595.0 45035.0 300.0 300.0
311.12459410822015 18 22122.0 25353.0 300.0 300.0 11 42187.0 44805.0 300.0 300.0
121.64809643736052 47 43730.0 47186.0 300.0 300.0 28 64047.0 67567.0 300.0 300.0
432.19636097344727 43 50721.0 53650.0 300.0 300.0 32 68408.0 70486.0 300.0 300.0
627.7539130940526 17 48810.0 50680.0 300.0 300.0 13 65693.0 67827.0 300.0 300.0
813.306223147238 55 34861.0 37619.0 300.0 300.0 57 54359.0 57657.0 300.0 300.0
948.6697480151596 16 49848.0 52958.0 300.0 300.0 24 65495.0 68038.0 300.0 300.0
145.5767317259583 19 20682.0 22760.0 300.0 300.0 21 33742.0 36086.0 300.0 300.0
136.57947587128015 36 23670.0 27260.0 300.0 300.0 19 43887.0 46732.0 300.0 300.0
832.2894806491511 40 33341.0 36422.0 300.0 300.0 58 50281.0 53213.0 300.0 300.0
547.052566912309 47 24655.0 26895.0 300.0 300.0 58 37749.0 40590.0 300.0 300.0
624.1940803553921 50 29395.0 32249.0 300.0 300.0 46 43722.0 45997.0 300.0 300.0
412.784995323467 15 39000.0 41648.0 300.0 300.0 45 55600.0 58541.0 300.0 300.0
447.20962917438135 23 53657.0 56734.0 300.0 300.0 48 69385.0 71909.0 300.0 300.0
984.1665429187445 14 30510.0 33536.0 300.0 300.0 41 47300.0 50339.0 300.0 300.0
829.9798715640524 18 51769.0 54123.0 300.0 300.0 20 71680.0 75060.0 300.0 300.0
993.6322749321976 42 47703.0 50855.0 300.0 300.0 31 68143.0 71361.0 300.0 300.0
553.5901807313365 13 50995.0 53547.0 300.0 300.0 31 69197.0 71385.0 300.0 300.0
398.1172272212081 34 30521.0 33486.0 300.0 300.0 31 51354.0 53205.0 300.0 300.0
734.0769266917739 51 52610.0 55706.0 300.0 300.0 44 67088.0 69942.0 300.0 300.0
419.39662870414696 11 30499.0 33959.0 300.0 300.0 43 50623.0 52932.0 300.0 300.0
120.5064062266481 11 39806.0 42475.0 300.0 300.0 18 55536.0 58208.0 300.0 300.0
594.4510073241031 34 38065.0 41255.0 300.0 300.0 36 54700.0 57886.0 300.0 300.0
417.10094615849647 13 41764.0 43968.0 300.0 300.0 50 59812.0 62875.0 300.0 300.0
110.40698717081932 15 32281.0 34728.0 300.0 300.0 40 48665.0 51720.0 300.0 300.0
496.24219038921035 22 44284.0 46411.0 300.0 300.0 14 60040.0 62565.0 300.0 300.0
108.61273072441546 15 22750.0 25045.0 300.0 300.0 28 36062.0 38941.0 300.0 300.0
398.66654187372006 49 29567.0 33143.0 300.0 300.0 53 50066.0 53395.0 300.0 300.0
861.9229903766785 18 18077.0 20894.0 300.0 300.0 34 33707.0 36107.0 300.0 300.0
565.6324230098771 23 32119.0 34547.0 300.0 300.0 37 50080.0 51890.0 300.0 300.0
954.5846784161457 45 23106.0 26229.0 300.0 300.0 44 42967.0 46160.0 300.0 300.0
222.5139961493351 57 42504.0 44370.0 300.0 300.0 31 56641.0 58763.0 300.0 300.0
505.8907030065157 43 23372.0 25732.0 300.0 300.0 59 39339.0 41740.0 300.0 300.0
750.7596804935057 42 18603.0 21075.0 300.0 300.0 52 34449.0 36577.0 300.0 300.0
492.04893253989803 59 26660.0 29078.0 300.0 300.0 23 41453.0 43626.0 300.0 300.0
121.4253377562865 46 26022.0 28953.0 300.0 300.0 37 43353.0 46385.0 300.0 300.0
734.9079643955179 24 39398.0 41859.0 300.0 300.0 43 54007.0 56671.0 300.0 300.0
503.900322556765 56 37099.0 40072.0 300.0 300.0 12 54110.0 56684.0 300.0 300.0
775.0799742916082 22 24444.0 27624.0 300.0 300.0 46 40548.0 43494.0 300.0 300.0
352.7192782055909 19 45352.0 47774.0 300.0 300.0 37 60926.0 63508.0 300.0 300.0
748.7689716682694 39 45776.0 49110.0 300.0 300.0 45 63122.0 66140.0 300.0 300.0
67.59191837134581 46 43795.0 47192.0 300.0 300.0 12 62314.0 65629.0 300.0 300.0
394.7882063518473 11 25109.0 28167.0 300.0 300.0 24 44727.0 48013.0 300.0 300.0
530.4665259008092 25 31975.0 34217.0 300.0 300.0 29 47550.0 50588.0 300.0 300.0
267.7473950144762 48 52494.0 55239.0 300.0 300.0 29 71823.0 73889.0 300.0 300.0
871.4203347863873 34 51321.0 53960.0 300.0 300.0 24 67384.0 70469.0 300.0 300.0
196.4990169715105 58 27938.0 29754.0 300.0 300.0 44 42987.0 45017.0 300.0 300.0
984.6681596593575 53 21024.0 23402.0 300.0 300.0 42 37926.0 41127.0 300.0 300.0
559.315502624005 60 28745.0 30590.0 300.0 300.0 18 43379.0 45798.0 300.0 300.0
998.6016413264441 27 39443.0 42280.0 300.0 300.0 13 54548.0 56951.0 300.0 300.0
338.96602025331634 60 31947.0 34164.0 300.0 300.0 11 47623.0 50478.0 300.0 300.0
850.4920780884615 38 47469.0 50712.0 300.0 300.0 36 62334.0 64609.0 300.0 300.0
446.2869755482546 57 33505.0 35801.0 300.0 300.0 59 50595.0 53335.0 300.0 300.0
687.6599756557893 52 27532.0 31083.0 300.0 300.0 26 47308.0 50586.0 300.0 300.0
968.7817257408761 35 28125.0 31619.0 300.0 300.0 13 49185.0 51100.0 300.0 300.0
232.26284367845884 15 24312.0 26581.0 300.0 300.0 24 37499.0 39619.0 300.0 300.0
804.409043095645 24 29977.0 33445.0 300.0 300.0 30 46706.0 50103.0 300.0 300.0
835.4797701900029 19 52799.0 55025.0 300.0 300.0 12 72789.0 75444.0 300.0 300.0
307.5621730171999 48 51508.0 53889.0 300.0 300.0 52 65176.0 68166.0 300.0 300.0
397.25305509569995 34 18334.0 20410.0 300.0 300.0 16 36058.0 38336.0 300.0 300.0
816.2193800266381 15 39187.0 42459.0 300.0 300.0 35 58631.0 60534.0 300.0 300.0
937.7368813358416 35 20579.0 24152.0 300.0 300.0 55 38312.0 41741.0 300.0 300.0
192.64654681977467 21 39389.0 42961.0 300.0 300.0 10 56798.0 60317.0 300.0 300.0
533.4252972757763 39 44071.0 46418.0 300.0 300.0 17 62737.0 66128.0 300.0 300.0
225.52183795126845 33 38993.0 40890.0 300.0 300.0 16 56540.0 59243.0 300.0 300.0
841.1896924676125 35 45983.0 49412.0 300.0 300.0 17 64278.0 66400.0 300.0 300.0
73.96696018251536 26 35385.0 38542.0 300.0 300.0 33 51919.0 54252.0 300.0 300.0
153.12525483145345 50 26752.0 30262.0 300.0 300.0 47 46092.0 49165.0 300.0 300.0
33.12459130995327 29 23653.0 26093.0 300.0 300.0 54 39288.0 41808.0 300.0 300.0
89.53821000499073 23 38264.0 41018.0 300.0 300.0 29 52322.0 54991.0 300.0 300.0
150.40750201942288 55 28395.0 31800.0 300.0 300.0 37 46408.0 49261.0 300.0 300.0
741.3284766787747 18 43822.0 46140.0 300.0 300.0 33 59238.0 62156.0 300.0 300.0
489.52266638072996 53 53873.0 57198.0 300.0 300.0 43 70512.0 72676.0 300.0 300.0
520.5351679366122 59 18035.0 20750.0 300.0 300.0 40 32064.0 34273.0 300.0 300.0
728.3854105799809 20 28709.0 31896.0 300.0 300.0 13 43790.0 46718.0 300.0 300.0
732.3945353703513 15 34488.0 38067.0 300.0 300.0 36 52426.0 54397.0 300.0 300.0
873.9968466178825 48 35846.0 38535.0 300.0 300.0 13 53596.0 57015.0 300.0 300.0
116.76039030652296 10 31255.0 34193.0 300.0 300.0 45 48291.0 50454.0 300.0 300.0
3.5519133146248993 11 36529.0 39613.0 300.0 300.0 16 54756.0 57042.0 300.0 300.0
353.3840658951384 15 35335.0 38814.0 300.0 300.0 31 51798.0 55380.0 300.0 300.0
402.13876478856236 28 18338.0 21604.0 300.0 300.0 43 36939.0 40150.0 300.0 300.0
925.9454960411473 11 36452.0 38486.0 300.0 300.0 15 56312.0 58554.0 300.0 300.0
303.423885035594 55 23185.0 25385.0 300.0 300.0 21 38470.0 40510.0 300.0 300.0
294.84548668816313 16 33665.0 36111.0 300.0 300.0 44 52551.0 54574.0 300.0 300.0
675.1023851082385 39 29223.0 31909.0 300.0 300.0 17 48331.0 50409.0 300.0 300.0
148.96322275767625 56 33147.0 36211.0 300.0 300.0 23 47787.0 49649.0 300.0 300.0
384.42167387300265 38 50076.0 52622.0 300.0 300.0 14 70562.0 73801.0 300.0 300.0
561.580292384623 14 36550.0 39881.0 300.0 300.0 33 52531.0 56096.0 300.0 300.0
373.92011459826034 50 43151.0 46488.0 300.0 300.0 42 64301.0 66314.0 300.0 300.0
244.57179677370934 38 49801.0 52392.0 300.0 300.0 54 63536.0 66920.0 300.0 300.0
651.2024386465257 19 51098.0 54656.0 300.0 300.0 50 71494.0 74858.0 300.0 300.0
216.24671139839836 49 28927.0 32491.0 300.0 300.0 31 45837.0 49076.0 300.0 300.0
411.0113216002461 47 36131.0 38152.0 300.0 300.0 26 49818.0 52096.0 300.0 300.0
119.73164376964296 25 38784.0 40928.0 300.0 300.0 42 55096.0 58675.0 300.0 300.0
159.34260873681183 20 48873.0 51463.0 300.0 300.0 21 62938.0 65258.0 300.0 300.0
57.76352158297493 20 26198.0 28119.0 300.0 300.0 22 45293.0 48456.0 300.0 300.0
478.5500244221615 41 48845.0 51800.0 300.0 300.0 32 65404.0 68289.0 300.0 300.0
162.78790282936117 48 46032.0 47906.0 300.0 300.0 53 63650.0 66140.0 300.0 300.0
974.3368285861006 60 19540.0 21391.0 300.0 300.0 23 33364.0 36642.0 300.0 300.0
574.3272302118447 31 39847.0 42297.0 300.0 300.0 19 58527.0 60752.0 300.0 300.0
879.6476448144175 10 28368.0 30386.0 300.0 300.0 32 46196.0 49324.0 300.0 300.0
34.03932993014891 27 45958.0 48479.0 300.0 300.0 46 60951.0 63968.0 300.0 300.0
890.5451458750833 58 25170.0 28381.0 300.0 300.0 55 44209.0 46841.0 300.0 300.0
777.4574996618286 20 52474.0 54343.0 300.0 300.0 22 65518.0 67516.0 300.0 300.0
693.3454927415976 48 27734.0 29915.0 300.0 300.0 16 46783.0 50038.0 300.0 300.0
754.190005294076 58 50089.0 53303.0 300.0 300.0 20 68559.0 70474.0 300.0 300.0
663.1339488117903 31 53088.0 56678.0 300.0 300.0 60 71108.0 72982.0 300.0 300.0
758.837056351158 31 33461.0 36471.0 300.0 300.0 15 50667.0 53678.0 300.0 300.0
708.201118708985 27 18404.0 21076.0 300.0 300.0 54 32704.0 34884.0 300.0 300.0
725.907683175652 45 46590.0 49483.0 300.0 300.0 21 63830.0 66234.0 300.0 300.0
774.2203714153069 12 25423.0 27947.0 300.0 300.0 36 42449.0 44405.0 300.0 300.0
15.81398352333585 30 50128.0 52594.0 300.0 300.0 45 63846.0 66059.0 300.0 300.0
161.79140721140573 23 44217.0 46185.0 300.0 300.0 53 61938.0 64902.0 300.0 300.0
887.1883494877193 32 39438.0 41801.0 300.0 300.0 14 53070.0 55468.0 300.0 300.0
341.344238356861 57 34159.0 37627.0 300.0 300.0 12 49420.0 51933.0 300.0 300.0
764.2861342673159 53 29762.0 32418.0 300.0 300.0 15 45176.0 47848.0 300.0 300.0
144.7445711949171 24 28756.0 30749.0 300.0 300.0 21 41628.0 44238.0 300.0 300.0
227.45386041478588 22 50503.0 53940.0 300.0 300.0 14 64845.0 66879.0 300.0 300.0
82.05493564155586 52 24780.0 28324.0 300.0 300.0 23 39455.0 42293.0 300.0 300.0
599.288351741955 59 45339.0 48401.0 300.0 300.0 43 59547.0 62621.0 300.0 300.0
567.9520741840528 24 37342.0 40284.0 300.0 300.0 54 53450.0 56354.0 300.0 300.0
398.2852647841305 36 45110.0 47552.0 300.0 300.0 18 63765.0 66086.0 300.0 300.0
272.81531396618277 54 27291.0 30212.0 300.0 300.0 60 47917.0 49855.0 300.0 300.0
973.9553052882371 12 20026.0 23084.0 300.0 300.0 44 38500.0 40671.0 300.0 300.0
850.4007287890929 27 33985.0 36698.0 300.0 300.0 18 52770.0 55084.0 300.0 300.0
120.42194702363341 37 53897.0 56478.0 300.0 300.0 13 68257.0 71562.0 300.0 300.0
383.5888761176919 33 28960.0 31387.0 300.0 300.0 12 43748.0 45551.0 300.0 300.0
46.634196222476334 54 32709.0 35374.0 300.0 300.0 35 49825.0 53262.0 300.0 300.0
962.6040973145591 21 38617.0 41091.0 300.0 300.0 29 56089.0 59518.0 300.0 300.0
527.1325791596755 34 30885.0 33742.0 300.0 300.0 13 47297.0 49254.0 300.0 300.0
531.3897404574896 55 42570.0 45951.0 300.0 300.0 40 62748.0 64958.0 300.0 300.0
493.7728026423838 17 30833.0 33885.0 300.0 300.0 34 48338.0 51684.0 300.0 300.0
156.9018654208213 43 24827.0 27754.0 300.0 300.0 60 44375.0 46954.0 300.0 300.0
491.29048328904133 15 53632.0 56910.0 300.0 300.0 30 67945.0 70178.0 300.0 300.0
76.7398766766102 35 51289.0 53619.0 300.0 300.0 31 67244.0 70830.0 300.0 300.0
