50 1000
10000.0 6 14400.0 79200.0
5000.0 1 14400.0 79200.0
5000.0 7 14400.0 79200.0
2000.0 1 14400.0 79200.0
7000.0 5 14400.0 79200.0
7000.0 4 14400.0 79200.0
7000.0 6 14400.0 79200.0
2000.0 0 14400.0 79200.0
7000.0 5 14400.0 79200.0
5000.0 7 14400.0 79200.0
5000.0 9 14400.0 79200.0
5000.0 5 14400.0 79200.0
5000.0 8 14400.0 79200.0
5000.0 6 14400.0 79200.0
5000.0 5 14400.0 79200.0
10000.0 1 14400.0 79200.0
5000.0 5 14400.0 79200.0
5000.0 3 14400.0 79200.0
2000.0 0 14400.0 79200.0
5000.0 7 14400.0 79200.0
2000.0 5 14400.0 79200.0
7000.0 1 14400.0 79200.0
5000.0 9 14400.0 79200.0
7000.0 5 14400.0 79200.0
5000.0 0 14400.0 79200.0
5000.0 7 14400.0 79200.0
5000.0 8 14400.0 79200.0
2000.0 0 14400.0 79200.0
2000.0 0 14400.0 79200.0
10000.0 2 14400.0 79200.0
2000.0 4 14400.0 79200.0
10000.0 2 14400.0 79200.0
7000.0 3 14400.0 79200.0
7000.0 5 14400.0 79200.0
7000.0 8 14400.0 79200.0
2000.0 3 14400.0 79200.0
7000.0 5 14400.0 79200.0
7000.0 7 14400.0 79200.0
5000.0 0 14400.0 79200.0
2000.0 2 14400.0 79200.0
5000.0 1 14400.0 79200.0
2000.0 2 14400.0 79200.0
10000.0 5 14400.0 79200.0
10000.0 9 14400.0 79200.0
2000.0 3 14400.0 79200.0
2000.0 6 14400.0 79200.0
7000.0 2 14400.0 79200.0
10000.0 0 14400.0 79200.0
10000.0 0 14400.0 79200.0
7000.0 6 14400.0 79200.0
40.16193980882377 46 33387.0 36525.0 300.0 300.0 14 51729.0 53710.0 300.0 300.0
984.0621173097214 19 48157.0 49961.0 300.0 300.0 23 61734.0 63779.0 300.0 300.0
986.9157564416948 14 34954.0 37265.0 300.0 300.0 40 52716.0 56118.0 300.0 300.0
196.46260188124342 39 40440.0 43783.0 300.0 300.0 40 58053.0 60694.0 300.0 300.0
97.36275696375162 43 23419.0 26552.0 300.0 300.0 23 39308.0 42862.0 300.0 300.0
291.28738911529905 52 46176.0 49030.0 300.0 300.0 38 61145.0 63111.0 300.0 300.0
435.0180001679369 40 52536.0 54719.0 300.0 300.0 26 67763.0 70611.0 300.0 300.0
705.0310998197406 35 23792.0 27141.0 300.0 300.0 14 42078.0 44908.0 300.0 300.0
518.1610234988514 34 42073.0 45068.0 300.0 300.0 18 60891.0 63269.0 300.0 300.0
648.3262307883807 57 41557.0 44418.0 300.0 300.0 39 60729.0 63696.0 300.0 300.0
955.5131234622661 34 19323.0 22092.0 300.0 300.0 43 37803.0 40944.0 300.0 300.0
606.0607486473612 36 44566.0 46456.0 300.0 300.0 30 62480.0 65406.0 300.0 300.0
866.4605837853023 23 46934.0 50356.0 300.0 300.0 53 61198.0 64370.0 300.0 300.0
716.0898234028051 52 50430.0 52786.0 300.0 300.0 44 66906.0 69767.0 300.0 300.0
831.1791382277245 23 35422.0 38517.0 300.0 300.0 59 53021.0 55662.0 300.0 300.0
57.031756247612584 12 49068.0 51693.0 300.0 300.0 22 68088.0 70869.0 300.0 300.0
485.58682944669084 16 43608.0 46641.0 300.0 300.0 21 60705.0 62822.0 300.0 300.0
472.35324233709775 53 30715.0 33328.0 300.0 300.0 32 46602.0 48503.0 300.0 300.0
729.4495720403198 48 23012.0 25074.0 300.0 300.0 60 37565.0 39391.0 300.0 300.0
281.5543516266571 13 37167.0 39822.0 300.0 300.0 27 57596.0 59522.0 300.0 300.0
322.9135840406244 25 28989.0 31060.0 300.0 300.0 32 45421.0 47609.0 300.0 300.0
322.9264695172884 22 42077.0 44774.0 300.0 300.0 50 61841.0 64630.0 300.0 300.0
986.3419453820308 44 35334.0 37241.0 300.0 300.0 18 48667.0 50544.0 300.0 300.0
213.61366756783585 40 43635.0 46518.0 300.0 300.0 34 59324.0 61555.0 300.0 300.0
929.0668045742101 45 35365.0 37255.0 300.0 300.0 24 51089.0 52911.0 300.0 300.0
463.4747432872662 44 18772.0 21447.0 300.0 300.0 56 34476.0 38036.0 300.0 300.0
562.384038039742 58 24999.0 27299.0 300.0 300.0 27 41848.0 44247.0 300.0 300.0
335.80822503465237 57 42975.0 45443.0 300.0 300.0 47 62838.0 65281.0 300.0 300.0
408.0415808854985 47 30263.0 32856.0 300.0 300.0 25 50741.0 53273.0 300.0 300.0
791.0302945647353 60 53133.0 56590.0 300.0 300.0 36 74276.0 76759.0 300.0 300.0
412.20706747053737 33 41659.0 44370.0 300.0 300.0 55 61747.0 63746.0 300.0 300.0
893.9244175404403 36 49437.0 51995.0 300.0 300.0 25 66093.0 69368.0 300.0 300.0
892.4209751025807 30 29983.0 31798.0 300.0 300.0 31 49099.0 52336.0 300.0 300.0
110.52589715565931 40 45301.0 48617.0 300.0 300.0 59 65243.0 67094.0 300.0 300.0
666.700840636834 42 42096.0 44520.0 300.0 300.0 16 59621.0 62294.0 300.0 300.0
600.8538278734092 44 18222.0 21187.0 300.0 300.0 56 35789.0 38642.0 300.0 300.0
884.486121326278 33 36664.0 38969.0 300.0 300.0 60 54583.0 56667.0 300.0 300.0
46.720467498069794 46 22593.0 25893.0 300.0 300.0 28 36747.0 39735.0 300.0 300.0
152.60258126944802 15 19607.0 21735.0 300.0 300.0 28 36159.0 38419.0 300.0 300.0
592.2737249865021 23 44098.0 46300.0 300.0 300.0 13 57289.0 59101.0 300.0 300.0
539.3593378768114 22 45530.0 48684.0 300.0 300.0 55 62924.0 66410.0 300.0 300.0
955.6753236643204 51 45492.0 47361.0 300.0 300.0 36 59482.0 62392.0 300.0 300.0
369.11807439149925 33 18295.0 21674.0 300.0 300.0 48 36466.0 38670.0 300.0 300.0
764.6757269916216 28 19680.0 21786.0 300.0 300.0 14 38107.0 40069.0 300.0 300.0
670.422810667261 47 50611.0 54141.0 300.0 300.0 55 69144.0 71847.0 300.0 300.0
232.47942678527832 31 36768.0 40283.0 300.0 300.0 49 57971.0 60918.0 300.0 300.0
104.64995124864495 53 39469.0 42596.0 300.0 300.0 26 54943.0 57325.0 300.0 300.0
713.2413653804794 12 45588.0 49116.0 300.0 300.0 42 66566.0 68569.0 300.0 300.0
930.1075773422594 17 35762.0 38992.0 300.0 300.0 37 54976.0 57395.0 300.0 300.0
733.2103724673459 31 19624.0 23130.0 300.0 300.0 49 34540.0 36391.0 300.0 300.0
408.9346867448215 37 35840.0 38316.0 300.0 300.0 11 51710.0 53800.0 300.0 300.0
292.72709950396927 12 18519.0 21138.0 300.0 300.0 44 38898.0 42208.0 300.0 300.0
260.7487233657881 35 49237.0 52340.0 300.0 300.0 25 67671.0 70627.0 300.0 300.0
569.1574743405481 60 21995.0 24062.0 300.0 300.0 43 37001.0 40287.0 300.0 300.0
636.8661996996713 52 52524.0 54453.0 300.0 300.0 41 71363.0 73594.0 300.0 300.0
348.9361775539853 34 48939.0 51150.0 300.0 300.0 57 67456.0 69884.0 300.0 300.0
320.5545174836797 33 48341.0 50794.0 300.0 300.0 48 61919.0 65215.0 300.0 300.0
290.121915341807 51 41276.0 43808.0 300.0 300.0 26 58646.0 61327.0 300.0 300.0
750.0109662123925 52 40121.0 43448.0 300.0 300.0 58 60447.0 63696.0 300.0 300.0
411.5178640912123 48 41688.0 43637.0 300.0 300.0 49 56124.0 59280.0 300.0 300.0
168.8385473374293 49 29838.0 32717.0 300.0 300.0 20 49168.0 52004.0 300.0 300.0
451.14848244593276 60 42739.0 45817.0 300.0 300.0 16 60080.0 62804.0 300.0 300.0
0.29568371261923243 13 22196.0 25573.0 300.0 300.0 17 38099.0 40559.0 300.0 300.0
100.74941161899409 60 50230.0 52459.0 300.0 300.0 33 65834.0 69057.0 300.0 300.0
42.51561583233476 22 43865.0 46870.0 300.0 300.0 11 63927.0 65852.0 300.0 300.0
753.331969761487 19 37801.0 40372.0 300.0 300.0 17 56179.0 58237.0 300.0 300.0
527.5752480182442 25 43500.0 46876.0 300.0 300.0 12 62562.0 64560.0 300.0 300.0
681.6194814626336 20 36569.0 39070.0 300.0 300.0 47 53687.0 56335.0 300.0 300.0
572.4636440195615 18 47947.0 51315.0 300.0 300.0 17 68037.0 71230.0 300.0 300.0
364.3806170407308 32 27042.0 29431.0 300.0 300.0 39 43925.0 46180.0 300.0 300.0
278.76548715289726 27 48081.0 49927.0 300.0 300.0 36 65841.0 69228.0 300.0 300.0
597.94670612389 32 26095.0 28660.0 300.0 300.0 41 39987.0 42908.0 300.0 300.0
273.7056331802449 23 41574.0 43602.0 300.0 300.0 54 58116.0 61083.0 300.0 300.0
658.4083347647471 51 41506.0 43826.0 300.0 300.0 25 59277.0 61286.0 300.0 300.0
0.9513761742291349 52 18190.0 20682.0 300.0 300.0 55 31505.0 33503.0 300.0 300.0
937.4299464470819 40 51637.0 53869.0 300.0 300.0 16 67068.0 69385.0 300.0 300.0
597.4669436282195 15 18385.0 20887.0 300.0 300.0 29 32252.0 35083.0 300.0 300.0
466.9656864578293 30 18323.0 20380.0 300.0 300.0 23 36253.0 39170.0 300.0 300.0
874.3582308978883 40 21452.0 23409.0 300.0 300.0 35 37898.0 41273.0 300.0 300.0
615.4421219137107 23 33972.0 36941.0 300.0 300.0 32 48408.0 51156.0 300.0 300.0
256.01476375535714 42 42589.0 45949.0 300.0 300.0 22 60746.0 62594.0 300.0 300.0
4.609708497386622 31 35065.0 38577.0 300.0 300.0 53 50594.0 52608.0 300.0 300.0
633.3001087293145 54 29284.0 32046.0 300.0 300.0 32 46635.0 49292.0 300.0 300.0
621.0426469157694 60 38857.0 42359.0 300.0 300.0 20 53465.0 55747.0 300.0 300.0
922.7885359193536 45 30652.0 32793.0 300.0 300.0 46 44245.0 46379.0 300.0 300.0
922.350922126653 33 45508.0 48207.0 300.0 300.0 45 64799.0 68077.0 300.0 300.0
774.195586778156 38 51841.0 54522.0 300.0 300.0 34 69830.0 71889.0 300.0 300.0
943.097917210966 43 31325.0 33424.0 300.0 300.0 51 50076.0 52471.0 300.0 300.0
770.6815010577454 58 18542.0 20598.0 300.0 300.0 19 35024.0 37526.0 300.0 300.0
451.10513306568566 31 35605.0 38502.0 300.0 300.0 47 56295.0 58554.0 300.0 300.0
669.4685209058945 34 52046.0 54496.0 300.0 300.0 26 65365.0 67340.0 300.0 300.0
787.5632602035921 14 32557.0 35502.0 300.0 300.0 13 50009.0 53233.0 300.0 300.0
640.4346151190608 49 31017.0 33049.0 300.0 300.0 21 45006.0 47662.0 300.0 300.0
324.81710579577384 54 44460.0 46737.0 300.0 300.0 13 64513.0 67998.0 300.0 300.0
94.62696158488227 54 33315.0 35329.0 300.0 300.0 43 49997.0 53406.0 300.0 300.0
408.89413958889577 28 29100.0 32306.0 300.0 300.0 42 49818.0 52181.0 300.0 300.0
928.9565315612017 53 46458.0 49071.0 300.0 300.0 19 60419.0 63465.0 300.0 300.0
119.2114819496558 18 26992.0 29359.0 300.0 300.0 17 43599.0 47155.0 300.0 300.0
833.0410622341636 32 42580.0 44518.0 300.0 300.0 24 57042.0 58872.0 300.0 300.0
309.2178481420661 45 28500.0 31454.0 300.0 300.0 56 45104.0 46906.0 300.0 300.0
553.9842742554695 56 36656.0 39410.0 300.0 300.0 18 51294.0 54715.0 300.0 300.0
807.1663655070837 32 20726.0 24028.0 300.0 300.0 18 36896.0 40285.0 300.0 300.0
648.9163758178727 47 40066.0 42528.0 300.0 300.0 15 59547.0 62803.0 300.0 300.0
708.3115628913536 39 51608.0 55049.0 300.0 300.0 25 73044.0 76192.0 300.0 300.0
586.8507899192977 41 31756.0 34424.0 300.0 300.0 23 48216.0 50767.0 300.0 300.0
715.4928132599453 30 42769.0 46290.0 300.0 300.0 12 63259.0 65716.0 300.0 300.0
13.68603182901429 16 47980.0 50126.0 300.0 300.0 33 63494.0 65866.0 300.0 300.0
55.596462931675305 56 47908.0 50949.0 300.0 300.0 57 62769.0 66239.0 300.0 300.0
349.22760476896906 32 40220.0 42032.0 300.0 300.0 58 53334.0 55640.0 300.0 300.0
670.4439497553573 39 40548.0 42716.0 300.0 300.0 32 59476.0 61965.0 300.0 300.0
534.5219215794284 13 45898.0 49357.0 300.0 300.0 34 67031.0 69208.0 300.0 300.0
942.2716200880885 54 32113.0 34709.0 300.0 300.0 36 48734.0 51614.0 300.0 300.0
942.5618859238904 16 18207.0 20378.0 300.0 300.0 13 38312.0 41600.0 300.0 300.0
940.5652221320358 27 27245.0 29180.0 300.0 300.0 37 42786.0 44927.0 300.0 300.0
65.89113537107949 41 43069.0 46398.0 300.0 300.0 10 63065.0 66295.0 300.0 300.0
77.37556652775979 56 52156.0 55738.0 300.0 300.0 21 72921.0 75206.0 300.0 300.0
320.52887392714945 35 32164.0 35722.0 300.0 300.0 33 48420.0 50742.0 300.0 300.0
625.537235009881 26 42148.0 45243.0 300.0 300.0 31 59058.0 61774.0 300.0 300.0
986.0609956517725 23 27246.0 30500.0 300.0 300.0 10 47266.0 49536.0 300.0 300.0
15.977374209671158 48 34319.0 37202.0 300.0 300.0 17 50865.0 53474.0 300.0 300.0
125.17255094521407 37 40736.0 43833.0 300.0 300.0 32 55290.0 58405.0 300.0 300.0
398.451127299889 34 47221.0 49507.0 300.0 300.0 25 64114.0 66610.0 300.0 300.0
90.1820742008993 25 53843.0 55691.0 300.0 300.0 29 69781.0 72487.0 300.0 300.0
70.86331499741694 13 30876.0 33566.0 300.0 300.0 18 48393.0 50335.0 300.0 300.0
586.5085115926197 10 37225.0 40000.0 300.0 300.0 31 52688.0 55965.0 300.0 300.0
986.4960152616546 10 44263.0 46747.0 300.0 300.0 33 62068.0 64967.0 300.0 300.0
990.0555506022977 39 42324.0 44983.0 300.0 300.0 32 56337.0 58951.0 300.0 300.0
300.9990069874829 53 47025.0 49293.0 300.0 300.0 55 65477.0 67388.0 300.0 300.0
833.2147404068246 18 33907.0 36920.0 300.0 300.0 11 48471.0 50366.0 300.0 300.0
471.3264835816462 52 31829.0 33951.0 300.0 300.0 41 46402.0 49901.0 300.0 300.0
817.9177183291248 46 20726.0 23446.0 300.0 300.0 26 37567.0 40320.0 300.0 300.0
650.7112712918647 28 19211.0 22648.0 300.0 300.0 36 39914.0 43244.0 300.0 300.0
978.6378055299439 56 34383.0 37494.0 300.0 300.0 41 52581.0 55517.0 300.0 300.0
405.41773855477504 55 41913.0 45180.0 300.0 300.0 42 60724.0 63748.0 300.0 300.0
407.5507015153577 33 32011.0 35535.0 300.0 300.0 44 50659.0 53898.0 300.0 300.0
212.94777048546686 44 48158.0 50590.0 300.0 300.0 60 63835.0 65979.0 300.0 300.0
331.693136882085 32 29957.0 32418.0 300.0 300.0 17 43281.0 46380.0 300.0 300.0
874.5048627701217 58 26973.0 29306.0 300.0 300.0 24 42974.0 45371.0 300.0 300.0
970.7556722107043 40 51742.0 54978.0 300.0 300.0 22 66855.0 69666.0 300.0 300.0
208.136515935355 41 24940.0 27210.0 300.0 300.0 24 39938.0 43103.0 300.0 300.0
36.33982073302489 56 34682.0 36998.0 300.0 300.0 13 48764.0 52229.0 300.0 300.0
988.7413889882196 13 40390.0 42744.0 300.0 300.0 19 54443.0 57085.0 300.0 300.0
600.7006704245458 21 33088.0 35521.0 300.0 300.0 30 48491.0 51189.0 300.0 300.0
607.0819931077683 60 35431.0 37851.0 300.0 300.0 52 50219.0 52910.0 300.0 300.0
366.1620554439107 31 25241.0 28597.0 300.0 300.0 51 44928.0 47914.0 300.0 300.0
856.5021703321746 31 51863.0 53847.0 300.0 300.0 40 68604.0 72097.0 300.0 300.0
715.8821203620956 15 32720.0 35083.0 300.0 300.0 45 52399.0 54404.0 300.0 300.0
381.99753281057014 15 35225.0 37152.0 300.0 300.0 40 51072.0 52949.0 300.0 300.0
792.1905239155614 50 24264.0 26989.0 300.0 300.0 34 43326.0 46494.0 300.0 300.0
884.7938356088328 29 39446.0 42117.0 300.0 300.0 52 59521.0 62956.0 300.0 300.0
809.4158456284382 21 27436.0 29589.0 300.0 300.0 12 41113.0 44698.0 300.0 300.0
144.1890480160608 52 53857.0 57374.0 300.0 300.0 41 70076.0 73128.0 300.0 300.0
802.4491605783347 40 18941.0 22031.0 300.0 300.0 44 36835.0 40256.0 300.0 300.0
259.02560513357145 30 22108.0 24413.0 300.0 300.0 21 35224.0 37376.0 300.0 300.0
588.0993816898349 13 18634.0 21543.0 300.0 300.0 59 37352.0 40022.0 300.0 300.0
420.0680407072667 23 29699.0 32315.0 300.0 300.0 48 48070.0 51267.0 300.0 300.0
280.8136360964888 19 28971.0 32262.0 300.0 300.0 35 46515.0 49117.0 300.0 300.0
682.4323988357952 18 40672.0 43438.0 300.0 300.0 54 58804.0 61790.0 300.0 300.0
774.1645132806531 12 27802.0 30466.0 300.0 300.0 47 47774.0 50743.0 300.0 300.0
29.08683808778145 45 43347.0 46073.0 300.0 300.0 28 62171.0 64584.0 300.0 300.0
50.62000374419073 25 52907.0 54919.0 300.0 300.0 35 72916.0 74934.0 300.0 300.0
901.7306817474915 29 32875.0 36445.0 300.0 300.0 51 48787.0 51098.0 300.0 300.0
499.8653054786674 37 31198.0 33862.0 300.0 300.0 16 51501.0 54714.0 300.0 300.0
957.8522595728074 47 43641.0 46692.0 300.0 300.0 26 64644.0 67395.0 300.0 300.0
955.0632167747718 53 25884.0 27764.0 300.0 300.0 49 39342.0 41730.0 300.0 300.0
210.6273142763494 10 52053.0 54051.0 300.0 300.0 58 66885.0 70148.0 300.0 300.0
351.02322470171663 48 37738.0 40138.0 300.0 300.0 16 53713.0 56512.0 300.0 300.0
774.0887576031366 46 22643.0 25724.0 300.0 300.0 44 39981.0 43217.0 300.0 300.0
581.7769324505084 54 18481.0 21373.0 300.0 300.0 60 38440.0 40408.0 300.0 300.0
6.59006412431562 23 44578.0 47144.0 300.0 300.0 22 58646.0 61680.0 300.0 300.0
710.3780347651201 47 20808.0 22627.0 300.0 300.0 59 39027.0 42008.0 300.0 300.0
992.2854319540609 55 45968.0 47974.0 300.0 300.0 14 58978.0 61960.0 300.0 300.0
443.0874653725553 26 48152.0 50979.0 300.0 300.0 48 64608.0 67511.0 300.0 300.0
578.8278818259649 60 36670.0 38854.0 300.0 300.0 49 51222.0 53205.0 300.0 300.0
115.06928974836195 56 36340.0 39337.0 300.0 300.0 26 55252.0 57214.0 300.0 300.0
889.7757965508107 41 18802.0 21676.0 300.0 300.0 28 38655.0 41073.0 300.0 300.0
96.2863724833356 39 49170.0 52105.0 300.0 300.0 26 69484.0 72822.0 300.0 300.0
626.7180525325942 43 38600.0 40891.0 300.0 300.0 18 54488.0 57958.0 300.0 300.0
874.7998453616245 43 39962.0 42107.0 300.0 300.0 44 58594.0 61222.0 300.0 300.0
77.6633195373041 52 53769.0 56077.0 300.0 300.0 50 69069.0 71278.0 300.0 300.0
329.867765792784 24 46468.0 50067.0 300.0 300.0 43 61385.0 63442.0 300.0 300.0
547.9561512760675 52 49551.0 52763.0 300.0 300.0 29 67451.0 69483.0 300.0 300.0
198.20956085342866 12 39364.0 41683.0 300.0 300.0 19 56592.0 58900.0 300.0 300.0
655.4193379583061 57 24473.0 26403.0 300.0 300.0 38 41896.0 44557.0 300.0 300.0
152.02793729603482 41 23017.0 25869.0 300.0 300.0 11 42005.0 44911.0 300.0 300.0
294.4942713831583 37 27515.0 30389.0 300.0 300.0 23 44279.0 46552.0 300.0 300.0
544.7139811378435 40 36252.0 38995.0 300.0 300.0 26 49808.0 51776.0 300.0 300.0
21.14454742967442 12 50141.0 53525.0 300.0 300.0 49 69701.0 72963.0 300.0 300.0
896.8264374185562 58 51560.0 54794.0 300.0 300.0 16 66406.0 68658.0 300.0 300.0
571.8715970463923 25 23643.0 26839.0 300.0 300.0 29 40556.0 43200.0 300.0 300.0
857.5387522028285 47 45371.0 47706.0 300.0 300.0 53 59575.0 61645.0 300.0 300.0
371.3989027327128 32 22209.0 24517.0 300.0 300.0 17 38774.0 42068.0 300.0 300.0
311.25935874419054 54 19550.0 21605.0 300.0 300.0 31 39431.0 42451.0 300.0 300.0
353.8305563084607 14 33306.0 35780.0 300.0 300.0 23 53368.0 55506.0 300.0 300.0
740.9081416702438 36 50037.0 53015.0 300.0 300.0 18 67975.0 71083.0 300.0 300.0
605.1693149231297 38 37026.0 40248.0 300.0 300.0 53 53872.0 56857.0 300.0 300.0
3.0971364439339455 44 39050.0 40946.0 300.0 300.0 37 54495.0 56526.0 300.0 300.0
99.1510728493381 32 42898.0 46281.0 300.0 300.0 42 64085.0 67072.0 300.0 300.0
520.3214065086815 37 44466.0 47587.0 300.0 300.0 15 64761.0 67444.0 300.0 300.0
745.9579379324226 24 52029.0 54887.0 300.0 300.0 39 69343.0 71632.0 300.0 300.0
114.6907751355567 28 21142.0 24716.0 300.0 300.0 19 36113.0 39547.0 300.0 300.0
691.4244316469209 22 48059.0 51275.0 300.0 300.0 43 66697.0 68500.0 300.0 300.0
469.578326799734 51 26920.0 28979.0 300.0 300.0 54 42693.0 44617.0 300.0 300.0
114.13850184665341 21 23817.0 25961.0 300.0 300.0 37 37567.0 41114.0 300.0 300.0
542.0516614361189 60 23039.0 25787.0 300.0 300.0 54 38790.0 41192.0 300.0 300.0
975.0269997144841 33 41445.0 43737.0 300.0 300.0 20 61376.0 63943.0 300.0 300.0
301.69116362702044 32 24279.0 27534.0 300.0 300.0 13 39597.0 42895.0 300.0 300.0
318.6419700108086 58 19491.0 21401.0 300.0 300.0 21 35559.0 37581.0 300.0 300.0
441.3624080290873 26 37659.0 39952.0 300.0 300.0 46 54834.0 57553.0 300.0 300.0
831.843482178165 11 36622.0 39872.0 300.0 300.0 40 56166.0 59451.0 300.0 300.0
303.0469549787292 18 48125.0 51331.0 300.0 300.0 41 67496.0 69298.0 300.0 300.0
692.6966668959249 30 49445.0 52595.0 300.0 300.0 58 67022.0 69381.0 300.0 300.0
156.67675684142935 28 49782.0 52346.0 300.0 300.0 42 65592.0 68039.0 300.0 300.0
33.32847306141651 58 36851.0 40439.0 300.0 300.0 25 58069.0 61077.0 300.0 300.0
241.1610336972353 32 24771.0 26965.0 300.0 300.0 25 40294.0 43029.0 300.0 300.0
72.76255422851297 59 30482.0 33523.0 300.0 300.0 17 46275.0 49080.0 300.0 300.0
62.91908179709282 38 42254.0 44812.0 300.0 300.0 20 59012.0 61112.0 300.0 300.0
611.2836898839656 15 49703.0 52995.0 300.0 300.0 37 70014.0 73198.0 300.0 300.0
396.08866937481633 29 26886.0 28854.0 300.0 300.0 56 42998.0 45993.0 300.0 300.0
812.9628701886421 21 20692.0 22837.0 300.0 300.0 34 36247.0 38684.0 300.0 300.0
147.3948545995011 59 23812.0 26785.0 300.0 300.0 27 39700.0 42212.0 300.0 300.0
218.268130490319 52 34432.0 37709.0 300.0 300.0 59 49386.0 51287.0 300.0 300.0
754.0384706126868 37 50481.0 52881.0 300.0 300.0 22 67916.0 69964.0 300.0 300.0
639.2308276853028 26 31983.0 35063.0 300.0 300.0 45 51311.0 54164.0 300.0 300.0
450.87552052701494 27 51163.0 53046.0 300.0 300.0 50 66493.0 69709.0 300.0 300.0
894.846166240647 52 20900.0 23317.0 300.0 300.0 40 37536.0 39679.0 300.0 300.0
558.9580987896727 28 51961.0 55484.0 300.0 300.0 54 70446.0 72860.0 300.0 300.0
378.0529281934257 12 22457.0 25740.0 300.0 300.0 32 39259.0 41970.0 300.0 300.0
755.922355028728 33 27870.0 30531.0 300.0 300.0 34 47348.0 50425.0 300.0 300.0
825.9193840220875 58 44627.0 47840.0 300.0 300.0 23 64335.0 66544.0 300.0 300.0
43.838896345596126 24 53838.0 56110.0 300.0 300.0 44 71192.0 74346.0 300.0 300.0
744.1044473454244 43 31025.0 34223.0 300.0 300.0 29 47275.0 49487.0 300.0 300.0
145.46601783789714 12 41353.0 43469.0 300.0 300.0 13 56078.0 58634.0 300.0 300.0
52.175373169499274 56 18150.0 21513.0 300.0 300.0 41 35523.0 37704.0 300.0 300.0
258.2128159970585 53 48383.0 51011.0 300.0 300.0 44 62641.0 65748.0 300.0 300.0
239.23702582991226 19 36718.0 39992.0 300.0 300.0 30 57716.0 59722.0 300.0 300.0
258.75924558633625 43 42999.0 46344.0 300.0 300.0 57 62321.0 64623.0 300.0 300.0
705.2269106114849 59 52387.0 55407.0 300.0 300.0 38 66443.0 70012.0 300.0 300.0
471.7916880024785 38 32123.0 34119.0 300.0 300.0 37 46435.0 49439.0 300.0 300.0
802.1917875626434 54 49088.0 52441.0 300.0 300.0 59 66431.0 69638.0 300.0 300.0
244.6725855513948 37 20904.0 22764.0 300.0 300.0 50 33977.0 35942.0 300.0 300.0
156.3032407992281 15 37072.0 40108.0 300.0 300.0 30 51446.0 54938.0 300.0 300.0
666.4254550847273 20 26544.0 29090.0 300.0 300.0 11 43823.0 46375.0 300.0 300.0
154.07628643738315 36 31921.0 34271.0 300.0 300.0 22 47670.0 49977.0 300.0 300.0
553.9039492387462 18 36167.0 39488.0 300.0 300.0 23 54255.0 57114.0 300.0 300.0
508.39493760987597 48 38593.0 40707.0 300.0 300.0 17 54652.0 58193.0 300.0 300.0
129.53203226406717 19 37710.0 41156.0 300.0 300.0 25 54016.0 57040.0 300.0 300.0
809.0567537958019 51 22161.0 24186.0 300.0 300.0 46 38792.0 41016.0 300.0 300.0
822.0247372081483 36 35964.0 37795.0 300.0 300.0 41 53628.0 56500.0 300.0 300.0
120.54231241988322 20 52691.0 54644.0 300.0 300.0 44 68046.0 69975.0 300.0 300.0
131.8789531103963 45 39741.0 41866.0 300.0 300.0 34 54582.0 57696.0 300.0 300.0
462.8819785403799 54 25525.0 28386.0 300.0 300.0 10 42441.0 45182.0 300.0 300.0
174.38674656020626 56 23771.0 27074.0 300.0 300.0 37 38998.0 42132.0 300.0 300.0
330.4965373760189 53 18465.0 21085.0 300.0 300.0 14 35489.0 38501.0 300.0 300.0
111.07262183309119 55 18183.0 20130.0 300.0 300.0 49 34238.0 36080.0 300.0 300.0
933.768481901857 53 45709.0 47733.0 300.0 300.0 15 60835.0 63152.0 300.0 300.0
331.76525823852177 46 51146.0 54197.0 300.0 300.0 30 70981.0 73724.0 300.0 300.0
238.27216832010188 41 47038.0 49061.0 300.0 300.0 47 66871.0 70135.0 300.0 300.0
689.3381400491426 60 23272.0 26325.0 300.0 300.0 13 43503.0 45579.0 300.0 300.0
10.84145929755065 24 19442.0 21346.0 300.0 300.0 58 38447.0 41615.0 300.0 300.0
912.2161177807642 48 52393.0 55254.0 300.0 300.0 23 72156.0 74467.0 300.0 300.0
328.14790891791046 30 34963.0 37540.0 300.0 300.0 13 51062.0 54346.0 300.0 300.0
230.14893381998337 19 23951.0 26290.0 300.0 300.0 14 42186.0 44880.0 300.0 300.0
464.7393020489725 54 40772.0 42766.0 300.0 300.0 51 60314.0 63038.0 300.0 300.0
309.97527524072444 44 45220.0 48665.0 300.0 300.0 59 64989.0 66885.0 300.0 300.0
840.4625643609162 39 27093.0 29200.0 300.0 300.0 49 45524.0 47873.0 300.0 300.0
482.9920521242952 43 21212.0 24571.0 300.0 300.0 46 37692.0 39606.0 300.0 300.0
93.15416848372782 32 41111.0 43938.0 300.0 300.0 38 57667.0 60204.0 300.0 300.0
486.3312371428511 51 47146.0 49425.0 300.0 300.0 56 61372.0 63899.0 300.0 300.0
157.09130034841834 45 18148.0 21671.0 300.0 300.0 53 39268.0 41871.0 300.0 300.0
179.03172941375257 42 33952.0 36204.0 300.0 300.0 10 52688.0 55331.0 300.0 300.0
10.994782151209748 49 50440.0 52740.0 300.0 300.0 24 66463.0 69358.0 300.0 300.0
930.2527005038354 14 24971.0 27420.0 300.0 300.0 49 39887.0 42187.0 300.0 300.0
35.77706759137822 53 20566.0 23614.0 300.0 300.0 33 41247.0 44809.0 300.0 300.0
222.66008074048437 12 19961.0 23057.0 300.0 300.0 15 40599.0 43326.0 300.0 300.0
450.5217207374217 51 27933.0 30457.0 300.0 300.0 40 46491.0 49259.0 300.0 300.0
938.1545411044536 59 27003.0 30432.0 300.0 300.0 58 47378.0 49888.0 300.0 300.0
318.53051278479137 20 42509.0 45466.0 300.0 300.0 38 59071.0 61199.0 300.0 300.0
374.9005818233223 30 27077.0 30005.0 300.0 300.0 16 47653.0 50764.0 300.0 300.0
111.21978866093497 39 44936.0 47162.0 300.0 300.0 38 57980.0 61196.0 300.0 300.0
222.5375355920992 37 29068.0 31162.0 300.0 300.0 43 48328.0 50299.0 300.0 300.0
748.1012729597696 22 46004.0 47917.0 300.0 300.0 10 60323.0 63078.0 300.0 300.0
44.356399166142204 49 20686.0 24247.0 300.0 300.0 26 36582.0 38754.0 300.0 300.0
592.3357451998536 36 21800.0 23683.0 300.0 300.0 10 41524.0 43976.0 300.0 300.0
688.3383105533019 59 43426.0 45420.0 300.0 300.0 29 58067.0 60852.0 300.0 300.0
754.0624234079476 55 47215.0 49275.0 300.0 300.0 35 65954.0 68946.0 300.0 300.0
989.8723177057317 56 35908.0 38113.0 300.0 300.0 29 52646.0 55174.0 300.0 300.0
652.9240443443624 48 30526.0 32392.0 300.0 300.0 12 49969.0 53103.0 300.0 300.0
13.67795366582536 36 22813.0 25290.0 300.0 300.0 43 41833.0 45344.0 300.0 300.0
516.338705422811 37 26699.0 29143.0 300.0 300.0 19 43607.0 46217.0 300.0 300.0
396.30566742540685 47 19756.0 23255.0 300.0 300.0 10 39324.0 42864.0 300.0 300.0
974.9071701004247 55 33462.0 36040.0 300.0 300.0 32 52393.0 55210.0 300.0 300.0
438.29870428231254 59 35695.0 39023.0 300.0 300.0 23 51530.0 54886.0 300.0 300.0
279.048565169175 58 37297.0 39187.0 300.0 300.0 51 53882.0 57449.0 300.0 300.0
910.7777692845641 28 36381.0 38484.0 300.0 300.0 12 51037.0 53568.0 300.0 300.0
754.071143228095 22 42525.0 45256.0 300.0 300.0 31 57331.0 60489.0 300.0 300.0
898.3307561139659 31 25628.0 28205.0 300.0 300.0 44 41337.0 44829.0 300.0 300.0
771.3188863874116 29 22880.0 25446.0 300.0 300.0 53 36772.0 39080.0 300.0 300.0
821.5044947996266 26 43293.0 46633.0 300.0 300.0 27 60465.0 62866.0 300.0 300.0
812.0809068885521 56 25458.0 27929.0 300.0 300.0 55 42648.0 44767.0 300.0 300.0
350.13117644013334 22 21270.0 24250.0 300.0 300.0 37 37793.0 40055.0 300.0 300.0
694.2703722235003 33 28733.0 31848.0 300.0 300.0 56 43182.0 46074.0 300.0 300.0
624.7809980464846 11 39989.0 42696.0 300.0 300.0 59 57308.0 59307.0 300.0 300.0
9.514658804268938 34 43587.0 46959.0 300.0 300.0 48 60303.0 63649.0 300.0 300.0
798.7902647347333 58 30133.0 33571.0 300.0 300.0 24 44590.0 46514.0 300.0 300.0
554.6607656449203 39 49691.0 52712.0 300.0 300.0 18 64691.0 66600.0 300.0 300.0
757.9217870582876 24 30931.0 32954.0 300.0 300.0 43 46235.0 48198.0 300.0 300.0
545.5793706964449 39 39348.0 41668.0 300.0 300.0 34 55470.0 57340.0 300.0 300.0
188.50097597734828 48 40555.0 43450.0 300.0 300.0 34 55498.0 57503.0 300.0 300.0
665.7118082023965 35 53429.0 56630.0 300.0 300.0 22 74590.0 76851.0 300.0 300.0
276.934543681444 58 44137.0 47240.0 300.0 300.0 12 64537.0 66807.0 300.0 300.0
254.5851343188148 21 45560.0 48480.0 300.0 300.0 48 60498.0 62567.0 300.0 300.0
922.338954466694 52 36687.0 38850.0 300.0 300.0 16 54278.0 57303.0 300.0 300.0
894.4354836423606 38 53417.0 55924.0 300.0 300.0 21 70223.0 73081.0 300.0 300.0
727.4321672469177 32 20906.0 22854.0 300.0 300.0 50 37370.0 40647.0 300.0 300.0
252.4187693810086 32 33981.0 36739.0 300.0 300.0 40 54412.0 56319.0 300.0 300.0
358.1026235492886 35 40420.0 43815.0 300.0 300.0 22 56387.0 58933.0 300.0 300.0
712.3132918788858 47 45064.0 48498.0 300.0 300.0 30 60566.0 63390.0 300.0 300.0
395.76431526204567 17 45243.0 48816.0 300.0 300.0 52 62160.0 64459.0 300.0 300.0
248.1717476926326 15 26106.0 28654.0 300.0 300.0 41 44483.0 47408.0 300.0 300.0
174.7139102584381 57 32234.0 35690.0 300.0 300.0 43 47747.0 50161.0 300.0 300.0
302.47235815460283 60 51452.0 54138.0 300.0 300.0 48 65737.0 68456.0 300.0 300.0
534.5760218348836 12 53583.0 55694.0 300.0 300.0 29 69986.0 73323.0 300.0 300.0
516.7420524148713 56 18532.0 21881.0 300.0 300.0 43 36166.0 39400.0 300.0 300.0
20.281803125686395 15 33846.0 37100.0 300.0 300.0 29 47904.0 51087.0 300.0 300.0
891.5404808755183 30 47808.0 50389.0 300.0 300.0 13 61817.0 64737.0 300.0 300.0
32.97813281304951 41 40212.0 42089.0 300.0 300.0 60 55912.0 58550.0 300.0 300.0
927.642298339161 16 48336.0 50816.0 300.0 300.0 41 64728.0 66856.0 300.0 300.0
338.2828228611935 24 39333.0 41373.0 300.0 300.0 60 57077.0 60145.0 300.0 300.0
108.15147160608984 10 18505.0 20415.0 300.0 300.0 19 35939.0 38383.0 300.0 300.0
346.239906565219 50 47526.0 50598.0 300.0 300.0 41 66397.0 68484.0 300.0 300.0
543.4120420927835 30 29047.0 32406.0 300.0 300.0 26 49475.0 51426.0 300.0 300.0
722.4136606256649 52 18049.0 20926.0 300.0 300.0 42 32889.0 34764.0 300.0 300.0
22.611731110735334 38 46875.0 49937.0 300.0 300.0 40 61637.0 64525.0 300.0 300.0
313.39161822289617 52 22880.0 25027.0 300.0 300.0 10 36758.0 40037.0 300.0 300.0
137.94525627407606 44 28691.0 32109.0 300.0 300.0 11 43456.0 46396.0 300.0 300.0
573.5230334377827 30 46215.0 49418.0 300.0 300.0 35 62497.0 64534.0 300.0 300.0
593.5269393705872 25 46503.0 48478.0 300.0 300.0 23 65238.0 68804.0 300.0 300.0
773.3511543820417 32 19218.0 22120.0 300.0 300.0 25 39062.0 40955.0 300.0 300.0
540.708347750743 59 46216.0 48794.0 300.0 300.0 17 66117.0 69198.0 300.0 300.0
223.63128210442773 10 42437.0 44853.0 300.0 300.0 57 56170.0 58840.0 300.0 300.0
537.228127910223 39 24910.0 26867.0 300.0 300.0 29 39107.0 41268.0 300.0 300.0
641.1648997558433 21 27049.0 30164.0 300.0 300.0 16 42224.0 44754.0 300.0 300.0
987.2379454636921 32 47306.0 49234.0 300.0 300.0 30 62751.0 66100.0 300.0 300.0
52.39778135654194 11 33733.0 37030.0 300.0 300.0 16 52384.0 54358.0 300.0 300.0
144.6244811667282 16 18699.0 20920.0 300.0 300.0 46 36507.0 38473.0 300.0 300.0
325.68044212944216 48 18558.0 21817.0 300.0 300.0 16 38518.0 41738.0 300.0 300.0
649.4724273797044 25 33135.0 35850.0 300.0 300.0 40 51736.0 54268.0 300.0 300.0
450.4979340282093 53 34769.0 38056.0 300.0 300.0 39 54544.0 57212.0 300.0 300.0
297.64958610380086 38 29183.0 31788.0 300.0 300.0 45 42863.0 45560.0 300.0 300.0
58.44435810781834 18 24709.0 27813.0 300.0 300.0 50 45418.0 48108.0 300.0 300.0
231.38404301425496 47 52087.0 54247.0 300.0 300.0 39 68736.0 71414.0 300.0 300.0
782.2229191944405 24 36071.0 37989.0 300.0 300.0 37 50939.0 53921.0 300.0 300.0
883.7571151075101 60 27458.0 30045.0 300.0 300.0 27 41384.0 44639.0 300.0 300.0
860.8458827259162 23 25216.0 27254.0 300.0 300.0 43 43420.0 45936.0 300.0 300.0
946.043868340002 14 28757.0 31955.0 300.0 300.0 19 48380.0 51255.0 300.0 300.0
766.2169052190749 45 46871.0 49131.0 300.0 300.0 21 62040.0 64511.0 300.0 300.0
971.9608330780654 13 43584.0 45615.0 300.0 300.0 31 62965.0 65635.0 300.0 300.0
502.5026920000631 20 37061.0 39072.0 300.0 300.0 51 51864.0 55438.0 300.0 300.0
339.6646822155405 51 48739.0 50669.0 300.0 300.0 10 67281.0 70319.0 300.0 300.0
928.6183163732492 36 37051.0 39796.0 300.0 300.0 47 55485.0 58196.0 300.0 300.0
497.70252946628256 40 38203.0 41666.0 300.0 300.0 51 56073.0 58609.0 300.0 300.0
898.61269008087 49 23983.0 27443.0 300.0 300.0 22 41620.0 44017.0 300.0 300.0
296.3319758868629 19 25804.0 27622.0 300.0 300.0 49 43209.0 46323.0 300.0 300.0
986.9727639741291 34 42265.0 44144.0 300.0 300.0 53 57443.0 60937.0 300.0 300.0
806.3713308988739 17 44399.0 47837.0 300.0 300.0 26 64085.0 66626.0 300.0 300.0
957.4714045938078 45 32966.0 35538.0 300.0 300.0 59 46738.0 49906.0 300.0 300.0
144.04654220662027 24 41974.0 45435.0 300.0 300.0 18 62150.0 65741.0 300.0 300.0
196.13738681634908 44 52927.0 54735.0 300.0 300.0 43 72379.0 74905.0 300.0 300.0
226.5861230807381 23 47015.0 50240.0 300.0 300.0 42 66874.0 69988.0 300.0 300.0
921.5818269950778 56 18204.0 21327.0 300.0 300.0 10 35114.0 38320.0 300.0 300.0
88.36646391945845 18 18837.0 20967.0 300.0 300.0 58 33726.0 35721.0 300.0 300.0
828.997579368079 57 49077.0 51142.0 300.0 300.0 60 68104.0 70848.0 300.0 300.0
884.3923777791869 10 51853.0 54572.0 300.0 300.0 40 72049.0 75008.0 300.0 300.0
746.7593239961756 18 26397.0 29295.0 300.0 300.0 60 40332.0 43881.0 300.0 300.0
224.3509068034062 45 46140.0 48425.0 300.0 300.0 59 59761.0 61997.0 300.0 300.0
75.16855226809082 57 41500.0 43587.0 300.0 300.0 60 59375.0 62954.0 300.0 300.0
228.31339611731914 51 44366.0 46364.0 300.0 300.0 48 62514.0 65894.0 300.0 300.0
33.361750366842635 15 37418.0 40614.0 300.0 300.0 34 54893.0 58033.0 300.0 300.0
120.67079277148652 12 41247.0 44217.0 300.0 300.0 57 57710.0 60452.0 300.0 300.0
719.9561810140312 42 34577.0 37560.0 300.0 300.0 56 53687.0 57048.0 300.0 300.0
212.73551206157936 29 34399.0 37129.0 300.0 300.0 46 55042.0 58147.0 300.0 300.0
462.2507450504905 50 37537.0 40771.0 300.0 300.0 19 55026.0 57684.0 300.0 300.0
431.6673509273179 54 24508.0 26420.0 300.0 300.0 56 43953.0 45754.0 300.0 300.0
13.702560951041388 44 42420.0 44360.0 300.0 300.0 15 56145.0 58433.0 300.0 300.0
783.3952574344546 56 42463.0 45111.0 300.0 300.0 16 59608.0 61764.0 300.0 300.0
595.3167310009694 45 24306.0 27881.0 300.0 300.0 44 43621.0 45751.0 300.0 300.0
173.80198570863482 20 18892.0 22368.0 300.0 300.0 12 39291.0 41368.0 300.0 300.0
158.24386473043995 16 18718.0 21628.0 300.0 300.0 30 37190.0 39215.0 300.0 300.0
223.77592837751425 37 35744.0 39099.0 300.0 300.0 25 52215.0 55430.0 300.0 300.0
276.3774240793855 10 23110.0 24930.0 300.0 300.0 42 39700.0 43067.0 300.0 300.0
202.35573170087707 47 21433.0 24719.0 300.0 300.0 56 38840.0 40879.0 300.0 300.0
822.5590783222547 29 26547.0 29054.0 300.0 300.0 54 43482.0 45865.0 300.0 300.0
55.01031024665026 11 36702.0 38939.0 300.0 300.0 38 52620.0 55648.0 300.0 300.0
712.9854227580444 55 35062.0 38528.0 300.0 300.0 43 53071.0 56439.0 300.0 300.0
42.40087873285159 14 33101.0 36599.0 300.0 300.0 47 51852.0 54545.0 300.0 300.0
53.79041722340438 38 53021.0 55316.0 300.0 300.0 37 67192.0 70220.0 300.0 300.0
534.4244256556616 45 39600.0 41817.0 300.0 300.0 24 56107.0 58930.0 300.0 300.0
633.1574251780121 15 34564.0 36512.0 300.0 300.0 31 50761.0 54088.0 300.0 300.0
564.9803885187373 24 40649.0 43754.0 300.0 300.0 21 56044.0 58465.0 300.0 300.0
872.6667750777049 48 21212.0 23540.0 300.0 300.0 49 35201.0 38691.0 300.0 300.0
369.1476301737855 44 32703.0 34534.0 300.0 300.0 46 48349.0 50603.0 300.0 300.0
693.2639555532529 21 44289.0 47639.0 300.0 300.0 49 60759.0 63913.0 300.0 300.0
55.09621067568071 10 46811.0 49876.0 300.0 300.0 11 63497.0 65851.0 300.0 300.0
733.9644856304268 43 24182.0 26420.0 300.0 300.0 30 43949.0 46960.0 300.0 300.0
51.25193191748401 10 32124.0 35708.0 300.0 300.0 55 50312.0 53249.0 300.0 300.0
564.295459507682 31 43713.0 46069.0 300.0 300.0 53 63833.0 67149.0 300.0 300.0
992.5201621047233 36 23913.0 27059.0 300.0 300.0 13 39892.0 43200.0 300.0 300.0
892.9900236922188 23 43248.0 45063.0 300.0 300.0 39 57554.0 59902.0 300.0 300.0
229.67383660731667 44 27419.0 29236.0 300.0 300.0 40 43016.0 45878.0 300.0 300.0
843.4466085440419 33 22540.0 25600.0 300.0 300.0 21 37200.0 40653.0 300.0 300.0
359.6064858288438 59 28529.0 31834.0 300.0 300.0 32 47464.0 50747.0 300.0 300.0
548.1714423285109 12 42748.0 45034.0 300.0 300.0 50 59819.0 62271.0 300.0 300.0
761.7101180817909 38 47064.0 49854.0 300.0 300.0 54 66115.0 68903.0 300.0 300.0
126.43766403317835 23 36449.0 39409.0 300.0 300.0 44 53161.0 55270.0 300.0 300.0
502.19806980816537 13 41240.0 43803.0 300.0 300.0 36 55963.0 58580.0 300.0 300.0
427.69676392016873 58 28652.0 31551.0 300.0 300.0 38 47677.0 51184.0 300.0 300.0
533.1682918527044 31 21794.0 24310.0 300.0 300.0 53 36269.0 38912.0 300.0 300.0
233.2182560594702 56 27600.0 30639.0 300.0 300.0 39 46103.0 48873.0 300.0 300.0
500.38336627161493 53 49898.0 52486.0 300.0 300.0 33 67733.0 70842.0 300.0 300.0
254.7391508323186 59 26219.0 29097.0 300.0 300.0 22 43710.0 46943.0 300.0 300.0
801.2920488589338 10 23558.0 25798.0 300.0 300.0 54 41221.0 43304.0 300.0 300.0
705.6750811744565 51 48127.0 50721.0 300.0 300.0 12 67291.0 69354.0 300.0 300.0
655.2743738099733 59 20964.0 24162.0 300.0 300.0 17 36473.0 39921.0 300.0 300.0
261.1603728727824 17 28727.0 30946.0 300.0 300.0 52 43198.0 45892.0 300.0 300.0
698.3700576164159 32 43466.0 46794.0 300.0 300.0 36 59900.0 63038.0 300.0 300.0
290.69230571222903 12 23633.0 25447.0 300.0 300.0 35 41469.0 43860.0 300.0 300.0
66.14038458214111 49 49565.0 51533.0 300.0 300.0 11 67507.0 70446.0 300.0 300.0
623.6849247463011 23 46950.0 48971.0 300.0 300.0 60 64743.0 67191.0 300.0 300.0
636.4765245173774 48 35607.0 37635.0 300.0 300.0 37 54397.0 56491.0 300.0 300.0
185.38935951067904 46 39244.0 41060.0 300.0 300.0 31 55180.0 58530.0 300.0 300.0
359.14673793070295 51 48857.0 51439.0 300.0 300.0 18 64983.0 66874.0 300.0 300.0
369.3901373502346 30 51577.0 53426.0 300.0 300.0 38 70799.0 72628.0 300.0 300.0
675.0804507473955 55 22997.0 26099.0 300.0 300.0 57 39263.0 41900.0 300.0 300.0
353.5876730456615 32 51290.0 54333.0 300.0 300.0 41 71786.0 74297.0 300.0 300.0
434.61054782773624 47 45102.0 47135.0 300.0 300.0 17 60698.0 62630.0 300.0 300.0
938.9575566052973 56 36204.0 39443.0 300.0 300.0 46 53330.0 55421.0 300.0 300.0
453.2996965248689 52 21177.0 23480.0 300.0 300.0 37 37859.0 40856.0 300.0 300.0
223.5345570276912 52 23011.0 25781.0 300.0 300.0 47 43389.0 46317.0 300.0 300.0
624.1013512720914 19 42540.0 44496.0 300.0 300.0 22 57617.0 59599.0 300.0 300.0
206.48351422166445 55 52799.0 55441.0 300.0 300.0 53 72583.0 76129.0 300.0 300.0
47.36492465890419 37 24097.0 27198.0 300.0 300.0 23 42113.0 45290.0 300.0 300.0
546.6387133224398 51 48900.0 51581.0 300.0 300.0 31 64776.0 67599.0 300.0 300.0
891.8767203788516 16 35724.0 38210.0 300.0 300.0 43 55421.0 57641.0 300.0 300.0
333.74831206454337 36 36701.0 38591.0 300.0 300.0 13 56347.0 58833.0 300.0 300.0
91.39806533235706 51 19930.0 22687.0 300.0 300.0 58 37115.0 39646.0 300.0 300.0
135.4486788055945 52 37432.0 39512.0 300.0 300.0 41 55820.0 58096.0 300.0 300.0
677.0585281197999 24 28424.0 31519.0 300.0 300.0 18 45583.0 48296.0 300.0 300.0
384.69412833077087 55 48250.0 51539.0 300.0 300.0 43 69129.0 71045.0 300.0 300.0
695.897991680752 36 41355.0 44863.0 300.0 300.0 40 58743.0 61409.0 300.0 300.0
606.3318410717465 31 37838.0 40756.0 300.0 300.0 52 58609.0 61358.0 300.0 300.0
653.6185725085875 22 35507.0 37423.0 300.0 300.0 50 50511.0 53993.0 300.0 300.0
142.4645204044287 50 45058.0 47019.0 300.0 300.0 37 64515.0 68096.0 300.0 300.0
113.36642095114102 43 29568.0 32601.0 300.0 300.0 11 43616.0 46857.0 300.0 300.0
128.2886890764908 11 31498.0 33530.0 300.0 300.0 31 49938.0 53049.0 300.0 300.0
84.65684860335455 56 25412.0 27769.0 300.0 300.0 13 41267.0 44466.0 300.0 300.0
56.70922271135215 27 42727.0 46198.0 300.0 300.0 23 60190.0 62907.0 300.0 300.0
734.2949798230483 51 27944.0 30898.0 300.0 300.0 47 41832.0 44855.0 300.0 300.0
524.062541934777 14 26194.0 28927.0 300.0 300.0 23 46735.0 49138.0 300.0 300.0
565.6197513544499 14 37882.0 40642.0 300.0 300.0 59 54173.0 57068.0 300.0 300.0
702.9593215348141 36 42438.0 44998.0 300.0 300.0 52 61554.0 64260.0 300.0 300.0
849.2742608966954 58 39762.0 42706.0 300.0 300.0 17 58593.0 60515.0 300.0 300.0
883.1829946275041 13 32104.0 34850.0 300.0 300.0 27 48463.0 51630.0 300.0 300.0
788.0193122881203 24 24595.0 28051.0 300.0 300.0 56 42013.0 44379.0 300.0 300.0
558.7304286340571 37 53441.0 56127.0 300.0 300.0 45 68011.0 70675.0 300.0 300.0
684.2742721462677 35 32775.0 34734.0 300.0 300.0 56 51005.0 53743.0 300.0 300.0
128.8064701725099 57 37849.0 39660.0 300.0 300.0 49 54732.0 56918.0 300.0 300.0
510.87900905015306 16 45097.0 46898.0 300.0 300.0 55 59881.0 62144.0 300.0 300.0
292.6117294554691 51 28800.0 32325.0 300.0 300.0 25 43333.0 46311.0 300.0 300.0
506.18492415248494 22 19673.0 23271.0 300.0 300.0 33 37160.0 38969.0 300.0 300.0
731.1947594995421 24 31306.0 34584.0 300.0 300.0 10 51944.0 54740.0 300.0 300.0
201.54541273310767 34 23183.0 25647.0 300.0 300.0 23 42146.0 44536.0 300.0 300.0
122.95147341116564 17 48125.0 51179.0 300.0 300.0 39 64528.0 67754.0 300.0 300.0
104.49414259372436 54 47617.0 50207.0 300.0 300.0 19 61387.0 63464.0 300.0 300.0
980.398612047044 14 35058.0 37845.0 300.0 300.0 47 54640.0 57618.0 300.0 300.0
800.6691755721702 57 53416.0 56150.0 300.0 300.0 19 68125.0 71107.0 300.0 300.0
131.85043079641488 44 29089.0 31718.0 300.0 300.0 39 49084.0 51151.0 300.0 300.0
682.5207298580569 22 40020.0 42041.0 300.0 300.0 25 55154.0 57360.0 300.0 300.0
919.190115012132 37 50516.0 52779.0 300.0 300.0 10 68723.0 71672.0 300.0 300.0
778.07289576209 27 43899.0 47341.0 300.0 300.0 49 61050.0 63189.0 300.0 300.0
718.0264923149874 42 22650.0 25825.0 300.0 300.0 13 38926.0 40882.0 300.0 300.0
137.9072031819012 13 37627.0 40215.0 300.0 300.0 35 56077.0 58886.0 300.0 300.0
194.51397747244792 30 51662.0 54311.0 300.0 300.0 41 66069.0 68202.0 300.0 300.0
76.88753974548001 35 37774.0 40991.0 300.0 300.0 57 54041.0 56340.0 300.0 300.0
638.7152623278906 13 48738.0 51080.0 300.0 300.0 47 65396.0 68811.0 300.0 300.0
877.1180688020793 25 35709.0 38581.0 300.0 300.0 11 53481.0 56931.0 300.0 300.0
711.7048858351096 31 19252.0 22787.0 300.0 300.0 37 33986.0 36590.0 300.0 300.0
692.7528189091853 24 44070.0 47004.0 300.0 300.0 57 64169.0 67528.0 300.0 300.0
326.1230021209557 23 20000.0 23023.0 300.0 300.0 50 37706.0 39569.0 300.0 300.0
692.4770606924624 15 25809.0 28165.0 300.0 300.0 16 45509.0 48300.0 300.0 300.0
70.44379269584344 46 35026.0 37384.0 300.0 300.0 20 50458.0 53000.0 300.0 300.0
503.04156320611406 57 24614.0 27476.0 300.0 300.0 43 44208.0 47256.0 300.0 300.0
368.0498978224391 57 36832.0 39938.0 300.0 300.0 46 51153.0 53665.0 300.0 300.0
832.8163846251268 22 19985.0 22925.0 300.0 300.0 42 34355.0 36914.0 300.0 300.0
324.9036204660173 35 51050.0 53093.0 300.0 300.0 18 68718.0 71014.0 300.0 300.0
547.9816673358046 13 23654.0 26229.0 300.0 300.0 47 37635.0 39978.0 300.0 300.0
215.1529418606829 44 45468.0 47947.0 300.0 300.0 18 62053.0 64483.0 300.0 300.0
220.10039892707755 11 38865.0 41191.0 300.0 300.0 29 58536.0 60921.0 300.0 300.0
642.7606638552476 20 19831.0 22859.0 300.0 300.0 22 40469.0 42547.0 300.0 300.0
271.21351311669315 47 26659.0 30126.0 300.0 300.0 10 41547.0 44170.0 300.0 300.0
318.91978501637806 11 32305.0 34294.0 300.0 300.0 37 45841.0 47864.0 300.0 300.0
804.424270106564 30 22102.0 25623.0 300.0 300.0 47 38089.0 40266.0 300.0 300.0
938.7245691857316 35 52148.0 55334.0 300.0 300.0 17 69959.0 72877.0 300.0 300.0
251.7346428690166 51 38441.0 41819.0 300.0 300.0 33 58290.0 61614.0 300.0 300.0
14.775771240825852 35 21935.0 25500.0 300.0 300.0 29 40752.0 43681.0 300.0 300.0
308.57831725907926 53 18925.0 21780.0 300.0 300.0 51 37099.0 39441.0 300.0 300.0
527.9669747475373 10 41802.0 44236.0 300.0 300.0 24 59583.0 62772.0 300.0 300.0
702.347975685463 60 18344.0 20385.0 300.0 300.0 12 38118.0 41171.0 300.0 300.0
543.8488258002491 35 29508.0 32896.0 300.0 300.0 49 48692.0 50759.0 300.0 300.0
90.90698051877644 51 37494.0 39358.0 300.0 300.0 38 50326.0 52195.0 300.0 300.0
283.3045841156884 26 19553.0 22741.0 300.0 300.0 54 36263.0 38212.0 300.0 300.0
471.6431736530747 37 49642.0 51906.0 300.0 300.0 54 62707.0 64765.0 300.0 300.0
654.767278182193 28 46082.0 49583.0 300.0 300.0 55 63134.0 65471.0 300.0 300.0
551.4808344470803 31 30657.0 33667.0 300.0 300.0 58 51008.0 53044.0 300.0 300.0
687.2196831792592 49 36511.0 38971.0 300.0 300.0 28 49803.0 51636.0 300.0 300.0
467.20569472398455 10 31638.0 34479.0 300.0 300.0 45 46439.0 49902.0 300.0 300.0
243.46869882447896 34 44538.0 46652.0 300.0 300.0 26 62176.0 64529.0 300.0 300.0
421.6389545015491 35 36433.0 39707.0 300.0 300.0 58 54867.0 57339.0 300.0 300.0
545.7774279870363 25 18092.0 20647.0 300.0 300.0 36 37886.0 40256.0 300.0 300.0
317.16118574725306 22 18132.0 20994.0 300.0 300.0 28 36287.0 38179.0 300.0 300.0
474.34781026345553 47 27411.0 29537.0 300.0 300.0 28 45407.0 47599.0 300.0 300.0
410.74817237773567 27 22216.0 24541.0 300.0 300.0 43 36623.0 38591.0 300.0 300.0
976.2255929691314 36 49340.0 51922.0 300.0 300.0 34 65419.0 67258.0 300.0 300.0
705.3278984596644 19 28999.0 32066.0 300.0 300.0 60 48021.0 51284.0 300.0 300.0
780.1745486178456 18 44658.0 46926.0 300.0 300.0 22 58412.0 61372.0 300.0 300.0
36.56472801842947 33 50147.0 52531.0 300.0 300.0 48 69701.0 72153.0 300.0 300.0
593.5394736956664 27 23073.0 25778.0 300.0 300.0 52 41276.0 44419.0 300.0 300.0
152.16320651347482 18 48553.0 51221.0 300.0 300.0 53 65918.0 68639.0 300.0 300.0
61.06381249189396 56 32914.0 35633.0 300.0 300.0 18 50753.0 53754.0 300.0 300.0
36.87258714174169 42 27535.0 30332.0 300.0 300.0 35 45634.0 47967.0 300.0 300.0
603.4008098673432 22 47727.0 51226.0 300.0 300.0 32 64233.0 66421.0 300.0 300.0
69.35440237609147 33 47192.0 49903.0 300.0 300.0 16 66063.0 69516.0 300.0 300.0
294.38072433814443 13 24189.0 26699.0 300.0 300.0 28 37921.0 41496.0 300.0 300.0
550.1125992576755 59 38406.0 41470.0 300.0 300.0 46 56466.0 59952.0 300.0 300.0
760.0763185063519 33 40147.0 43084.0 300.0 300.0 44 55304.0 58893.0 300.0 300.0
690.3185505542406 36 37523.0 39417.0 300.0 300.0 33 52989.0 55608.0 300.0 300.0
627.816289327995 27 41270.0 43128.0 300.0 300.0 10 55855.0 59082.0 300.0 300.0
261.5045185724522 49 50440.0 53904.0 300.0 300.0 50 66439.0 68912.0 300.0 300.0
867.3880933820542 32 39805.0 42082.0 300.0 300.0 18 57317.0 59700.0 300.0 300.0
972.0395544398147 24 34701.0 37848.0 300.0 300.0 31 54870.0 57783.0 300.0 300.0
856.9703593078726 42 51217.0 54262.0 300.0 300.0 57 67984.0 71255.0 300.0 300.0
938.7042884785947 55 43528.0 46505.0 300.0 300.0 26 58463.0 61771.0 300.0 300.0
689.4443322328464 21 22990.0 25714.0 300.0 300.0 52 42911.0 45168.0 300.0 300.0
775.5850380239476 39 53194.0 55569.0 300.0 300.0 27 70139.0 72176.0 300.0 300.0
986.6299318252981 23 51410.0 53664.0 300.0 300.0 37 64713.0 67901.0 300.0 300.0
227.326848002945 27 32059.0 34042.0 300.0 300.0 60 47024.0 49923.0 300.0 300.0
795.0259394380635 43 24531.0 26786.0 300.0 300.0 46 41385.0 44516.0 300.0 300.0
563.3097500707823 16 38481.0 41107.0 300.0 300.0 43 58662.0 61791.0 300.0 300.0
341.5326458176817 24 46487.0 48325.0 300.0 300.0 28 60523.0 63869.0 300.0 300.0
241.70466009323255 36 28825.0 31195.0 300.0 300.0 48 44360.0 47293.0 300.0 300.0
985.5005962019541 54 18416.0 20599.0 300.0 300.0 58 34111.0 36026.0 300.0 300.0
500.1660713910141 60 18375.0 21556.0 300.0 300.0 19 32635.0 35295.0 300.0 300.0
427.75684818727257 13 23322.0 25219.0 300.0 300.0 33 40130.0 42313.0 300.0 300.0
370.04090871104944 20 24034.0 25846.0 300.0 300.0 51 37739.0 40749.0 300.0 300.0
550.8628748900543 36 27432.0 29389.0 300.0 300.0 43 47358.0 50725.0 300.0 300.0
214.70614363082652 10 36768.0 39529.0 300.0 300.0 30 50635.0 53571.0 300.0 300.0
449.981275975451 27 36835.0 38886.0 300.0 300.0 16 50671.0 52472.0 300.0 300.0
815.6550415568566 11 32443.0 36031.0 300.0 300.0 52 47581.0 49404.0 300.0 300.0
661.9752001743512 22 41526.0 44551.0 300.0 300.0 12 61309.0 63471.0 300.0 300.0
562.2749153546727 21 50467.0 52269.0 300.0 300.0 25 68257.0 70783.0 300.0 300.0
62.7084523381104 50 37960.0 41299.0 300.0 300.0 53 52429.0 55296.0 300.0 300.0
717.3081654680362 19 50995.0 53525.0 300.0 300.0 26 66774.0 69265.0 300.0 300.0
739.3111936961594 54 53060.0 56424.0 300.0 300.0 19 70311.0 72686.0 300.0 300.0
538.5563061391523 28 19697.0 22402.0 300.0 300.0 36 39025.0 42074.0 300.0 300.0
575.1482830633403 55 50528.0 53263.0 300.0 300.0 60 70857.0 73524.0 300.0 300.0
231.63404989500614 25 52596.0 55016.0 300.0 300.0 19 70447.0 74025.0 300.0 300.0
639.4796148004962 48 20500.0 22432.0 300.0 300.0 37 35194.0 38167.0 300.0 300.0
16.04983463049159 37 48443.0 51488.0 300.0 300.0 13 64880.0 66866.0 300.0 300.0
439.8092327423774 20 28089.0 30874.0 300.0 300.0 55 42866.0 45980.0 300.0 300.0
719.4910660994503 41 18800.0 22201.0 300.0 300.0 40 36627.0 38850.0 300.0 300.0
970.5333550039255 55 46275.0 49174.0 300.0 300.0 48 62268.0 65793.0 300.0 300.0
219.21868695721224 33 28452.0 31607.0 300.0 300.0 39 46354.0 49187.0 300.0 300.0
433.9462698929376 19 18850.0 21736.0 300.0 300.0 26 36870.0 39547.0 300.0 300.0
155.58951259461406 19 25177.0 28621.0 300.0 300.0 32 41546.0 44574.0 300.0 300.0
785.5447566071183 60 51654.0 54610.0 300.0 300.0 53 70463.0 73859.0 300.0 300.0
815.9638225497794 45 42102.0 44320.0 300.0 300.0 28 61354.0 64556.0 300.0 300.0
490.8663956546626 45 24967.0 26838.0 300.0 300.0 50 39620.0 42493.0 300.0 300.0
77.03709323249875 16 34011.0 36216.0 300.0 300.0 54 50873.0 53657.0 300.0 300.0
311.15514629455754 49 35471.0 38224.0 300.0 300.0 38 52746.0 55012.0 300.0 300.0
183.74374091063862 16 52686.0 55905.0 300.0 300.0 15 72501.0 75310.0 300.0 300.0
654.6938025132433 13 21321.0 23882.0 300.0 300.0 32 41210.0 44004.0 300.0 300.0
801.4855501491661 60 47730.0 49723.0 300.0 300.0 24 64900.0 68324.0 300.0 300.0
243.78263445597648 52 26351.0 28548.0 300.0 300.0 21 44917.0 48329.0 300.0 300.0
808.0727167479639 27 19842.0 23067.0 300.0 300.0 33 40931.0 43425.0 300.0 300.0
117.5489634731387 25 38687.0 41420.0 300.0 300.0 52 59109.0 62665.0 300.0 300.0
279.34951168789013 45 33105.0 35459.0 300.0 300.0 23 52819.0 55486.0 300.0 300.0
490.89931612525606 44 27837.0 31074.0 300.0 300.0 21 42997.0 45631.0 300.0 300.0
889.2949154889383 22 18944.0 21326.0 300.0 300.0 12 33883.0 37304.0 300.0 300.0
752.19662048548 56 32890.0 36170.0 300.0 300.0 43 52710.0 55278.0 300.0 300.0
797.1080568081152 58 40760.0 42568.0 300.0 300.0 60 55116.0 58197.0 300.0 300.0
48.26527642676548 60 40398.0 43253.0 300.0 300.0 17 55911.0 58960.0 300.0 300.0
70.44548704116316 55 48169.0 51248.0 300.0 300.0 11 66580.0 68866.0 300.0 300.0
976.0699274974008 52 31054.0 34200.0 300.0 300.0 45 50816.0 53990.0 300.0 300.0
819.9888173387977 38 40888.0 43100.0 300.0 300.0 37 55669.0 58067.0 300.0 300.0
986.2332357231471 32 27781.0 29849.0 300.0 300.0 10 43967.0 46539.0 300.0 300.0
754.6740822969407 46 39829.0 42101.0 300.0 300.0 27 53076.0 54956.0 300.0 300.0
174.17927071611473 47 32463.0 35590.0 300.0 300.0 54 48640.0 50992.0 300.0 300.0
552.3728628873516 17 26377.0 29272.0 300.0 300.0 36 40173.0 43059.0 300.0 300.0
269.2147292083106 28 53517.0 55717.0 300.0 300.0 36 70783.0 73091.0 300.0 300.0
755.12033530385 15 29194.0 31721.0 300.0 300.0 31 43723.0 47022.0 300.0 300.0
268.76560945920335 13 52859.0 54670.0 300.0 300.0 52 67886.0 71340.0 300.0 300.0
303.04840524658573 54 46607.0 48743.0 300.0 300.0 26 62664.0 65855.0 300.0 300.0
352.1245845432618 25 18609.0 22190.0 300.0 300.0 45 39822.0 42051.0 300.0 300.0
13.294406233028578 38 22636.0 26037.0 300.0 300.0 14 37276.0 39190.0 300.0 300.0
352.66050896607857 33 45130.0 47379.0 300.0 300.0 56 59757.0 62604.0 300.0 300.0
469.9798971473371 55 53252.0 55808.0 300.0 300.0 19 70354.0 72265.0 300.0 300.0
186.09776189470628 53 47520.0 49793.0 300.0 300.0 30 61743.0 63997.0 300.0 300.0
833.9305340078558 11 35345.0 37538.0 300.0 300.0 48 48815.0 51654.0 300.0 300.0
601.1655405538161 39 50404.0 53100.0 300.0 300.0 18 64965.0 67404.0 300.0 300.0
905.5483213349371 14 43247.0 45495.0 300.0 300.0 60 63128.0 64944.0 300.0 300.0
422.9985817911577 30 44586.0 48065.0 300.0 300.0 26 64334.0 67807.0 300.0 300.0
514.944871489692 27 49196.0 52465.0 300.0 300.0 31 69217.0 72345.0 300.0 300.0
943.866278815449 48 23455.0 25935.0 300.0 300.0 47 41226.0 43929.0 300.0 300.0
588.2575506393129 34 29867.0 32480.0 300.0 300.0 51 43853.0 46715.0 300.0 300.0
234.2192078315688 21 32775.0 35730.0 300.0 300.0 18 47762.0 50497.0 300.0 300.0
400.5435016745861 50 45525.0 48988.0 300.0 300.0 51 65640.0 67739.0 300.0 300.0
213.1469750877205 51 43136.0 45527.0 300.0 300.0 29 62635.0 64975.0 300.0 300.0
910.6908314788612 14 28482.0 30658.0 300.0 300.0 52 42599.0 46197.0 300.0 300.0
253.9908111767091 53 35478.0 38864.0 300.0 300.0 42 50509.0 53943.0 300.0 300.0
253.69007624962492 21 31659.0 34358.0 300.0 300.0 12 49463.0 51352.0 300.0 300.0
690.2740219835079 45 22174.0 25456.0 300.0 300.0 28 37173.0 39728.0 300.0 300.0
496.04031465703304 17 25048.0 26938.0 300.0 300.0 41 44473.0 47169.0 300.0 300.0
720.9074199468664 25 53598.0 56699.0 300.0 300.0 24 69425.0 72829.0 300.0 300.0
431.05713875824046 23 39956.0 43146.0 300.0 300.0 21 54212.0 56661.0 300.0 300.0
142.7675039325571 53 51254.0 53754.0 300.0 300.0 55 68249.0 71650.0 300.0 300.0
276.82157541267117 16 26789.0 28643.0 300.0 300.0 35 44656.0 46806.0 300.0 300.0
923.5889299316563 55 32678.0 34645.0 300.0 300.0 34 46634.0 50068.0 300.0 300.0
649.248837170071 23 37958.0 40449.0 300.0 300.0 60 53371.0 55345.0 300.0 300.0
588.3821223328638 22 49669.0 51718.0 300.0 300.0 10 64896.0 67594.0 300.0 300.0
609.4244082844932 30 19767.0 21833.0 300.0 300.0 22 39463.0 41274.0 300.0 300.0
557.3860637841408 45 28153.0 31663.0 300.0 300.0 60 43995.0 46579.0 300.0 300.0
155.49688495900537 58 51939.0 54290.0 300.0 300.0 34 66266.0 69799.0 300.0 300.0
131.3697284388522 13 25147.0 28261.0 300.0 300.0 15 39782.0 41648.0 300.0 300.0
456.9400616851519 46 21178.0 24111.0 300.0 300.0 50 38127.0 40789.0 300.0 300.0
568.7575850289224 10 45044.0 48375.0 300.0 300.0 49 64017.0 66859.0 300.0 300.0
859.1958339268274 46 25679.0 29254.0 300.0 300.0 23 42352.0 45333.0 300.0 300.0
295.79817040232604 25 32588.0 34419.0 300.0 300.0 11 50594.0 52503.0 300.0 300.0
150.24405839517286 59 47189.0 50474.0 300.0 300.0 38 62976.0 65672.0 300.0 300.0
502.4252691871661 40 23496.0 25790.0 300.0 300.0 47 38754.0 42119.0 300.0 300.0
442.5576332427247 26 35773.0 38204.0 300.0 300.0 24 49733.0 51764.0 300.0 300.0
328.5516015604686 18 37519.0 39812.0 300.0 300.0 33 57413.0 60740.0 300.0 300.0
933.6031146038158 16 52055.0 55635.0 300.0 300.0 58 67401.0 69608.0 300.0 300.0
273.639820185712 28 31545.0 34533.0 300.0 300.0 46 47920.0 49782.0 300.0 300.0
649.3295592391298 41 36073.0 38724.0 300.0 300.0 33 49835.0 53262.0 300.0 300.0
961.2399327536034 49 50942.0 54001.0 300.0 300.0 29 67937.0 71440.0 300.0 300.0
416.1131401426815 33 46957.0 49276.0 300.0 300.0 43 63524.0 67023.0 300.0 300.0
663.8668193392764 37 27348.0 29881.0 300.0 300.0 60 43163.0 45725.0 300.0 300.0
849.9337902026587 41 31051.0 34434.0 300.0 300.0 55 50676.0 53691.0 300.0 300.0
105.59622547995207 55 36068.0 39574.0 300.0 300.0 25 56182.0 58169.0 300.0 300.0
184.0653050679485 22 29678.0 33006.0 300.0 300.0 40 46214.0 49246.0 300.0 300.0
682.9288719052985 58 48819.0 50844.0 300.0 300.0 31 67638.0 71177.0 300.0 300.0
599.5505885799924 49 36960.0 39725.0 300.0 300.0 15 56641.0 58494.0 300.0 300.0
911.0423777003896 14 38073.0 41087.0 300.0 300.0 55 58443.0 61273.0 300.0 300.0
181.87517607445324 55 28697.0 31662.0 300.0 300.0 13 48601.0 51918.0 300.0 300.0
254.1161075337648 12 51226.0 53317.0 300.0 300.0 57 66816.0 70242.0 300.0 300.0
242.58161058925788 44 32587.0 35602.0 300.0 300.0 11 49178.0 51442.0 300.0 300.0
535.955003058363 59 47564.0 50419.0 300.0 300.0 14 66491.0 69377.0 300.0 300.0
40.49978996782655 39 39699.0 42351.0 300.0 300.0 33 53333.0 55313.0 300.0 300.0
461.0042267353888 52 34773.0 38171.0 300.0 300.0 14 51738.0 53797.0 300.0 300.0
672.5937404670291 54 52228.0 55184.0 300.0 300.0 48 72289.0 75438.0 300.0 300.0
875.7652452019363 48 20821.0 22927.0 300.0 300.0 27 34683.0 37493.0 300.0 300.0
322.3060815334141 17 32719.0 34714.0 300.0 300.0 54 51353.0 53520.0 300.0 300.0
845.6955776314869 45 40530.0 43077.0 300.0 300.0 10 56821.0 60268.0 300.0 300.0
131.2573564138838 39 28190.0 31756.0 300.0 300.0 41 43171.0 45920.0 300.0 300.0
351.377552420154 21 41208.0 43335.0 300.0 300.0 47 57522.0 60004.0 300.0 300.0
660.1435547969091 22 22283.0 24509.0 300.0 300.0 49 39623.0 41914.0 300.0 300.0
967.9255325241651 10 40313.0 42666.0 300.0 300.0 26 54494.0 57047.0 300.0 300.0
422.9582830993608 32 36698.0 40195.0 300.0 300.0 57 57238.0 60759.0 300.0 300.0
690.4940282019388 26 40273.0 42311.0 300.0 300.0 33 57776.0 59775.0 300.0 300.0
995.9128407437828 58 32920.0 35532.0 300.0 300.0 14 47564.0 50098.0 300.0 300.0
622.9526393523939 51 48197.0 50847.0 300.0 300.0 33 68281.0 70915.0 300.0 300.0
133.67511787975837 50 27537.0 30361.0 300.0 300.0 40 47792.0 50758.0 300.0 300.0
432.28255766816636 58 36107.0 38508.0 300.0 300.0 41 54045.0 55967.0 300.0 300.0
570.210789628187 48 18275.0 20124.0 300.0 300.0 12 36200.0 38861.0 300.0 300.0
773.3781240931803 32 38326.0 41497.0 300.0 300.0 11 54656.0 57412.0 300.0 300.0
373.3792888490578 60 44056.0 46611.0 300.0 300.0 29 63083.0 64899.0 300.0 300.0
652.4288159419285 38 18441.0 21435.0 300.0 300.0 17 33496.0 36202.0 300.0 300.0
979.6723447837358 36 43841.0 47300.0 300.0 300.0 59 59729.0 63304.0 300.0 300.0
376.01627516822765 15 21538.0 24864.0 300.0 300.0 29 42015.0 44520.0 300.0 300.0
210.62791360129984 32 22363.0 25798.0 300.0 300.0 24 40144.0 43374.0 300.0 300.0
140.96292778640063 56 38741.0 42303.0 300.0 300.0 37 54567.0 58114.0 300.0 300.0
502.4178194067843 59 24910.0 27990.0 300.0 300.0 33 45868.0 49355.0 300.0 300.0
879.6641658901463 21 32021.0 35148.0 300.0 300.0 38 50269.0 52719.0 300.0 300.0
336.1844935383992 30 20613.0 22529.0 300.0 300.0 27 34005.0 36532.0 300.0 300.0
969.3543955212223 42 25229.0 27262.0 300.0 300.0 25 39561.0 42088.0 300.0 300.0
994.5537025009662 39 18898.0 22305.0 300.0 300.0 42 39206.0 42152.0 300.0 300.0
233.0959036378082 46 36856.0 40025.0 300.0 300.0 37 54301.0 56772.0 300.0 300.0
579.4161383331268 50 43214.0 45690.0 300.0 300.0 22 63368.0 66063.0 300.0 300.0
56.219220658798804 41 53276.0 56417.0 300.0 300.0 24 71211.0 74029.0 300.0 300.0
981.9639818116751 10 24544.0 26631.0 300.0 300.0 13 38850.0 41124.0 300.0 300.0
774.8325983460791 13 41728.0 43711.0 300.0 300.0 43 59983.0 62524.0 300.0 300.0
706.8800525840408 21 42612.0 44698.0 300.0 300.0 45 61403.0 64690.0 300.0 300.0
982.5855183402402 58 41052.0 43591.0 300.0 300.0 42 57516.0 60849.0 300.0 300.0
111.66820341980655 14 35741.0 39229.0 300.0 300.0 54 55694.0 57545.0 300.0 300.0
377.21626146673117 31 25467.0 28795.0 300.0 300.0 32 46253.0 48825.0 300.0 300.0
456.9265658879528 55 18992.0 22015.0 300.0 300.0 39 38387.0 41914.0 300.0 300.0
918.0151587471094 48 20576.0 23317.0 300.0 300.0 55 39776.0 42499.0 300.0 300.0
885.8114340543475 21 38899.0 41731.0 300.0 300.0 41 53089.0 55934.0 300.0 300.0
687.0423449852595 37 26290.0 28471.0 300.0 300.0 47 41288.0 44259.0 300.0 300.0
7.309051750472029 54 23814.0 27341.0 300.0 300.0 23 44505.0 47786.0 300.0 300.0
97.9808245567868 46 47470.0 51063.0 300.0 300.0 53 62086.0 64057.0 300.0 300.0
578.8902809488454 41 49742.0 51842.0 300.0 300.0 56 67339.0 69520.0 300.0 300.0
243.4820106939356 34 23722.0 27139.0 300.0 300.0 27 44341.0 46459.0 300.0 300.0
34.70635544426581 24 18525.0 22023.0 300.0 300.0 11 38137.0 41220.0 300.0 300.0
840.7487090683338 52 18792.0 20740.0 300.0 300.0 50 36453.0 39022.0 300.0 300.0
435.1083489225076 16 34293.0 36302.0 300.0 300.0 46 50646.0 52868.0 300.0 300.0
661.251974463056 56 20125.0 23301.0 300.0 300.0 30 37184.0 39054.0 300.0 300.0
205.7265594746278 40 53118.0 55534.0 300.0 300.0 43 68183.0 71066.0 300.0 300.0
608.6196823693962 22 27180.0 30610.0 300.0 300.0 19 42504.0 45523.0 300.0 300.0
657.7935878824823 49 53600.0 57124.0 300.0 300.0 15 69815.0 72845.0 300.0 300.0
942.9660791561201 44 44647.0 47536.0 300.0 300.0 53 62355.0 64658.0 300.0 300.0
338.37511246082187 55 22405.0 24424.0 300.0 300.0 34 35340.0 37579.0 300.0 300.0
103.73262107005144 32 23363.0 26677.0 300.0 300.0 26 39369.0 42851.0 300.0 300.0
336.59874220697697 54 52349.0 54313.0 300.0 300.0 45 67765.0 70094.0 300.0 300.0
329.32983499580826 12 20088.0 22863.0 300.0 300.0 23 40647.0 43040.0 300.0 300.0
591.1349220418416 50 46920.0 49127.0 300.0 300.0 26 66467.0 69517.0 300.0 300.0
842.7350552777272 52 39749.0 42686.0 300.0 300.0 28 54602.0 57159.0 300.0 300.0
310.74567406638374 49 50025.0 52645.0 300.0 300.0 51 65989.0 68541.0 300.0 300.0
909.3149861470511 59 45807.0 48769.0 300.0 300.0 34 61821.0 65075.0 300.0 300.0
873.7192363320087 47 38320.0 41353.0 300.0 300.0 41 54142.0 56746.0 300.0 300.0
77.47845383766439 49 45308.0 47305.0 300.0 300.0 17 61117.0 64374.0 300.0 300.0
37.86287772981078 13 49669.0 51753.0 300.0 300.0 16 64440.0 66700.0 300.0 300.0
494.6783545467222 23 29246.0 31841.0 300.0 300.0 48 47688.0 51264.0 300.0 300.0
229.2230513221024 59 37973.0 41251.0 300.0 300.0 48 56893.0 59562.0 300.0 300.0
320.49664668352807 45 44427.0 47289.0 300.0 300.0 24 60859.0 63041.0 300.0 300.0
828.0050429441583 60 45517.0 48124.0 300.0 300.0 59 64994.0 67578.0 300.0 300.0
14.16551160002788 50 45008.0 47874.0 300.0 300.0 42 62073.0 64748.0 300.0 300.0
211.81216479465505 10 50108.0 53289.0 300.0 300.0 44 65169.0 67022.0 300.0 300.0
94.37721882206151 24 35652.0 38198.0 300.0 300.0 54 53351.0 55509.0 300.0 300.0
311.23206580650134 49 18952.0 21370.0 300.0 300.0 12 38940.0 41932.0 300.0 300.0
902.4662783628138 51 25651.0 28294.0 300.0 300.0 18 41274.0 43623.0 300.0 300.0
277.25347340202853 33 19459.0 21299.0 300.0 300.0 13 35267.0 38575.0 300.0 300.0
853.2378745664088 12 50413.0 53597.0 300.0 300.0 13 68497.0 71637.0 300.0 300.0
734.664561142949 27 30195.0 32905.0 300.0 300.0 16 44647.0 47691.0 300.0 300.0
647.4659383588103 48 48432.0 51030.0 300.0 300.0 31 66883.0 68736.0 300.0 300.0
915.5041139209903 44 19794.0 21936.0 300.0 300.0 58 36809.0 39077.0 300.0 300.0
322.37093029206034 39 32871.0 35979.0 300.0 300.0 47 52303.0 54521.0 300.0 300.0
631.2214660841637 41 37036.0 40341.0 300.0 300.0 40 55234.0 58013.0 300.0 300.0
816.5623956658201 26 29251.0 32056.0 300.0 300.0 60 44793.0 46743.0 300.0 300.0
685.2408505686167 55 36028.0 38724.0 300.0 300.0 28 51888.0 54334.0 300.0 300.0
768.720411507884 42 31922.0 34744.0 300.0 300.0 23 46522.0 49432.0 300.0 300.0
567.2846923414601 42 25677.0 28364.0 300.0 300.0 52 40125.0 42584.0 300.0 300.0
508.79589058914235 24 40841.0 44069.0 300.0 300.0 30 61772.0 63638.0 300.0 300.0
459.6254676007132 39 26807.0 28730.0 300.0 300.0 19 44795.0 47752.0 300.0 300.0
950.2086888890274 52 31179.0 34241.0 300.0 300.0 17 51797.0 54533.0 300.0 300.0
60.324747841471904 21 38362.0 41623.0 300.0 300.0 59 54882.0 58267.0 300.0 300.0
274.2649964786952 46 53027.0 55581.0 300.0 300.0 47 72849.0 75414.0 300.0 300.0
60.76587164004999 41 34521.0 36834.0 300.0 300.0 33 52916.0 56461.0 300.0 300.0
696.0300439635987 16 26423.0 28255.0 300.0 300.0 27 39100.0 41687.0 300.0 300.0
360.0604178194077 30 39998.0 43292.0 300.0 300.0 44 54319.0 57671.0 300.0 300.0
105.77852688740231 45 44428.0 47905.0 300.0 300.0 22 59373.0 61474.0 300.0 300.0
47.24685655332939 47 25645.0 29091.0 300.0 300.0 10 45593.0 48156.0 300.0 300.0
242.8808826828802 41 28545.0 30803.0 300.0 300.0 28 42933.0 45353.0 300.0 300.0
608.0142857474692 43 21334.0 24546.0 300.0 300.0 37 40012.0 42735.0 300.0 300.0
139.92017080635023 57 21471.0 24646.0 300.0 300.0 11 39764.0 42493.0 300.0 300.0
724.7679176258191 58 40125.0 43641.0 300.0 300.0 21 57413.0 60762.0 300.0 300.0
593.6977127170678 11 51400.0 54752.0 300.0 300.0 47 70460.0 73785.0 300.0 300.0
930.3656949115176 38 29531.0 31559.0 300.0 300.0 45 49111.0 51000.0 300.0 300.0
205.67864175193506 35 45947.0 48444.0 300.0 300.0 10 62693.0 65475.0 300.0 300.0
474.3405948637787 24 44204.0 46782.0 300.0 300.0 18 60749.0 62609.0 300.0 300.0
275.82533227254544 37 38298.0 40227.0 300.0 300.0 57 57088.0 59875.0 300.0 300.0
277.79069201095496 43 36063.0 38281.0 300.0 300.0 22 49868.0 52007.0 300.0 300.0
328.52318370167956 59 36518.0 39415.0 300.0 300.0 45 50261.0 52911.0 300.0 300.0
235.66076278988913 51 44684.0 47631.0 300.0 300.0 22 58463.0 60298.0 300.0 300.0
954.6393766561368 31 24002.0 26169.0 300.0 300.0 20 41820.0 44703.0 300.0 300.0
303.51895068661514 23 48923.0 50806.0 300.0 300.0 32 68469.0 71338.0 300.0 300.0
736.2806053369503 59 32730.0 35775.0 300.0 300.0 24 48744.0 51672.0 300.0 300.0
445.1864321261247 33 34005.0 36585.0 300.0 300.0 20 47427.0 50732.0 300.0 300.0
406.4992549027214 32 37154.0 40559.0 300.0 300.0 26 52934.0 55471.0 300.0 300.0
267.1253107635083 26 30971.0 33667.0 300.0 300.0 34 45046.0 48059.0 300.0 300.0
820.3965078221054 43 48036.0 50784.0 300.0 300.0 22 66226.0 69081.0 300.0 300.0
909.1145914392956 10 46907.0 49624.0 300.0 300.0 41 64981.0 68334.0 300.0 300.0
371.5083457386548 33 20931.0 23987.0 300.0 300.0 15 39030.0 41044.0 300.0 300.0
866.6137377464098 44 23000.0 25782.0 300.0 300.0 13 38918.0 41441.0 300.0 300.0
882.1400006283473 26 27177.0 29721.0 300.0 300.0 31 43074.0 46635.0 300.0 300.0
990.8657899994276 24 32563.0 35377.0 300.0 300.0 55 51974.0 55250.0 300.0 300.0
791.9106729743423 58 47560.0 50529.0 300.0 300.0 54 62807.0 64661.0 300.0 300.0
35.139855587461575 21 40761.0 42912.0 300.0 300.0 36 56990.0 59005.0 300.0 300.0
338.0381733129788 38 46994.0 48800.0 300.0 300.0 32 60706.0 63531.0 300.0 300.0
110.84825523577713 32 45204.0 47879.0 300.0 300.0 37 62319.0 65366.0 300.0 300.0
896.0541946751437 20 36939.0 39604.0 300.0 300.0 53 53516.0 55584.0 300.0 300.0
91.25784829884476 26 23656.0 26958.0 300.0 300.0 45 42573.0 45287.0 300.0 300.0
372.3021652550311 12 18366.0 21432.0 300.0 300.0 56 35782.0 38831.0 300.0 300.0
893.1880894610848 53 47129.0 50293.0 300.0 300.0 17 66650.0 68591.0 300.0 300.0
510.7029854584011 24 21181.0 24463.0 300.0 300.0 32 38626.0 40444.0 300.0 300.0
202.8660635232432 42 19212.0 22152.0 300.0 300.0 44 39184.0 41177.0 300.0 300.0
806.2344115038422 41 36396.0 38779.0 300.0 300.0 58 51749.0 54687.0 300.0 300.0
349.7757293556606 51 44887.0 47118.0 300.0 300.0 26 62604.0 66191.0 300.0 300.0
876.0815679188319 44 29284.0 31675.0 300.0 300.0 53 49133.0 51766.0 300.0 300.0
915.0649910488711 37 35685.0 38739.0 300.0 300.0 15 52997.0 56523.0 300.0 300.0
205.5822048802396 24 22359.0 25798.0 300.0 300.0 18 37247.0 39782.0 300.0 300.0
266.39307679143855 50 50029.0 52970.0 300.0 300.0 57 68461.0 70664.0 300.0 300.0
98.38661816316929 21 27420.0 30244.0 300.0 300.0 43 42198.0 44788.0 300.0 300.0
500.93028407488174 31 33294.0 35097.0 300.0 300.0 15 50294.0 52217.0 300.0 300.0
966.5300957916962 31 52118.0 55014.0 300.0 300.0 39 67939.0 70614.0 300.0 300.0
448.85004409509486 50 42467.0 45734.0 300.0 300.0 29 57980.0 61214.0 300.0 300.0
203.60292043560634 60 36516.0 39640.0 300.0 300.0 34 57000.0 60091.0 300.0 300.0
121.74272194228908 15 40554.0 42412.0 300.0 300.0 24 55970.0 58668.0 300.0 300.0
309.49946931960517 11 43831.0 45687.0 300.0 300.0 41 57445.0 59466.0 300.0 300.0
698.9725385081002 49 52856.0 55058.0 300.0 300.0 54 67925.0 69897.0 300.0 300.0
554.3112850999585 22 35801.0 38484.0 300.0 300.0 28 51815.0 54482.0 300.0 300.0
229.50563067893236 14 32099.0 34438.0 300.0 300.0 54 51809.0 53611.0 300.0 300.0
767.1508593397308 42 46732.0 50202.0 300.0 300.0 55 61935.0 64829.0 300.0 300.0
320.9489855219775 36 30787.0 33333.0 300.0 300.0 32 50403.0 53350.0 300.0 300.0
157.77888482386504 48 24934.0 28343.0 300.0 300.0 57 40238.0 43639.0 300.0 300.0
309.62010000616624 52 32101.0 35245.0 300.0 300.0 53 52138.0 54139.0 300.0 300.0
878.960693252026 10 44626.0 46460.0 300.0 300.0 51 63201.0 65555.0 300.0 300.0
607.955663461076 31 19724.0 22894.0 300.0 300.0 40 39222.0 41700.0 300.0 300.0
128.9727843480407 16 30097.0 32135.0 300.0 300.0 20 47069.0 49017.0 300.0 300.0
945.3762480771667 35 33048.0 35345.0 300.0 300.0 38 48534.0 51550.0 300.0 300.0
399.4707282417883 33 34447.0 37378.0 300.0 300.0 37 55166.0 57620.0 300.0 300.0
127.14584922224792 60 41715.0 43806.0 300.0 300.0 36 58478.0 61738.0 300.0 300.0
276.23994417837315 35 25095.0 28295.0 300.0 300.0 14 39567.0 43072.0 300.0 300.0
288.4593330161791 10 19133.0 21573.0 300.0 300.0 41 34711.0 37855.0 300.0 300.0
390.7854408705795 10 33852.0 36075.0 300.0 300.0 50 52729.0 54537.0 300.0 300.0
708.0013454495963 11 36836.0 39423.0 300.0 300.0 32 53646.0 55459.0 300.0 300.0
450.24804692838825 60 49054.0 51799.0 300.0 300.0 39 64093.0 66915.0 300.0 300.0
340.95701596228344 51 28881.0 32226.0 300.0 300.0 47 46173.0 49333.0 300.0 300.0
102.11871019676411 25 40259.0 42582.0 300.0 300.0 53 59290.0 62567.0 300.0 300.0
844.7093544773791 47 36143.0 39552.0 300.0 300.0 13 50862.0 54391.0 300.0 300.0
938.3831683233301 35 49712.0 52971.0 300.0 300.0 47 65399.0 68353.0 300.0 300.0
994.3945638594233 59 42921.0 46396.0 300.0 300.0 57 57492.0 60666.0 300.0 300.0
540.1676018541365 29 43122.0 45943.0 300.0 300.0 16 59721.0 63094.0 300.0 300.0
747.641513208382 48 48601.0 50954.0 300.0 300.0 31 63909.0 66616.0 300.0 300.0
797.1520417118835 18 45565.0 48069.0 300.0 300.0 34 63262.0 65381.0 300.0 300.0
530.1126090376309 18 43898.0 47190.0 300.0 300.0 52 58466.0 61211.0 300.0 300.0
103.81857222398449 27 53433.0 56951.0 300.0 300.0 45 74675.0 77101.0 300.0 300.0
522.1761742840948 54 36025.0 38363.0 300.0 300.0 55 55034.0 57232.0 300.0 300.0
594.2378492709446 32 49327.0 52588.0 300.0 300.0 42 68267.0 71133.0 300.0 300.0
262.8420846747814 56 30568.0 32815.0 300.0 300.0 11 49912.0 53364.0 300.0 300.0
595.1664960505233 54 47548.0 51139.0 300.0 300.0 15 65245.0 67815.0 300.0 300.0
915.018877981794 30 27515.0 30755.0 300.0 300.0 18 45533.0 48321.0 300.0 300.0
579.7105454443019 29 41164.0 44470.0 300.0 300.0 49 56650.0 59876.0 300.0 300.0
205.6195840374846 39 20953.0 24069.0 300.0 300.0 31 40413.0 42484.0 300.0 300.0
326.0549866934457 22 50416.0 53165.0 300.0 300.0 18 70597.0 73000.0 300.0 300.0
748.8400618932731 25 38172.0 41695.0 300.0 300.0 44 55257.0 57817.0 300.0 300.0
822.4937711789809 44 27089.0 29257.0 300.0 300.0 31 42747.0 44633.0 300.0 300.0
49.22531590390711 54 34237.0 36534.0 300.0 300.0 27 47832.0 51335.0 300.0 300.0
915.3217291326619 53 46107.0 49029.0 300.0 300.0 26 64388.0 67791.0 300.0 300.0
565.4632823911503 49 50071.0 52752.0 300.0 300.0 60 66160.0 68854.0 300.0 300.0
333.54234366082017 33 53690.0 56615.0 300.0 300.0 21 73581.0 76102.0 300.0 300.0
383.1154063982928 53 21660.0 23953.0 300.0 300.0 10 36755.0 39746.0 300.0 300.0
716.6602717513736 26 53304.0 56033.0 300.0 300.0 30 73722.0 76660.0 300.0 300.0
116.00115593893246 44 50566.0 52530.0 300.0 300.0 45 68030.0 70007.0 300.0 300.0
651.2857196955772 10 47017.0 50066.0 300.0 300.0 20 62997.0 66580.0 300.0 300.0
937.358680872723 42 47220.0 49662.0 300.0 300.0 49 65708.0 67605.0 300.0 300.0
630.4852299586641 58 19975.0 22620.0 300.0 300.0 32 36426.0 38979.0 300.0 300.0
173.2500929677201 24 47896.0 49854.0 300.0 300.0 12 64718.0 67664.0 300.0 300.0
787.7444915927362 23 40990.0 43456.0 300.0 300.0 58 57884.0 59794.0 300.0 300.0
696.3778859617563 27 43325.0 46388.0 300.0 300.0 41 57734.0 59690.0 300.0 300.0
335.4153002957594 20 18950.0 21645.0 300.0 300.0 35 34678.0 37436.0 300.0 300.0
697.3194522848464 40 24905.0 26847.0 300.0 300.0 34 38550.0 40886.0 300.0 300.0
825.3281820316363 31 23106.0 26474.0 300.0 300.0 43 37768.0 40426.0 300.0 300.0
25.333616178943696 50 36840.0 39921.0 300.0 300.0 45 52969.0 56330.0 300.0 300.0
725.9643809293129 27 36450.0 39191.0 300.0 300.0 51 50153.0 53084.0 300.0 300.0
659.8843953735836 34 20388.0 23654.0 300.0 300.0 51 37192.0 39632.0 300.0 300.0
814.6748341385071 41 40507.0 42738.0 300.0 300.0 29 57266.0 59808.0 300.0 300.0
458.7789567518964 27 25060.0 28484.0 300.0 300.0 49 42413.0 44976.0 300.0 300.0
562.7581702829806 32 46850.0 50390.0 300.0 300.0 33 66354.0 68890.0 300.0 300.0
825.6157936916786 52 44117.0 46016.0 300.0 300.0 10 57195.0 59784.0 300.0 300.0
952.9938202973449 14 49619.0 52280.0 300.0 300.0 33 63933.0 66405.0 300.0 300.0
528.7511539793231 24 51165.0 53222.0 300.0 300.0 25 68305.0 71291.0 300.0 300.0
30.069783832614384 23 19065.0 22424.0 300.0 300.0 32 39842.0 42845.0 300.0 300.0
501.25494877293164 24 28055.0 30945.0 300.0 300.0 51 44613.0 47432.0 300.0 300.0
320.22503402218183 30 45627.0 47447.0 300.0 300.0 53 61329.0 64896.0 300.0 300.0
955.7566650877494 50 48591.0 50807.0 300.0 300.0 58 65072.0 67565.0 300.0 300.0
52.694679906739815 40 34891.0 37554.0 300.0 300.0 31 55060.0 57450.0 300.0 300.0
693.4645367955409 48 52591.0 54641.0 300.0 300.0 28 72438.0 75511.0 300.0 300.0
716.9296321902225 32 25945.0 28242.0 300.0 300.0 48 44061.0 47451.0 300.0 300.0
691.1440705829818 17 49512.0 51398.0 300.0 300.0 28 68019.0 71444.0 300.0 300.0
850.161803436852 40 45510.0 48873.0 300.0 300.0 22 65781.0 68074.0 300.0 300.0
266.0014423091518 31 50806.0 54084.0 300.0 300.0 40 69530.0 71352.0 300.0 300.0
383.1781656503009 25 32634.0 35455.0 300.0 300.0 29 47540.0 50868.0 300.0 300.0
683.1488167861035 15 28218.0 30570.0 300.0 300.0 29 42464.0 44428.0 300.0 300.0
301.0041780786884 15 45087.0 47296.0 300.0 300.0 44 59878.0 62100.0 300.0 300.0
554.9213890618998 27 45844.0 47838.0 300.0 300.0 57 62700.0 65850.0 300.0 300.0
581.8044337253193 25 38374.0 41517.0 300.0 300.0 12 54596.0 57343.0 300.0 300.0
841.4330448950916 25 51745.0 53756.0 300.0 300.0 32 71236.0 73885.0 300.0 300.0
253.28915565034714 39 27957.0 31096.0 300.0 300.0 48 44945.0 47730.0 300.0 300.0
487.4388536880867 28 20432.0 22955.0 300.0 300.0 25 39274.0 41684.0 300.0 300.0
202.24444416530807 39 21140.0 23236.0 300.0 300.0 17 38981.0 41519.0 300.0 300.0
496.2322147711411 21 29428.0 31718.0 300.0 300.0 51 43340.0 45424.0 300.0 300.0
949.8344835746801 43 22411.0 25026.0 300.0 300.0 41 37826.0 40625.0 300.0 300.0
555.7303293365691 19 25363.0 28207.0 300.0 300.0 58 46069.0 49029.0 300.0 300.0
682.781302423479 34 18138.0 20096.0 300.0 300.0 25 33877.0 36500.0 300.0 300.0
688.2599924806265 44 22330.0 24748.0 300.0 300.0 29 37822.0 39675.0 300.0 300.0
237.51368995993428 57 51416.0 55011.0 300.0 300.0 53 70862.0 73382.0 300.0 300.0
21.382788098937787 30 21496.0 24459.0 300.0 300.0 31 39573.0 41435.0 300.0 300.0
659.3690354478351 57 23836.0 25788.0 300.0 300.0 12 41096.0 43430.0 300.0 300.0
884.311302923851 50 24646.0 26920.0 300.0 300.0 31 37736.0 41067.0 300.0 300.0
199.779897761439 57 38818.0 41281.0 300.0 300.0 50 55478.0 57817.0 300.0 300.0
469.35320151526594 36 41358.0 43161.0 300.0 300.0 30 54269.0 56796.0 300.0 300.0
828.3090999360297 53 48096.0 50288.0 300.0 300.0 38 63240.0 65576.0 300.0 300.0
191.04286233026613 44 30139.0 32307.0 300.0 300.0 37 44516.0 47094.0 300.0 300.0
290.0148788355168 57 26714.0 29467.0 300.0 300.0 43 42725.0 46143.0 300.0 300.0
292.21935160403643 14 51884.0 53778.0 300.0 300.0 30 69344.0 72258.0 300.0 300.0
557.9055836211318 43 38444.0 41110.0 300.0 300.0 56 56337.0 59422.0 300.0 300.0
835.6997526073039 42 27596.0 29557.0 300.0 300.0 33 44334.0 46575.0 300.0 300.0
950.5356391891347 13 47588.0 50218.0 300.0 300.0 37 61962.0 63770.0 300.0 300.0
866.1658278982411 19 43164.0 44978.0 300.0 300.0 16 62726.0 65446.0 300.0 300.0
800.8263921468501 35 35414.0 38560.0 300.0 300.0 12 54346.0 57701.0 300.0 300.0
597.5950546475808 30 45998.0 48060.0 300.0 300.0 10 63609.0 65766.0 300.0 300.0
78.06793284471347 28 23724.0 26304.0 300.0 300.0 22 38698.0 42231.0 300.0 300.0
79.56345958070199 60 39234.0 42657.0 300.0 300.0 31 55898.0 58973.0 300.0 300.0
844.2490665338751 10 27713.0 30478.0 300.0 300.0 39 43057.0 46161.0 300.0 300.0
7.939068470973809 35 44768.0 47221.0 300.0 300.0 11 61471.0 64311.0 300.0 300.0
541.22294103149 55 50082.0 52513.0 300.0 300.0 31 69870.0 71876.0 300.0 300.0
493.16441801597665 18 22019.0 25547.0 300.0 300.0 27 40005.0 42210.0 300.0 300.0
388.9718782795922 53 32589.0 34660.0 300.0 300.0 12 48482.0 51101.0 300.0 300.0
488.15385849829016 37 44940.0 48066.0 300.0 300.0 44 60195.0 62612.0 300.0 300.0
268.9890318132193 17 31434.0 34609.0 300.0 300.0 37 49992.0 52021.0 300.0 300.0
747.8492014016326 28 26498.0 29224.0 300.0 300.0 24 45696.0 48959.0 300.0 300.0
371.5220553588834 13 22322.0 24575.0 300.0 300.0 54 40035.0 42310.0 300.0 300.0
168.09739979291317 11 47469.0 50314.0 300.0 300.0 46 62429.0 64617.0 300.0 300.0
211.47810240600907 26 38039.0 40910.0 300.0 300.0 36 52106.0 55032.0 300.0 300.0
891.5259481291057 50 39952.0 43056.0 300.0 300.0 51 58967.0 61946.0 300.0 300.0
834.894773710882 17 50196.0 53030.0 300.0 300.0 28 64275.0 67142.0 300.0 300.0
915.6610452889848 11 45178.0 47181.0 300.0 300.0 17 64218.0 66295.0 300.0 300.0
725.1417621382433 28 24481.0 27717.0 300.0 300.0 35 41745.0 44173.0 300.0 300.0
71.19622899227274 31 52850.0 55321.0 300.0 300.0 28 72203.0 75802.0 300.0 300.0
13.907847222939695 33 22551.0 25195.0 300.0 300.0 60 39480.0 42906.0 300.0 300.0
117.993073547219 21 32947.0 36367.0 300.0 300.0 50 51669.0 55153.0 300.0 300.0
654.3995780937576 54 19497.0 21481.0 300.0 300.0 32 38509.0 40495.0 300.0 300.0
529.366294639131 12 35525.0 39113.0 300.0 300.0 49 54224.0 57557.0 300.0 300.0
630.2591015550838 50 49706.0 51558.0 300.0 300.0 33 66858.0 69353.0 300.0 300.0
982.1399051573954 15 48753.0 51598.0 300.0 300.0 53 68422.0 71501.0 300.0 300.0
570.0982729423908 48 36752.0 39576.0 300.0 300.0 45 56174.0 58082.0 300.0 300.0
55.895604187089944 18 21184.0 23949.0 300.0 300.0 20 38053.0 41268.0 300.0 300.0
190.22430113609033 17 31582.0 35112.0 300.0 300.0 10 50406.0 53373.0 300.0 300.0
569.1859833015316 55 36068.0 38958.0 300.0 300.0 42 56744.0 59332.0 300.0 300.0
282.4466733627684 34 49470.0 51359.0 300.0 300.0 25 63180.0 65678.0 300.0 300.0
977.039908371805 39 26155.0 29236.0 300.0 300.0 12 43931.0 46472.0 300.0 300.0
844.5356580964159 11 21729.0 25153.0 300.0 300.0 57 39841.0 43245.0 300.0 300.0
441.01201870378827 13 37855.0 40577.0 300.0 300.0 35 55569.0 57709.0 300.0 300.0
872.048935701547 54 23665.0 26729.0 300.0 300.0 37 39745.0 43235.0 300.0 300.0
412.85909487494445 13 32445.0 34297.0 300.0 300.0 45 48191.0 51595.0 300.0 300.0
105.33225591755557 55 22288.0 25310.0 300.0 300.0 41 42325.0 44647.0 300.0 300.0
682.5807168326554 12 34033.0 36760.0 300.0 300.0 34 53454.0 55775.0 300.0 300.0
77.38362294069667 26 51487.0 54100.0 300.0 300.0 32 69236.0 72125.0 300.0 300.0
902.3246714087146 60 39751.0 42302.0 300.0 300.0 11 54007.0 56413.0 300.0 300.0
419.17518245090946 32 28057.0 29904.0 300.0 300.0 31 44616.0 46692.0 300.0 300.0
165.19779037525262 11 45810.0 49202.0 300.0 300.0 18 60895.0 63224.0 300.0 300.0
940.554355310257 52 23731.0 27027.0 300.0 300.0 13 43135.0 45125.0 300.0 300.0
582.3756752304521 55 20012.0 22075.0 300.0 300.0 43 36303.0 39370.0 300.0 300.0
267.97204001165085 47 44360.0 47059.0 300.0 300.0 55 60835.0 62819.0 300.0 300.0
237.48550278877744 10 19620.0 22888.0 300.0 300.0 15 34683.0 37768.0 300.0 300.0
145.3629114134427 43 53089.0 56329.0 300.0 300.0 20 70829.0 73168.0 300.0 300.0
912.8358053853237 59 53405.0 56199.0 300.0 300.0 29 72310.0 74381.0 300.0 300.0
111.25672650199692 11 22852.0 26011.0 300.0 300.0 16 38656.0 41904.0 300.0 300.0
570.844579824842 30 42698.0 44681.0 300.0 300.0 29 57481.0 59898.0 300.0 300.0
482.7333458548049 53 23024.0 25022.0 300.0 300.0 60 41010.0 44108.0 300.0 300.0
463.51873573378464 35 46375.0 49707.0 300.0 300.0 36 67089.0 69977.0 300.0 300.0
93.6220785507289 41 39647.0 41560.0 300.0 300.0 18 52978.0 56372.0 300.0 300.0
644.9701961847006 43 23428.0 25385.0 300.0 300.0 58 37769.0 41252.0 300.0 300.0
348.241442732012 39 27409.0 29936.0 300.0 300.0 33 41067.0 44290.0 300.0 300.0
523.0125399862393 15 45865.0 47763.0 300.0 300.0 55 60165.0 62887.0 300.0 300.0
20.204807646286184 46 33347.0 36526.0 300.0 300.0 55 51035.0 53535.0 300.0 300.0
336.5256901475331 59 32600.0 36128.0 300.0 300.0 14 50222.0 53522.0 300.0 300.0
114.98078611271123 28 51143.0 54058.0 300.0 300.0 21 71713.0 73853.0 300.0 300.0
250.5481829589008 43 41340.0 44398.0 300.0 300.0 13 58602.0 61301.0 300.0 300.0
650.9730554044756 54 22558.0 25320.0 300.0 300.0 19 38620.0 41626.0 300.0 300.0
270.3675842242426 27 18624.0 21307.0 300.0 300.0 26 33957.0 37520.0 300.0 300.0
632.2233639502674 53 53934.0 56378.0 300.0 300.0 33 67742.0 69710.0 300.0 300.0
773.0212987972453 29 27531.0 30752.0 300.0 300.0 42 43678.0 46965.0 300.0 300.0
881.1692584369192 45 29413.0 32220.0 300.0 300.0 30 48519.0 51775.0 300.0 300.0
7.75457830618731 45 48455.0 51846.0 300.0 300.0 32 67945.0 70722.0 300.0 300.0
976.3088264878231 20 38303.0 41313.0 300.0 300.0 22 58182.0 60764.0 300.0 300.0
28.650525050720855 58 37998.0 41559.0 300.0 300.0 60 52504.0 54655.0 300.0 300.0
860.6117771335998 38 31387.0 33886.0 300.0 300.0 50 49634.0 52454.0 300.0 300.0
779.7612694891217 26 46657.0 49157.0 300.0 300.0 22 62689.0 64759.0 300.0 300.0
924.9233669426796 17 44563.0 46840.0 300.0 300.0 60 61035.0 64606.0 300.0 300.0
276.9191037942913 49 28702.0 31636.0 300.0 300.0 18 46715.0 49592.0 300.0 300.0
558.6612588035249 14 44360.0 47705.0 300.0 300.0 36 58980.0 61758.0 300.0 300.0
326.657732913993 45 27509.0 30740.0 300.0 300.0 37 42483.0 45131.0 300.0 300.0
439.40568277468 30 52141.0 54509.0 300.0 300.0 19 70478.0 74034.0 300.0 300.0
31.361607158975403 22 27687.0 31271.0 300.0 300.0 51 43760.0 46420.0 300.0 300.0
704.5080401250588 42 21424.0 24208.0 300.0 300.0 23 42048.0 44896.0 300.0 300.0
475.3042853286096 28 47440.0 50818.0 300.0 300.0 58 63371.0 66208.0 300.0 300.0
721.944072059055 41 18074.0 20122.0 300.0 300.0 34 31179.0 33094.0 300.0 300.0
727.4208885737529 44 35816.0 38042.0 300.0 300.0 56 52693.0 55443.0 300.0 300.0
424.03971080532375 39 38321.0 40814.0 300.0 300.0 37 55550.0 58335.0 300.0 300.0
376.6498321779334 11 27348.0 29593.0 300.0 300.0 58 42745.0 44877.0 300.0 300.0
165.50513828404013 24 29863.0 32627.0 300.0 300.0 10 50166.0 53305.0 300.0 300.0
712.0146233626657 34 40186.0 43191.0 300.0 300.0 45 57522.0 59376.0 300.0 300.0
254.89862547511865 23 23708.0 26347.0 300.0 300.0 47 42628.0 45132.0 300.0 300.0
834.2119910619148 31 38471.0 42040.0 300.0 300.0 51 56472.0 59268.0 300.0 300.0
734.0613398170882 36 43095.0 45106.0 300.0 300.0 14 60969.0 64382.0 300.0 300.0
134.61486118840782 42 18407.0 21758.0 300.0 300.0 47 35168.0 38010.0 300.0 300.0
550.4411510237517 12 48586.0 51688.0 300.0 300.0 29 64792.0 68353.0 300.0 300.0
881.9552157656257 22 27484.0 30524.0 300.0 300.0 52 43486.0 45952.0 300.0 300.0
999.1610418773182 56 38327.0 41873.0 300.0 300.0 45 56609.0 59993.0 300.0 300.0
31.55835992550726 56 20379.0 23882.0 300.0 300.0 49 38223.0 40997.0 300.0 300.0
581.1618942607442 15 38278.0 40110.0 300.0 300.0 44 55569.0 58021.0 300.0 300.0
716.27303674913 23 36390.0 39138.0 300.0 300.0 36 55501.0 58346.0 300.0 300.0
216.11131575539576 13 22711.0 26158.0 300.0 300.0 12 41584.0 44413.0 300.0 300.0
325.9690031964142 50 18524.0 21617.0 300.0 300.0 12 32850.0 35625.0 300.0 300.0
908.7475468156737 38 28242.0 30453.0 300.0 300.0 58 42800.0 44883.0 300.0 300.0
251.81929085065568 41 46498.0 50058.0 300.0 300.0 16 64930.0 67912.0 300.0 300.0
449.0203034214267 39 51689.0 53707.0 300.0 300.0 11 67129.0 70651.0 300.0 300.0
615.088288965714 39 53606.0 56451.0 300.0 300.0 31 70340.0 73301.0 300.0 300.0
