50 1000
7000.0 2 14400.0 79200.0
5000.0 4 14400.0 79200.0
5000.0 9 14400.0 79200.0
10000.0 2 14400.0 79200.0
2000.0 9 14400.0 79200.0
5000.0 4 14400.0 79200.0
10000.0 0 14400.0 79200.0
10000.0 1 14400.0 79200.0
5000.0 3 14400.0 79200.0
5000.0 8 14400.0 79200.0
10000.0 4 14400.0 79200.0
10000.0 0 14400.0 79200.0
10000.0 4 14400.0 79200.0
5000.0 5 14400.0 79200.0
10000.0 2 14400.0 79200.0
10000.0 4 14400.0 79200.0
2000.0 7 14400.0 79200.0
2000.0 0 14400.0 79200.0
7000.0 0 14400.0 79200.0
2000.0 8 14400.0 79200.0
10000.0 2 14400.0 79200.0
10000.0 4 14400.0 79200.0
7000.0 4 14400.0 79200.0
5000.0 3 14400.0 79200.0
10000.0 2 14400.0 79200.0
5000.0 7 14400.0 79200.0
7000.0 9 14400.0 79200.0
5000.0 7 14400.0 79200.0
2000.0 3 14400.0 79200.0
5000.0 1 14400.0 79200.0
7000.0 8 14400.0 79200.0
5000.0 0 14400.0 79200.0
5000.0 6 14400.0 79200.0
10000.0 8 14400.0 79200.0
5000.0 3 14400.0 79200.0
7000.0 9 14400.0 79200.0
10000.0 7 14400.0 79200.0
7000.0 5 14400.0 79200.0
5000.0 2 14400.0 79200.0
10000.0 6 14400.0 79200.0
7000.0 5 14400.0 79200.0
5000.0 8 14400.0 79200.0
7000.0 8 14400.0 79200.0
2000.0 7 14400.0 79200.0
5000.0 5 14400.0 79200.0
7000.0 3 14400.0 79200.0
10000.0 5 14400.0 79200.0
5000.0 6 14400.0 79200.0
10000.0 1 14400.0 79200.0
5000.0 4 14400.0 79200.0
857.1867364305783 49 25962.0 29149.0 300.0 300.0 39 41317.0 43836.0 300.0 300.0
262.83949446413277 55 31167.0 33821.0 300.0 300.0 23 46127.0 49627.0 300.0 300.0
467.3180584210853 54 29346.0 31549.0 300.0 300.0 30 45004.0 46929.0 300.0 300.0
264.9849990577319 56 53625.0 56371.0 300.0 300.0 35 68222.0 70386.0 300.0 300.0
480.4660292856797 51 30446.0 33047.0 300.0 300.0 39 45128.0 48183.0 300.0 300.0
466.84181026284676 20 51118.0 53687.0 300.0 300.0 32 68864.0 72362.0 300.0 300.0
147.67207086588908 38 35793.0 37944.0 300.0 300.0 59 49281.0 52762.0 300.0 300.0
408.86973153604754 19 42565.0 45672.0 300.0 300.0 60 61991.0 63835.0 300.0 300.0
210.53465900638835 18 28422.0 32008.0 300.0 300.0 60 44014.0 47089.0 300.0 300.0
574.667552258194 36 25125.0 27460.0 300.0 300.0 47 38997.0 41502.0 300.0 300.0
467.007627054976 48 38187.0 41309.0 300.0 300.0 16 53634.0 56372.0 300.0 300.0
797.7864465820468 54 27731.0 30051.0 300.0 300.0 17 47547.0 50085.0 300.0 300.0
708.6083542702714 33 34735.0 37613.0 300.0 300.0 41 48904.0 50709.0 300.0 300.0
500.2311701795129 39 53072.0 55765.0 300.0 300.0 15 68059.0 71103.0 300.0 300.0
927.2308292806849 53 28978.0 31107.0 300.0 300.0 34 44220.0 47683.0 300.0 300.0
16.47505094008206 41 22846.0 25248.0 300.0 300.0 60 42559.0 44810.0 300.0 300.0
548.4661898887829 49 21123.0 23926.0 300.0 300.0 41 37842.0 41374.0 300.0 300.0
144.42213675857042 41 37503.0 41050.0 300.0 300.0 14 57043.0 59230.0 300.0 300.0
136.56932924178068 51 26403.0 29278.0 300.0 300.0 39 40614.0 42757.0 300.0 300.0
721.8278668631344 37 43094.0 46253.0 300.0 300.0 14 57471.0 59718.0 300.0 300.0
722.4518925090583 60 53654.0 55988.0 300.0 300.0 18 70572.0 74074.0 300.0 300.0
665.1514798266287 54 18643.0 22106.0 300.0 300.0 41 36246.0 38539.0 300.0 300.0
428.18044111615205 23 37989.0 41538.0 300.0 300.0 24 58035.0 61557.0 300.0 300.0
973.9489457078531 46 47611.0 50881.0 300.0 300.0 48 67612.0 69486.0 300.0 300.0
56.64078957174179 52 25795.0 29116.0 300.0 300.0 37 41558.0 43460.0 300.0 300.0
628.3881262906738 12 38762.0 41725.0 300.0 300.0 58 56826.0 58760.0 300.0 300.0
549.8964456274887 45 18243.0 21597.0 300.0 300.0 54 35767.0 38989.0 300.0 300.0
755.3167563346609 30 46919.0 50118.0 300.0 300.0 58 62380.0 65213.0 300.0 300.0
820.2976762103137 24 50145.0 53606.0 300.0 300.0 53 69115.0 71828.0 300.0 300.0
558.9538546692365 30 34811.0 37611.0 300.0 300.0 32 50015.0 53286.0 300.0 300.0
159.94020714919432 32 19155.0 22197.0 300.0 300.0 36 39323.0 41663.0 300.0 300.0
189.49494473233065 59 27120.0 29211.0 300.0 300.0 40 42592.0 45441.0 300.0 300.0
831.3532018495671 50 32787.0 35813.0 300.0 300.0 22 47174.0 49458.0 300.0 300.0
324.8836609510176 38 51081.0 53941.0 300.0 300.0 57 70683.0 73236.0 300.0 300.0
239.4203187257271 28 32999.0 35266.0 300.0 300.0 49 52527.0 54367.0 300.0 300.0
870.2488737929905 15 25931.0 28523.0 300.0 300.0 11 40799.0 43039.0 300.0 300.0
344.9774326807615 50 47978.0 50022.0 300.0 300.0 51 64378.0 66441.0 300.0 300.0
922.9485834681672 55 18201.0 21051.0 300.0 300.0 37 33638.0 36470.0 300.0 300.0
377.1415311603138 24 18622.0 20674.0 300.0 300.0 31 33325.0 35600.0 300.0 300.0
330.09026421659695 47 18655.0 20460.0 300.0 300.0 42 38441.0 41405.0 300.0 300.0
966.4312035280957 44 49577.0 52484.0 300.0 300.0 18 68939.0 71708.0 300.0 300.0
585.4758570883048 23 25343.0 27599.0 300.0 300.0 42 39802.0 41834.0 300.0 300.0
195.74319711740017 21 45045.0 47197.0 300.0 300.0 52 61521.0 64152.0 300.0 300.0
14.186338257465735 43 43144.0 45624.0 300.0 300.0 30 61609.0 64936.0 300.0 300.0
752.227123550087 47 43132.0 44966.0 300.0 300.0 54 56712.0 58613.0 300.0 300.0
699.8916374118451 15 46856.0 50109.0 300.0 300.0 60 66639.0 70147.0 300.0 300.0
970.4044986114411 47 35613.0 37583.0 300.0 300.0 44 54120.0 56307.0 300.0 300.0
181.2337005615283 35 43633.0 46692.0 300.0 300.0 18 61870.0 65189.0 300.0 300.0
555.233658019176 16 18974.0 21414.0 300.0 300.0 49 38617.0 41681.0 300.0 300.0
822.4491171982318 23 32812.0 34907.0 300.0 300.0 38 49612.0 52485.0 300.0 300.0
742.3321293412112 49 52348.0 55530.0 300.0 300.0 53 66836.0 70401.0 300.0 300.0
927.3113111234102 52 23995.0 26601.0 300.0 300.0 31 40056.0 43294.0 300.0 300.0
529.707781709649 47 19926.0 23493.0 300.0 300.0 32 39802.0 42816.0 300.0 300.0
76.39558059842267 40 43074.0 45040.0 300.0 300.0 42 62020.0 64424.0 300.0 300.0
948.9725458773789 30 23325.0 26383.0 300.0 300.0 24 38701.0 41318.0 300.0 300.0
21.89125481253351 33 23562.0 26196.0 300.0 300.0 59 41621.0 44138.0 300.0 300.0
541.3422914421956 10 43412.0 45341.0 300.0 300.0 30 60737.0 64055.0 300.0 300.0
452.3694431455868 19 52506.0 55115.0 300.0 300.0 10 71573.0 73448.0 300.0 300.0
781.3675691740497 33 26027.0 28794.0 300.0 300.0 39 41878.0 45325.0 300.0 300.0
457.09947239016503 45 51063.0 53220.0 300.0 300.0 27 70583.0 72665.0 300.0 300.0
25.266731175703548 16 44796.0 46964.0 300.0 300.0 22 64367.0 67458.0 300.0 300.0
975.1084779089748 57 36809.0 38631.0 300.0 300.0 23 54251.0 57283.0 300.0 300.0
136.2985036128752 13 20574.0 23961.0 300.0 300.0 47 36042.0 38378.0 300.0 300.0
541.9833799353411 26 22583.0 24543.0 300.0 300.0 40 38775.0 42243.0 300.0 300.0
601.5410010119267 51 28660.0 31413.0 300.0 300.0 19 47926.0 50004.0 300.0 300.0
365.5889094105663 59 48242.0 50330.0 300.0 300.0 42 63720.0 65760.0 300.0 300.0
156.84059614408852 45 26607.0 28602.0 300.0 300.0 32 45540.0 48154.0 300.0 300.0
22.95678921602895 22 27611.0 30882.0 300.0 300.0 46 43330.0 46583.0 300.0 300.0
493.033530510269 24 23546.0 26719.0 300.0 300.0 36 39070.0 41376.0 300.0 300.0
711.5045490493983 23 52102.0 55591.0 300.0 300.0 11 68623.0 72214.0 300.0 300.0
949.676359545071 25 20296.0 23754.0 300.0 300.0 31 41311.0 44819.0 300.0 300.0
79.75719457315333 18 21325.0 23309.0 300.0 300.0 53 39781.0 43343.0 300.0 300.0
494.6767029323438 24 29333.0 31621.0 300.0 300.0 45 48300.0 51829.0 300.0 300.0
761.5336223165029 12 30333.0 33472.0 300.0 300.0 25 44361.0 46556.0 300.0 300.0
130.99242042615077 51 25556.0 28759.0 300.0 300.0 21 42457.0 45969.0 300.0 300.0
133.1635109109307 59 27194.0 29870.0 300.0 300.0 46 41623.0 44981.0 300.0 300.0
915.944000681423 39 48949.0 52073.0 300.0 300.0 17 66043.0 69233.0 300.0 300.0
780.130604386006 19 36045.0 37942.0 300.0 300.0 56 52359.0 54463.0 300.0 300.0
385.0118976134669 17 18024.0 20844.0 300.0 300.0 51 36029.0 37830.0 300.0 300.0
206.3880388429017 22 39815.0 42283.0 300.0 300.0 42 53942.0 56346.0 300.0 300.0
559.9950899914251 13 31549.0 33913.0 300.0 300.0 12 46524.0 49797.0 300.0 300.0
439.61922507838244 57 21930.0 24261.0 300.0 300.0 23 36383.0 39471.0 300.0 300.0
220.18980029071355 34 23710.0 26966.0 300.0 300.0 45 40588.0 42656.0 300.0 300.0
106.46882156347593 49 27552.0 29958.0 300.0 300.0 27 42816.0 45372.0 300.0 300.0
413.28626821423245 52 42552.0 45998.0 300.0 300.0 56 62252.0 65318.0 300.0 300.0
985.1515270647145 23 42744.0 44644.0 300.0 300.0 53 62178.0 65599.0 300.0 300.0
577.8265363954152 43 44424.0 46916.0 300.0 300.0 38 62844.0 65830.0 300.0 300.0
935.1536040642104 22 32171.0 34883.0 300.0 300.0 20 45955.0 48294.0 300.0 300.0
298.54543273646397 42 41100.0 43014.0 300.0 300.0 45 56414.0 59705.0 300.0 300.0
885.6375950043056 40 38984.0 41596.0 300.0 300.0 53 55458.0 58119.0 300.0 300.0
886.3304808403606 15 23219.0 25117.0 300.0 300.0 14 40199.0 42876.0 300.0 300.0
400.6805388986171 29 40036.0 42604.0 300.0 300.0 13 58880.0 60686.0 300.0 300.0
291.86254959255297 30 31549.0 35023.0 300.0 300.0 52 48215.0 51143.0 300.0 300.0
380.0389935010137 45 29784.0 32526.0 300.0 300.0 12 48430.0 51205.0 300.0 300.0
561.5875162887002 35 31036.0 33204.0 300.0 300.0 40 48806.0 50660.0 300.0 300.0
82.52452769106466 43 28815.0 31689.0 300.0 300.0 34 46334.0 49014.0 300.0 300.0
221.247682666189 15 22486.0 25075.0 300.0 300.0 57 38199.0 41031.0 300.0 300.0
743.4584574131475 36 21827.0 23724.0 300.0 300.0 32 38695.0 40873.0 300.0 300.0
829.8718426207957 53 30595.0 32440.0 300.0 300.0 10 48382.0 50190.0 300.0 300.0
200.5926423620742 25 34790.0 37378.0 300.0 300.0 60 48228.0 50730.0 300.0 300.0
49.36039169606188 25 34575.0 38000.0 300.0 300.0 38 54196.0 57330.0 300.0 300.0
731.2470767102246 57 37660.0 39857.0 300.0 300.0 10 55975.0 57993.0 300.0 300.0
94.45878074095238 16 51297.0 54619.0 300.0 300.0 21 67117.0 69018.0 300.0 300.0
558.5153782437858 51 38942.0 40904.0 300.0 300.0 50 55801.0 59167.0 300.0 300.0
397.216272089544 18 35186.0 37672.0 300.0 300.0 28 52408.0 54801.0 300.0 300.0
511.88973396392345 56 25337.0 28853.0 300.0 300.0 35 44548.0 46722.0 300.0 300.0
880.5772339186799 43 25493.0 28415.0 300.0 300.0 30 39280.0 42026.0 300.0 300.0
167.59550331549488 58 42942.0 44758.0 300.0 300.0 27 57467.0 60367.0 300.0 300.0
888.5271016833424 51 51286.0 54795.0 300.0 300.0 45 72289.0 75774.0 300.0 300.0
470.7181571554327 13 19678.0 22929.0 300.0 300.0 19 35231.0 38757.0 300.0 300.0
675.5657829538495 60 47973.0 50679.0 300.0 300.0 19 62752.0 66246.0 300.0 300.0
613.6395266305383 59 26972.0 30363.0 300.0 300.0 29 47792.0 49637.0 300.0 300.0
385.93374242755453 29 22510.0 24765.0 300.0 300.0 19 42196.0 44825.0 300.0 300.0
556.5402233002451 46 47686.0 50512.0 300.0 300.0 20 67028.0 68840.0 300.0 300.0
732.0729145630828 18 18824.0 20797.0 300.0 300.0 27 34064.0 36044.0 300.0 300.0
503.31142897512706 45 34007.0 37441.0 300.0 300.0 24 53241.0 55577.0 300.0 300.0
550.741237567577 50 47575.0 49631.0 300.0 300.0 10 63813.0 66179.0 300.0 300.0
352.06338907963317 47 38798.0 41879.0 300.0 300.0 18 55665.0 58460.0 300.0 300.0
121.86845159313941 13 39107.0 41741.0 300.0 300.0 49 56805.0 58894.0 300.0 300.0
319.8118361065518 40 33734.0 37209.0 300.0 300.0 27 53249.0 56692.0 300.0 300.0
486.8683944424553 10 49401.0 52667.0 300.0 300.0 37 63792.0 65834.0 300.0 300.0
776.5286328710499 30 38651.0 40607.0 300.0 300.0 46 53305.0 56444.0 300.0 300.0
16.310152098034436 39 44810.0 48377.0 300.0 300.0 18 61132.0 64576.0 300.0 300.0
729.6003706262513 32 39772.0 42397.0 300.0 300.0 17 58592.0 61690.0 300.0 300.0
527.5746619276673 30 53302.0 56442.0 300.0 300.0 50 71531.0 74161.0 300.0 300.0
275.2611544500522 35 44908.0 47031.0 300.0 300.0 26 62051.0 65066.0 300.0 300.0
326.73550967953435 34 39587.0 41450.0 300.0 300.0 19 57472.0 59968.0 300.0 300.0
812.542853524797 43 18099.0 21540.0 300.0 300.0 59 35148.0 38034.0 300.0 300.0
490.12936784198956 42 30548.0 33699.0 300.0 300.0 12 49970.0 53163.0 300.0 300.0
515.8823586653116 32 25472.0 27983.0 300.0 300.0 33 39266.0 41574.0 300.0 300.0
464.02559930864794 50 48591.0 50528.0 300.0 300.0 47 61661.0 63694.0 300.0 300.0
837.2786089118238 33 32872.0 36325.0 300.0 300.0 47 51278.0 53366.0 300.0 300.0
958.9393354751426 58 30373.0 33681.0 300.0 300.0 45 45622.0 49202.0 300.0 300.0
994.7172979957686 11 39010.0 42086.0 300.0 300.0 48 56675.0 60013.0 300.0 300.0
71.31449195022188 15 24447.0 27807.0 300.0 300.0 34 40020.0 43496.0 300.0 300.0
71.7681882571396 29 47809.0 51049.0 300.0 300.0 51 67047.0 70178.0 300.0 300.0
361.75326178666535 11 51156.0 54705.0 300.0 300.0 28 69322.0 72732.0 300.0 300.0
559.4702179864329 27 51240.0 53331.0 300.0 300.0 26 66014.0 68568.0 300.0 300.0
147.29406928520206 23 36005.0 39047.0 300.0 300.0 16 54496.0 56989.0 300.0 300.0
705.8947228351892 38 49302.0 52425.0 300.0 300.0 31 66576.0 69208.0 300.0 300.0
776.4119878412263 22 42052.0 45031.0 300.0 300.0 60 58403.0 60459.0 300.0 300.0
675.5309107427247 36 35806.0 38332.0 300.0 300.0 40 50296.0 53345.0 300.0 300.0
9.790766624749425 28 53010.0 54880.0 300.0 300.0 35 72353.0 75106.0 300.0 300.0
268.6570371111933 11 37228.0 39673.0 300.0 300.0 37 54189.0 57290.0 300.0 300.0
547.215711198463 12 51753.0 53796.0 300.0 300.0 29 68143.0 70353.0 300.0 300.0
303.31228613486496 20 25801.0 28758.0 300.0 300.0 46 44772.0 47870.0 300.0 300.0
50.26738090003791 34 33121.0 36250.0 300.0 300.0 23 48606.0 52019.0 300.0 300.0
946.9064822897652 31 45094.0 48453.0 300.0 300.0 18 63731.0 67174.0 300.0 300.0
900.3310583712599 34 39341.0 41550.0 300.0 300.0 57 53252.0 55908.0 300.0 300.0
512.8096566929254 22 37170.0 40704.0 300.0 300.0 21 53957.0 56997.0 300.0 300.0
199.62949708309685 37 33989.0 36831.0 300.0 300.0 55 49428.0 52259.0 300.0 300.0
955.7432510492529 43 38762.0 42156.0 300.0 300.0 22 59537.0 62905.0 300.0 300.0
826.7617994307784 35 33369.0 35391.0 300.0 300.0 19 47804.0 50110.0 300.0 300.0
439.1112581914924 40 30165.0 32158.0 300.0 300.0 47 47675.0 50941.0 300.0 300.0
464.1928469892782 18 24171.0 26731.0 300.0 300.0 48 41383.0 43892.0 300.0 300.0
572.6023225550449 20 30403.0 33278.0 300.0 300.0 46 49851.0 53089.0 300.0 300.0
549.2592156542074 43 29310.0 31424.0 300.0 300.0 40 44806.0 48224.0 300.0 300.0
878.8777469502442 23 21982.0 24373.0 300.0 300.0 17 38557.0 41236.0 300.0 300.0
797.8942442704636 35 24634.0 27025.0 300.0 300.0 32 44622.0 46629.0 300.0 300.0
627.7231330025264 45 51663.0 54863.0 300.0 300.0 52 67402.0 69262.0 300.0 300.0
906.1492511893197 25 40473.0 43035.0 300.0 300.0 34 57726.0 60860.0 300.0 300.0
742.8485389243948 46 40388.0 42204.0 300.0 300.0 32 57014.0 59116.0 300.0 300.0
952.8054878961519 35 45459.0 48248.0 300.0 300.0 24 61723.0 64156.0 300.0 300.0
143.111137429364 26 25223.0 27993.0 300.0 300.0 46 42924.0 45214.0 300.0 300.0
970.4053940890208 16 31220.0 34347.0 300.0 300.0 52 48201.0 51085.0 300.0 300.0
713.2211445355009 35 38821.0 40989.0 300.0 300.0 49 57757.0 60978.0 300.0 300.0
794.7360782813599 38 22065.0 24363.0 300.0 300.0 31 36617.0 38868.0 300.0 300.0
430.26335513646717 59 48969.0 52024.0 300.0 300.0 15 64325.0 66888.0 300.0 300.0
176.39771256903524 25 52007.0 54950.0 300.0 300.0 24 72123.0 74591.0 300.0 300.0
807.2891020319114 50 25940.0 28186.0 300.0 300.0 47 43719.0 46770.0 300.0 300.0
884.1873266010987 40 45883.0 49026.0 300.0 300.0 28 66060.0 68264.0 300.0 300.0
293.8443102091026 22 37981.0 41107.0 300.0 300.0 39 53659.0 56170.0 300.0 300.0
149.5999616893976 32 27308.0 29785.0 300.0 300.0 37 45127.0 48096.0 300.0 300.0
120.01308184148718 41 28981.0 32563.0 300.0 300.0 38 48060.0 50365.0 300.0 300.0
905.1466838706938 50 49877.0 53107.0 300.0 300.0 34 69394.0 72459.0 300.0 300.0
44.16280488081292 37 32306.0 34864.0 300.0 300.0 15 50167.0 53149.0 300.0 300.0
326.13835266943505 47 27876.0 30714.0 300.0 300.0 26 42335.0 44681.0 300.0 300.0
808.2387464277136 42 18510.0 20631.0 300.0 300.0 21 38540.0 41643.0 300.0 300.0
775.18791515066 51 33653.0 35667.0 300.0 300.0 16 48590.0 51575.0 300.0 300.0
795.7135329202532 43 25230.0 27187.0 300.0 300.0 46 43113.0 45778.0 300.0 300.0
309.41703938509744 10 52087.0 54878.0 300.0 300.0 53 69951.0 72216.0 300.0 300.0
388.06401948518965 49 24327.0 27593.0 300.0 300.0 51 40715.0 43123.0 300.0 300.0
990.0694997077926 19 20131.0 22662.0 300.0 300.0 24 38604.0 41686.0 300.0 300.0
22.21250058877611 25 41285.0 44299.0 300.0 300.0 41 55384.0 57612.0 300.0 300.0
740.1571607086075 10 43278.0 46303.0 300.0 300.0 13 62411.0 65799.0 300.0 300.0
644.3976045162984 50 44257.0 46426.0 300.0 300.0 57 61420.0 63477.0 300.0 300.0
944.4994858632335 55 29835.0 31839.0 300.0 300.0 34 48760.0 52162.0 300.0 300.0
550.468355363766 24 51690.0 54340.0 300.0 300.0 51 70929.0 72924.0 300.0 300.0
254.03738485566873 60 33024.0 35710.0 300.0 300.0 10 51400.0 53296.0 300.0 300.0
898.0395680921407 59 41438.0 44546.0 300.0 300.0 33 57190.0 59697.0 300.0 300.0
627.9625325832469 22 47850.0 49654.0 300.0 300.0 18 65615.0 68424.0 300.0 300.0
106.09657402570538 36 53240.0 55938.0 300.0 300.0 38 73525.0 75337.0 300.0 300.0
867.7259719326183 29 20197.0 23214.0 300.0 300.0 19 40679.0 43292.0 300.0 300.0
40.65359721983208 28 37486.0 39473.0 300.0 300.0 47 54006.0 57226.0 300.0 300.0
220.48072056150747 26 42323.0 45238.0 300.0 300.0 57 58161.0 61398.0 300.0 300.0
173.49691752305463 25 50852.0 53230.0 300.0 300.0 28 70022.0 72586.0 300.0 300.0
869.4457642972085 32 48457.0 50406.0 300.0 300.0 28 68142.0 71402.0 300.0 300.0
631.7903453079555 35 46548.0 48791.0 300.0 300.0 33 61982.0 64074.0 300.0 300.0
707.9064766025825 20 32119.0 35086.0 300.0 300.0 24 50392.0 52780.0 300.0 300.0
300.67888523475585 26 42019.0 45583.0 300.0 300.0 30 59653.0 61935.0 300.0 300.0
994.314693098141 46 50454.0 53592.0 300.0 300.0 20 70440.0 73601.0 300.0 300.0
454.65942993443565 37 42721.0 45303.0 300.0 300.0 46 61509.0 63988.0 300.0 300.0
699.8228218822926 38 30845.0 33700.0 300.0 300.0 57 48999.0 51377.0 300.0 300.0
66.43412727004072 12 35404.0 38129.0 300.0 300.0 47 52050.0 54952.0 300.0 300.0
337.5566796434217 49 21604.0 23696.0 300.0 300.0 28 37267.0 39930.0 300.0 300.0
248.6372970225652 49 50761.0 53980.0 300.0 300.0 44 71583.0 73687.0 300.0 300.0
165.35208405044966 46 26904.0 29408.0 300.0 300.0 58 45808.0 48892.0 300.0 300.0
733.0184234420817 14 41588.0 44070.0 300.0 300.0 53 59398.0 62317.0 300.0 300.0
100.27872357210266 23 45644.0 48568.0 300.0 300.0 10 60039.0 63343.0 300.0 300.0
876.5372339587753 13 49178.0 52175.0 300.0 300.0 24 69950.0 72718.0 300.0 300.0
803.1515446374419 46 22622.0 25650.0 300.0 300.0 16 37168.0 39347.0 300.0 300.0
131.92037183966997 35 31692.0 34966.0 300.0 300.0 12 52618.0 55565.0 300.0 300.0
872.8619052550252 54 38530.0 41891.0 300.0 300.0 38 52901.0 55596.0 300.0 300.0
943.4563880469788 41 44022.0 47093.0 300.0 300.0 30 58079.0 60321.0 300.0 300.0
231.6003509041137 46 53692.0 56787.0 300.0 300.0 29 70666.0 72512.0 300.0 300.0
573.4575156567053 36 33166.0 36737.0 300.0 300.0 52 53262.0 56365.0 300.0 300.0
740.115273794193 38 50342.0 52863.0 300.0 300.0 11 66551.0 69409.0 300.0 300.0
861.5543507155021 15 34606.0 37997.0 300.0 300.0 22 55491.0 58672.0 300.0 300.0
123.65908734341535 57 43273.0 46468.0 300.0 300.0 36 59227.0 61620.0 300.0 300.0
532.8551367679879 47 29459.0 31794.0 300.0 300.0 24 49026.0 51998.0 300.0 300.0
40.193798456310546 43 38929.0 42229.0 300.0 300.0 57 58251.0 61298.0 300.0 300.0
551.4063625914384 50 25329.0 28838.0 300.0 300.0 45 44110.0 47615.0 300.0 300.0
818.1095456363213 13 33075.0 35898.0 300.0 300.0 10 47298.0 50283.0 300.0 300.0
546.1266001246049 19 23627.0 25853.0 300.0 300.0 29 40783.0 43465.0 300.0 300.0
125.8820928582821 24 43928.0 47331.0 300.0 300.0 60 63422.0 65913.0 300.0 300.0
385.6138641195017 46 48496.0 50675.0 300.0 300.0 29 68620.0 71040.0 300.0 300.0
814.8594497391108 43 40594.0 42862.0 300.0 300.0 57 59983.0 63522.0 300.0 300.0
148.4887623247384 31 31099.0 33536.0 300.0 300.0 57 46031.0 49043.0 300.0 300.0
962.1982328136816 39 49576.0 52010.0 300.0 300.0 51 65628.0 67941.0 300.0 300.0
614.1432786191248 18 35675.0 38516.0 300.0 300.0 40 55561.0 57464.0 300.0 300.0
906.7223984171661 47 53374.0 55237.0 300.0 300.0 56 71338.0 74329.0 300.0 300.0
806.2091616090802 24 43912.0 47412.0 300.0 300.0 18 61664.0 64304.0 300.0 300.0
848.3727912463339 13 45387.0 48807.0 300.0 300.0 15 63417.0 65940.0 300.0 300.0
363.4041309221406 35 29623.0 31943.0 300.0 300.0 30 48555.0 51323.0 300.0 300.0
513.5611489589438 39 23810.0 26524.0 300.0 300.0 28 42487.0 45851.0 300.0 300.0
629.6966291791866 55 41656.0 44134.0 300.0 300.0 21 59324.0 61872.0 300.0 300.0
975.1104256309882 46 51320.0 54608.0 300.0 300.0 24 71230.0 74412.0 300.0 300.0
372.36562818298466 11 37199.0 40141.0 300.0 300.0 34 54215.0 57132.0 300.0 300.0
66.90766561954264 14 51417.0 53578.0 300.0 300.0 10 66043.0 68275.0 300.0 300.0
211.31069741564667 57 21176.0 24120.0 300.0 300.0 28 36800.0 39302.0 300.0 300.0
919.6420097005368 39 48450.0 51654.0 300.0 300.0 44 67904.0 70729.0 300.0 300.0
919.0505195046992 16 33929.0 36580.0 300.0 300.0 52 50154.0 53109.0 300.0 300.0
44.15092253253494 40 37909.0 41457.0 300.0 300.0 34 58656.0 62218.0 300.0 300.0
205.77884686793945 26 29802.0 31847.0 300.0 300.0 47 47299.0 49771.0 300.0 300.0
541.4280822511754 25 19461.0 21455.0 300.0 300.0 14 37741.0 40814.0 300.0 300.0
899.5338595785482 22 31033.0 33040.0 300.0 300.0 27 50425.0 52578.0 300.0 300.0
471.1094537930408 25 41583.0 44661.0 300.0 300.0 33 57435.0 59722.0 300.0 300.0
264.27549739803334 58 27403.0 29870.0 300.0 300.0 18 43380.0 45463.0 300.0 300.0
70.47464261898494 21 43428.0 45243.0 300.0 300.0 56 62734.0 65037.0 300.0 300.0
749.1134504879822 21 45706.0 48563.0 300.0 300.0 52 59395.0 62394.0 300.0 300.0
400.28221402043994 33 33671.0 36758.0 300.0 300.0 44 47603.0 49527.0 300.0 300.0
645.1299230679748 30 43034.0 45537.0 300.0 300.0 13 63506.0 66311.0 300.0 300.0
478.0750764850051 49 38386.0 41195.0 300.0 300.0 10 57227.0 60323.0 300.0 300.0
841.6077781441794 35 23332.0 25204.0 300.0 300.0 45 38353.0 40594.0 300.0 300.0
29.298331746350435 51 22222.0 24040.0 300.0 300.0 55 40759.0 42877.0 300.0 300.0
254.79489079669926 17 48243.0 51045.0 300.0 300.0 41 63714.0 66817.0 300.0 300.0
486.39255322514384 32 31112.0 34270.0 300.0 300.0 48 47445.0 49732.0 300.0 300.0
167.7762700062646 24 30087.0 32549.0 300.0 300.0 42 48208.0 51319.0 300.0 300.0
750.0622259194765 49 27001.0 29534.0 300.0 300.0 15 42221.0 45368.0 300.0 300.0
22.1215990023671 19 21316.0 23785.0 300.0 300.0 45 40465.0 43153.0 300.0 300.0
808.6496054686331 46 40313.0 43810.0 300.0 300.0 49 58479.0 60588.0 300.0 300.0
477.64591721311 40 33962.0 37328.0 300.0 300.0 27 50132.0 53470.0 300.0 300.0
513.8177564640624 48 29548.0 32088.0 300.0 300.0 46 49028.0 52177.0 300.0 300.0
377.1506611900535 39 44773.0 47633.0 300.0 300.0 54 60461.0 63449.0 300.0 300.0
415.7926089168229 23 51080.0 54065.0 300.0 300.0 43 65144.0 67540.0 300.0 300.0
674.0670266608231 46 29811.0 33363.0 300.0 300.0 56 45026.0 47665.0 300.0 300.0
460.831223888371 41 50174.0 52046.0 300.0 300.0 24 66178.0 68991.0 300.0 300.0
192.542859595341 60 50408.0 52371.0 300.0 300.0 20 68552.0 70944.0 300.0 300.0
798.3506566689858 32 23008.0 25595.0 300.0 300.0 23 41598.0 44053.0 300.0 300.0
66.11049760973332 39 27341.0 30507.0 300.0 300.0 29 42583.0 44785.0 300.0 300.0
795.6196701345823 34 26138.0 28577.0 300.0 300.0 37 44835.0 48002.0 300.0 300.0
851.4376027847613 20 45946.0 48403.0 300.0 300.0 34 63206.0 65664.0 300.0 300.0
333.8099583326296 46 39783.0 42069.0 300.0 300.0 11 56898.0 60011.0 300.0 300.0
130.95745203320897 44 46260.0 48363.0 300.0 300.0 47 62735.0 64560.0 300.0 300.0
389.62786947670025 53 18596.0 22048.0 300.0 300.0 15 35771.0 37823.0 300.0 300.0
129.94089230000537 54 41112.0 44063.0 300.0 300.0 44 59504.0 61708.0 300.0 300.0
980.1763602602721 54 26331.0 28909.0 300.0 300.0 52 42855.0 45089.0 300.0 300.0
691.7215531044441 32 49913.0 52423.0 300.0 300.0 59 64960.0 67827.0 300.0 300.0
562.9830845876837 36 40118.0 42922.0 300.0 300.0 42 59915.0 62509.0 300.0 300.0
325.6087926654525 55 18447.0 22028.0 300.0 300.0 26 39959.0 42118.0 300.0 300.0
595.4999985620151 25 26770.0 30141.0 300.0 300.0 30 41694.0 44423.0 300.0 300.0
896.1832381252577 50 29737.0 31663.0 300.0 300.0 47 44699.0 47166.0 300.0 300.0
935.434466573527 47 41707.0 44723.0 300.0 300.0 43 57117.0 59997.0 300.0 300.0
525.2065636311472 43 25670.0 29156.0 300.0 300.0 45 44374.0 46790.0 300.0 300.0
230.98811674463627 10 20471.0 23863.0 300.0 300.0 59 35931.0 39340.0 300.0 300.0
77.70420529795219 20 39740.0 42293.0 300.0 300.0 51 58648.0 61449.0 300.0 300.0
143.809219845777 60 44173.0 47630.0 300.0 300.0 39 64143.0 66307.0 300.0 300.0
85.68726165756868 53 25689.0 27888.0 300.0 300.0 15 40423.0 42228.0 300.0 300.0
761.933006190951 41 34398.0 37390.0 300.0 300.0 42 54291.0 56287.0 300.0 300.0
494.629336289084 42 24991.0 27798.0 300.0 300.0 33 40419.0 42585.0 300.0 300.0
599.2954740756104 55 23617.0 26084.0 300.0 300.0 49 40801.0 43865.0 300.0 300.0
301.7483437886302 53 39551.0 42397.0 300.0 300.0 37 53988.0 55947.0 300.0 300.0
206.03416989783796 26 47732.0 50170.0 300.0 300.0 12 66074.0 68568.0 300.0 300.0
78.27280691038696 12 42691.0 45717.0 300.0 300.0 35 60383.0 63868.0 300.0 300.0
302.5871099449671 57 44464.0 46924.0 300.0 300.0 51 63135.0 65170.0 300.0 300.0
851.4880780079216 50 44701.0 47354.0 300.0 300.0 39 61516.0 64708.0 300.0 300.0
32.79509667618596 40 27405.0 30064.0 300.0 300.0 13 45924.0 49182.0 300.0 300.0
672.1237228135446 43 22950.0 26085.0 300.0 300.0 17 43425.0 45943.0 300.0 300.0
48.403609575845444 24 36091.0 39539.0 300.0 300.0 43 54973.0 57556.0 300.0 300.0
948.5983899648071 48 41857.0 45030.0 300.0 300.0 22 56811.0 59464.0 300.0 300.0
690.5264180554166 42 32728.0 34638.0 300.0 300.0 25 51957.0 54987.0 300.0 300.0
816.195601669993 41 30725.0 33985.0 300.0 300.0 60 47429.0 50405.0 300.0 300.0
133.12339919216743 16 30588.0 32391.0 300.0 300.0 55 49246.0 51330.0 300.0 300.0
185.1943253710251 34 42613.0 45189.0 300.0 300.0 60 56279.0 58959.0 300.0 300.0
469.089329277926 21 51695.0 54514.0 300.0 300.0 50 68493.0 70562.0 300.0 300.0
920.483899622803 60 50666.0 52597.0 300.0 300.0 41 67450.0 70923.0 300.0 300.0
930.2467699119427 55 39500.0 41980.0 300.0 300.0 49 59123.0 60950.0 300.0 300.0
823.7944281488467 36 48587.0 51125.0 300.0 300.0 44 67796.0 70867.0 300.0 300.0
676.8641710731274 30 52842.0 55607.0 300.0 300.0 50 69306.0 72382.0 300.0 300.0
680.2836421284763 38 38735.0 42093.0 300.0 300.0 52 54972.0 57282.0 300.0 300.0
418.1299663428637 44 22666.0 24917.0 300.0 300.0 17 36038.0 39550.0 300.0 300.0
790.1308626458999 23 23500.0 26350.0 300.0 300.0 32 41562.0 43928.0 300.0 300.0
939.5306741979547 46 26685.0 28656.0 300.0 300.0 10 40886.0 43089.0 300.0 300.0
813.6593442854786 14 32440.0 34281.0 300.0 300.0 46 49187.0 52466.0 300.0 300.0
932.9097879021966 27 20330.0 23814.0 300.0 300.0 44 35404.0 38131.0 300.0 300.0
830.3813004835825 18 49987.0 51791.0 300.0 300.0 58 68818.0 71319.0 300.0 300.0
226.09868323001214 38 33814.0 36918.0 300.0 300.0 43 49757.0 53014.0 300.0 300.0
647.6478743681226 17 49457.0 51325.0 300.0 300.0 22 67872.0 70065.0 300.0 300.0
76.76328613030836 10 28686.0 32072.0 300.0 300.0 34 46700.0 50099.0 300.0 300.0
227.07963772405805 21 53305.0 55536.0 300.0 300.0 60 67724.0 70784.0 300.0 300.0
974.228398382715 25 32602.0 35053.0 300.0 300.0 53 50767.0 53320.0 300.0 300.0
744.8140213278218 37 44122.0 46639.0 300.0 300.0 38 64564.0 66938.0 300.0 300.0
837.6248844077056 38 38882.0 41583.0 300.0 300.0 55 58851.0 61689.0 300.0 300.0
117.37588504300167 54 48232.0 51359.0 300.0 300.0 46 67557.0 71076.0 300.0 300.0
422.23211725382515 16 40320.0 43227.0 300.0 300.0 57 55513.0 57577.0 300.0 300.0
645.5679893667148 32 36913.0 39939.0 300.0 300.0 53 51528.0 54471.0 300.0 300.0
571.2091432789974 25 22200.0 24098.0 300.0 300.0 35 37198.0 40253.0 300.0 300.0
825.4801372195627 41 27582.0 30877.0 300.0 300.0 47 42628.0 44629.0 300.0 300.0
959.2500411237837 23 35053.0 38529.0 300.0 300.0 53 53998.0 56096.0 300.0 300.0
904.192519226687 15 43574.0 46615.0 300.0 300.0 46 60767.0 63482.0 300.0 300.0
559.6640825392531 23 49750.0 52084.0 300.0 300.0 41 67856.0 71345.0 300.0 300.0
708.0392178330831 48 20656.0 24229.0 300.0 300.0 16 38944.0 41091.0 300.0 300.0
977.9447324842768 37 36391.0 39544.0 300.0 300.0 20 55183.0 58431.0 300.0 300.0
917.8168680289853 25 47873.0 49936.0 300.0 300.0 37 64097.0 67142.0 300.0 300.0
393.4065562791468 34 23488.0 26750.0 300.0 300.0 54 41345.0 44227.0 300.0 300.0
816.8590050121896 40 35782.0 38592.0 300.0 300.0 31 50677.0 53180.0 300.0 300.0
355.66033474958715 48 50258.0 52354.0 300.0 300.0 52 66299.0 69284.0 300.0 300.0
587.6137090089064 59 41262.0 43199.0 300.0 300.0 49 58021.0 59831.0 300.0 300.0
423.66795723827045 50 50695.0 54155.0 300.0 300.0 19 66952.0 70051.0 300.0 300.0
207.79932271842716 58 18789.0 20967.0 300.0 300.0 33 37329.0 40926.0 300.0 300.0
300.34404921136104 16 51536.0 53699.0 300.0 300.0 15 67037.0 69982.0 300.0 300.0
610.2842569035325 22 29837.0 31932.0 300.0 300.0 28 48932.0 51879.0 300.0 300.0
3.0045782090842854 22 52304.0 55277.0 300.0 300.0 57 71260.0 73163.0 300.0 300.0
967.8322105089115 15 24831.0 27913.0 300.0 300.0 14 45872.0 49443.0 300.0 300.0
876.62904037511 42 35289.0 38599.0 300.0 300.0 32 54031.0 56998.0 300.0 300.0
175.43555588806214 55 27984.0 31488.0 300.0 300.0 22 49463.0 52124.0 300.0 300.0
169.5040690064804 49 44535.0 47528.0 300.0 300.0 23 59762.0 62843.0 300.0 300.0
994.1688547488654 18 46405.0 49643.0 300.0 300.0 57 65990.0 69078.0 300.0 300.0
75.32971514900555 24 41441.0 44732.0 300.0 300.0 58 60390.0 62407.0 300.0 300.0
40.743658056132006 59 22999.0 26212.0 300.0 300.0 48 42370.0 45559.0 300.0 300.0
837.6457499258871 49 53298.0 55265.0 300.0 300.0 54 66700.0 69293.0 300.0 300.0
240.0239559169215 50 29729.0 31817.0 300.0 300.0 47 48324.0 51124.0 300.0 300.0
806.2013147737696 34 20674.0 24001.0 300.0 300.0 29 36410.0 39545.0 300.0 300.0
371.83479360074546 35 29699.0 31618.0 300.0 300.0 33 46438.0 48390.0 300.0 300.0
434.74886641777533 25 27637.0 29612.0 300.0 300.0 28 47269.0 49215.0 300.0 300.0
541.0010402367534 40 52849.0 55500.0 300.0 300.0 59 68625.0 71673.0 300.0 300.0
679.1679825435014 29 37075.0 40606.0 300.0 300.0 14 52040.0 55216.0 300.0 300.0
367.6058987550144 12 46691.0 48702.0 300.0 300.0 52 63632.0 66222.0 300.0 300.0
266.6700144722128 10 48244.0 50728.0 300.0 300.0 51 64848.0 67087.0 300.0 300.0
254.24563637819432 23 51895.0 55350.0 300.0 300.0 26 73320.0 76387.0 300.0 300.0
893.3245261841411 18 39742.0 41850.0 300.0 300.0 27 56921.0 60258.0 300.0 300.0
544.245428149426 16 20456.0 23613.0 300.0 300.0 46 38413.0 40448.0 300.0 300.0
709.8869351781473 11 47648.0 49905.0 300.0 300.0 29 61563.0 63871.0 300.0 300.0
779.4277135853292 57 26848.0 29044.0 300.0 300.0 11 44368.0 47830.0 300.0 300.0
975.8691120950195 22 33096.0 36323.0 300.0 300.0 25 52164.0 55449.0 300.0 300.0
622.5033569884613 12 27791.0 30221.0 300.0 300.0 46 43071.0 45748.0 300.0 300.0
609.3327264586221 56 22164.0 25294.0 300.0 300.0 60 38941.0 41905.0 300.0 300.0
586.2788559942853 46 43012.0 46186.0 300.0 300.0 23 57470.0 60708.0 300.0 300.0
504.7250382581591 53 30039.0 32920.0 300.0 300.0 15 47553.0 50627.0 300.0 300.0
252.79963905298942 54 45401.0 48458.0 300.0 300.0 40 60179.0 62880.0 300.0 300.0
12.321281509680926 60 22044.0 25413.0 300.0 300.0 42 41916.0 43839.0 300.0 300.0
647.8232694949686 57 41058.0 44544.0 300.0 300.0 51 61466.0 64857.0 300.0 300.0
308.9620964794113 58 47389.0 49372.0 300.0 300.0 50 61707.0 64189.0 300.0 300.0
321.5484053278424 18 19571.0 22860.0 300.0 300.0 39 33843.0 37214.0 300.0 300.0
588.6306323245661 48 31469.0 34749.0 300.0 300.0 31 51603.0 54381.0 300.0 300.0
171.60635748374952 16 29083.0 31310.0 300.0 300.0 33 48718.0 50841.0 300.0 300.0
970.2289619198683 31 35207.0 38662.0 300.0 300.0 15 56321.0 59090.0 300.0 300.0
309.61478404174693 40 50841.0 53137.0 300.0 300.0 10 69815.0 72830.0 300.0 300.0
775.288445668038 19 26143.0 28862.0 300.0 300.0 26 46248.0 49593.0 300.0 300.0
233.13827839365342 49 34573.0 36736.0 300.0 300.0 20 53238.0 56769.0 300.0 300.0
746.259878087564 18 36611.0 38662.0 300.0 300.0 21 51966.0 53794.0 300.0 300.0
120.11008640934173 12 32483.0 34540.0 300.0 300.0 30 50713.0 53148.0 300.0 300.0
841.8294477867582 38 23224.0 25489.0 300.0 300.0 15 37185.0 39638.0 300.0 300.0
346.4341606957235 44 22454.0 25369.0 300.0 300.0 32 40068.0 42230.0 300.0 300.0
304.12046139657247 39 36661.0 39391.0 300.0 300.0 22 56191.0 58728.0 300.0 300.0
957.7704105740992 28 43364.0 46062.0 300.0 300.0 10 57784.0 60286.0 300.0 300.0
697.7719918084116 31 40147.0 42982.0 300.0 300.0 49 56735.0 60172.0 300.0 300.0
155.94642725629382 22 29641.0 33013.0 300.0 300.0 45 47182.0 49103.0 300.0 300.0
886.2090439875807 27 45594.0 48776.0 300.0 300.0 19 60903.0 63930.0 300.0 300.0
225.9523813818255 35 31350.0 34105.0 300.0 300.0 41 48384.0 50981.0 300.0 300.0
358.7868711251975 18 51647.0 54253.0 300.0 300.0 37 66874.0 69166.0 300.0 300.0
302.34925200979234 28 26522.0 29468.0 300.0 300.0 17 45897.0 49301.0 300.0 300.0
736.1313385199733 56 49435.0 52378.0 300.0 300.0 22 69582.0 72791.0 300.0 300.0
9.819047166882978 25 20981.0 24511.0 300.0 300.0 26 35750.0 38001.0 300.0 300.0
551.5085052855081 46 25871.0 28551.0 300.0 300.0 28 40912.0 42744.0 300.0 300.0
101.54858581328429 23 47800.0 50397.0 300.0 300.0 53 65536.0 67916.0 300.0 300.0
784.417940136856 24 41474.0 43612.0 300.0 300.0 55 55182.0 57806.0 300.0 300.0
535.5782708586123 17 50460.0 52305.0 300.0 300.0 40 66161.0 68095.0 300.0 300.0
969.1648597812401 39 38947.0 40781.0 300.0 300.0 55 57163.0 60070.0 300.0 300.0
981.9560080869749 40 50874.0 54471.0 300.0 300.0 25 68001.0 70152.0 300.0 300.0
735.6558317364374 15 45555.0 48665.0 300.0 300.0 57 65054.0 67311.0 300.0 300.0
35.6742681346558 58 28294.0 30814.0 300.0 300.0 60 47361.0 50697.0 300.0 300.0
191.17941263453565 19 24722.0 27580.0 300.0 300.0 46 42732.0 45795.0 300.0 300.0
649.4778167751258 32 43700.0 46078.0 300.0 300.0 60 59249.0 62735.0 300.0 300.0
808.9564651429963 17 44395.0 47733.0 300.0 300.0 51 60585.0 62902.0 300.0 300.0
708.6229571711773 20 27047.0 29102.0 300.0 300.0 21 40637.0 43582.0 300.0 300.0
249.6245693337329 44 36611.0 39466.0 300.0 300.0 36 55353.0 58316.0 300.0 300.0
692.8356885513687 36 27581.0 29480.0 300.0 300.0 52 45355.0 47292.0 300.0 300.0
462.7842570664333 50 33293.0 36240.0 300.0 300.0 59 53462.0 56341.0 300.0 300.0
939.7200356979387 42 48652.0 51807.0 300.0 300.0 30 62911.0 65129.0 300.0 300.0
263.8827776704977 33 49575.0 52226.0 300.0 300.0 12 65835.0 67810.0 300.0 300.0
803.7489140066579 45 39809.0 42525.0 300.0 300.0 30 57793.0 60752.0 300.0 300.0
483.0218804814307 10 23659.0 26193.0 300.0 300.0 55 43274.0 46775.0 300.0 300.0
645.1402015933951 21 42631.0 44589.0 300.0 300.0 53 57510.0 59911.0 300.0 300.0
472.09823681301987 10 44261.0 47350.0 300.0 300.0 27 59983.0 63482.0 300.0 300.0
967.1720693085795 17 32392.0 34434.0 300.0 300.0 24 51230.0 54727.0 300.0 300.0
829.749032571506 43 53669.0 56476.0 300.0 300.0 46 67881.0 70654.0 300.0 300.0
516.9850142213515 28 31305.0 34586.0 300.0 300.0 54 50418.0 53434.0 300.0 300.0
363.97844110683775 16 20130.0 23509.0 300.0 300.0 20 40975.0 42797.0 300.0 300.0
876.196458641085 15 42274.0 44626.0 300.0 300.0 44 57057.0 59425.0 300.0 300.0
623.5638602157564 13 45166.0 48267.0 300.0 300.0 24 61676.0 64842.0 300.0 300.0
80.62552531395994 10 50721.0 53828.0 300.0 300.0 15 68125.0 70013.0 300.0 300.0
464.23129566012653 57 36172.0 38437.0 300.0 300.0 25 51747.0 53636.0 300.0 300.0
444.38758833337886 51 35557.0 38031.0 300.0 300.0 28 54947.0 57060.0 300.0 300.0
606.3773915716654 16 44556.0 46366.0 300.0 300.0 43 63077.0 66457.0 300.0 300.0
828.2255252655358 23 36517.0 39984.0 300.0 300.0 28 57121.0 59347.0 300.0 300.0
629.4006049766648 25 36372.0 38732.0 300.0 300.0 48 56578.0 59947.0 300.0 300.0
625.2448057039906 29 47137.0 48991.0 300.0 300.0 51 60842.0 63791.0 300.0 300.0
334.46290106183005 32 49022.0 51549.0 300.0 300.0 58 67946.0 71334.0 300.0 300.0
263.6198180436561 32 50338.0 53603.0 300.0 300.0 57 71343.0 73384.0 300.0 300.0
503.08860941016366 47 26575.0 29160.0 300.0 300.0 17 41498.0 43659.0 300.0 300.0
804.1334854146486 20 36006.0 37993.0 300.0 300.0 25 52808.0 55899.0 300.0 300.0
253.1439163896233 33 35747.0 37969.0 300.0 300.0 36 53345.0 56755.0 300.0 300.0
483.76096487366505 41 22637.0 24696.0 300.0 300.0 18 38651.0 41324.0 300.0 300.0
25.531385719802845 43 33745.0 35564.0 300.0 300.0 22 52664.0 55376.0 300.0 300.0
802.4542073043574 57 23166.0 26560.0 300.0 300.0 29 43926.0 47445.0 300.0 300.0
662.8556660189327 24 49159.0 51549.0 300.0 300.0 27 66891.0 68901.0 300.0 300.0
930.7375277182128 50 53877.0 56101.0 300.0 300.0 13 73429.0 76715.0 300.0 300.0
613.2189235205368 47 49845.0 52280.0 300.0 300.0 58 66606.0 68824.0 300.0 300.0
26.977495576769538 20 37637.0 39584.0 300.0 300.0 23 57392.0 59231.0 300.0 300.0
415.4170712048856 17 31345.0 34693.0 300.0 300.0 37 51972.0 54104.0 300.0 300.0
175.90535922702267 11 32103.0 33998.0 300.0 300.0 27 48363.0 50726.0 300.0 300.0
812.7291615474104 37 32633.0 36196.0 300.0 300.0 39 50807.0 52626.0 300.0 300.0
509.1863135994331 13 18529.0 21157.0 300.0 300.0 52 33505.0 36477.0 300.0 300.0
977.2010173305738 27 43833.0 45745.0 300.0 300.0 19 62611.0 65478.0 300.0 300.0
43.962654808449074 43 34760.0 37012.0 300.0 300.0 38 48072.0 50250.0 300.0 300.0
890.170506001593 38 48690.0 51966.0 300.0 300.0 24 67360.0 69161.0 300.0 300.0
510.13331527299346 25 19426.0 21501.0 300.0 300.0 55 34252.0 37472.0 300.0 300.0
262.49323087258136 57 24836.0 27727.0 300.0 300.0 12 40257.0 42602.0 300.0 300.0
49.83894714567138 20 30380.0 32252.0 300.0 300.0 41 47989.0 51326.0 300.0 300.0
943.6053944096034 56 43782.0 45828.0 300.0 300.0 27 58275.0 60289.0 300.0 300.0
15.733205436399555 59 43532.0 46227.0 300.0 300.0 45 61658.0 64751.0 300.0 300.0
375.6805876697447 27 50860.0 53128.0 300.0 300.0 11 64225.0 67490.0 300.0 300.0
5.056702346700082 52 49387.0 52967.0 300.0 300.0 37 68719.0 72177.0 300.0 300.0
720.5526201626735 60 32448.0 35416.0 300.0 300.0 13 50785.0 54208.0 300.0 300.0
815.5750955961502 14 24112.0 26146.0 300.0 300.0 31 37493.0 39839.0 300.0 300.0
105.01218312436255 59 25203.0 27763.0 300.0 300.0 24 39635.0 43062.0 300.0 300.0
752.7634879204337 32 28786.0 31667.0 300.0 300.0 27 43006.0 46290.0 300.0 300.0
386.1438937388627 12 32247.0 35597.0 300.0 300.0 15 48521.0 51819.0 300.0 300.0
945.2535202526473 47 38674.0 42095.0 300.0 300.0 27 56982.0 59395.0 300.0 300.0
683.5275037501511 51 42449.0 44895.0 300.0 300.0 11 62467.0 65791.0 300.0 300.0
311.92218516084404 33 52852.0 55886.0 300.0 300.0 40 69443.0 71261.0 300.0 300.0
19.735896988750667 15 48598.0 51879.0 300.0 300.0 20 64070.0 66483.0 300.0 300.0
77.88105494235876 32 31178.0 34706.0 300.0 300.0 53 47384.0 49752.0 300.0 300.0
974.3475786545124 52 53437.0 55997.0 300.0 300.0 42 71153.0 73394.0 300.0 300.0
251.18480297260004 49 51226.0 53402.0 300.0 300.0 28 71174.0 74489.0 300.0 300.0
618.7559266231749 48 27499.0 30100.0 300.0 300.0 42 48062.0 50314.0 300.0 300.0
974.8594153556808 11 30241.0 32292.0 300.0 300.0 34 46320.0 49286.0 300.0 300.0
847.877133609983 21 31486.0 33629.0 300.0 300.0 23 49591.0 52638.0 300.0 300.0
871.7654247418246 32 52927.0 55478.0 300.0 300.0 11 68017.0 71023.0 300.0 300.0
858.2857959752029 32 23603.0 25739.0 300.0 300.0 49 36659.0 38876.0 300.0 300.0
349.14986025386776 15 44867.0 47537.0 300.0 300.0 38 62968.0 66127.0 300.0 300.0
97.5663735638208 27 41814.0 44269.0 300.0 300.0 20 60534.0 62759.0 300.0 300.0
756.1666745106778 27 53794.0 56775.0 300.0 300.0 32 68130.0 70885.0 300.0 300.0
793.3652384392365 58 44276.0 46531.0 300.0 300.0 42 59617.0 62907.0 300.0 300.0
456.19822073710094 42 44683.0 47380.0 300.0 300.0 37 58820.0 62414.0 300.0 300.0
788.7335835284551 42 30134.0 32517.0 300.0 300.0 28 47483.0 49480.0 300.0 300.0
435.902404599343 12 31781.0 34160.0 300.0 300.0 36 50925.0 54058.0 300.0 300.0
98.22249760738633 57 42179.0 45007.0 300.0 300.0 29 61728.0 65096.0 300.0 300.0
408.3333998901134 54 44973.0 47393.0 300.0 300.0 31 59932.0 63053.0 300.0 300.0
451.5506865103036 33 45289.0 48225.0 300.0 300.0 25 66167.0 68722.0 300.0 300.0
346.3997661427872 39 23230.0 26774.0 300.0 300.0 46 43006.0 45670.0 300.0 300.0
312.61654506186187 14 27808.0 30673.0 300.0 300.0 57 45045.0 47764.0 300.0 300.0
607.8724882887865 58 45995.0 49333.0 300.0 300.0 44 64576.0 67099.0 300.0 300.0
14.64551034787387 10 42616.0 44840.0 300.0 300.0 34 62524.0 65058.0 300.0 300.0
871.0514348833551 11 45930.0 48723.0 300.0 300.0 12 61481.0 63615.0 300.0 300.0
910.2015429724302 18 23123.0 25802.0 300.0 300.0 44 37577.0 40778.0 300.0 300.0
812.329977232733 45 33129.0 36480.0 300.0 300.0 10 54397.0 57318.0 300.0 300.0
829.8762864026744 55 31362.0 34855.0 300.0 300.0 15 52190.0 54950.0 300.0 300.0
128.9289808088655 14 21232.0 23528.0 300.0 300.0 46 36255.0 38682.0 300.0 300.0
817.3014191188945 18 46009.0 48873.0 300.0 300.0 27 62460.0 65132.0 300.0 300.0
182.0420288053991 47 25352.0 28778.0 300.0 300.0 17 41166.0 44740.0 300.0 300.0
561.6853998445607 15 47012.0 50012.0 300.0 300.0 39 67988.0 69820.0 300.0 300.0
231.956483082435 43 23895.0 26528.0 300.0 300.0 30 42674.0 46231.0 300.0 300.0
292.7082135126221 41 26779.0 30053.0 300.0 300.0 37 41571.0 43971.0 300.0 300.0
216.18133200678514 22 20342.0 23788.0 300.0 300.0 37 34994.0 37082.0 300.0 300.0
106.0408573141648 56 35798.0 37999.0 300.0 300.0 41 49276.0 52107.0 300.0 300.0
27.383494685986996 27 22584.0 24826.0 300.0 300.0 13 37936.0 40984.0 300.0 300.0
830.0950047478917 39 24264.0 27146.0 300.0 300.0 30 38550.0 41221.0 300.0 300.0
757.5519789174625 21 21221.0 23086.0 300.0 300.0 60 40449.0 43285.0 300.0 300.0
64.32560124990027 41 37971.0 41067.0 300.0 300.0 56 54034.0 57318.0 300.0 300.0
850.1846588063208 44 50057.0 53249.0 300.0 300.0 12 68625.0 70529.0 300.0 300.0
964.3602420792961 55 26287.0 28310.0 300.0 300.0 18 44860.0 47222.0 300.0 300.0
239.71757057797694 49 26491.0 28586.0 300.0 300.0 31 40781.0 44154.0 300.0 300.0
626.636368211313 33 40527.0 43068.0 300.0 300.0 50 57588.0 60264.0 300.0 300.0
537.5528749803815 51 52109.0 55660.0 300.0 300.0 27 68571.0 70933.0 300.0 300.0
551.6977291930416 37 19395.0 22822.0 300.0 300.0 50 36383.0 39776.0 300.0 300.0
61.93046698739724 19 37184.0 39506.0 300.0 300.0 35 56422.0 59691.0 300.0 300.0
16.80524621310586 45 31161.0 33986.0 300.0 300.0 55 45367.0 48206.0 300.0 300.0
903.9418957282171 59 24193.0 27255.0 300.0 300.0 16 38370.0 40781.0 300.0 300.0
250.41185574716928 60 35687.0 38387.0 300.0 300.0 13 55207.0 58183.0 300.0 300.0
407.9934792633762 39 27539.0 29612.0 300.0 300.0 47 45668.0 47983.0 300.0 300.0
918.0588506375054 15 19110.0 21082.0 300.0 300.0 34 35039.0 38499.0 300.0 300.0
40.15309557636692 53 18410.0 20976.0 300.0 300.0 14 38303.0 40412.0 300.0 300.0
555.4754680503239 50 22448.0 25587.0 300.0 300.0 29 43433.0 45310.0 300.0 300.0
974.5996295401183 24 49722.0 51614.0 300.0 300.0 60 62425.0 64953.0 300.0 300.0
533.5814242633556 28 47332.0 50678.0 300.0 300.0 52 62722.0 66118.0 300.0 300.0
183.7504006505568 27 43177.0 45542.0 300.0 300.0 44 58950.0 62343.0 300.0 300.0
834.5534062719108 22 21015.0 23038.0 300.0 300.0 54 35051.0 36942.0 300.0 300.0
942.8601156508931 60 47187.0 49164.0 300.0 300.0 35 61014.0 64006.0 300.0 300.0
140.34966607673428 47 28125.0 30361.0 300.0 300.0 23 44404.0 47401.0 300.0 300.0
510.62640234815717 34 19397.0 22683.0 300.0 300.0 43 35567.0 37772.0 300.0 300.0
376.69192271744225 45 52874.0 56444.0 300.0 300.0 56 70800.0 73671.0 300.0 300.0
113.64367392044772 29 19171.0 21795.0 300.0 300.0 40 33773.0 36197.0 300.0 300.0
167.45891442624483 18 30856.0 32882.0 300.0 300.0 27 47966.0 50811.0 300.0 300.0
18.831651999476673 58 52323.0 55208.0 300.0 300.0 14 66829.0 69970.0 300.0 300.0
497.10014744443833 27 37495.0 40879.0 300.0 300.0 22 54847.0 57007.0 300.0 300.0
433.01556174694343 54 22700.0 25311.0 300.0 300.0 27 38742.0 41067.0 300.0 300.0
971.761782204192 23 51817.0 54469.0 300.0 300.0 46 68112.0 71133.0 300.0 300.0
715.8184174216719 14 31574.0 34446.0 300.0 300.0 32 49927.0 52942.0 300.0 300.0
242.42716604543813 59 19744.0 23128.0 300.0 300.0 50 39264.0 42298.0 300.0 300.0
158.47802932159306 15 42101.0 45116.0 300.0 300.0 23 60399.0 62799.0 300.0 300.0
593.9915693807272 30 26591.0 29920.0 300.0 300.0 20 44849.0 47485.0 300.0 300.0
579.0387635808686 17 22871.0 24686.0 300.0 300.0 12 37912.0 39910.0 300.0 300.0
210.66381172769155 43 36921.0 40059.0 300.0 300.0 33 53100.0 56358.0 300.0 300.0
659.8781304505484 24 19647.0 22334.0 300.0 300.0 59 34367.0 37159.0 300.0 300.0
857.6449534846499 15 36393.0 39260.0 300.0 300.0 31 54784.0 58197.0 300.0 300.0
237.3766204568214 46 28089.0 31184.0 300.0 300.0 21 42159.0 44857.0 300.0 300.0
438.2758539781927 40 22594.0 25805.0 300.0 300.0 43 42443.0 44847.0 300.0 300.0
310.7629316996543 14 36350.0 39017.0 300.0 300.0 16 56914.0 59818.0 300.0 300.0
220.7495549539429 32 47942.0 51459.0 300.0 300.0 18 63907.0 67052.0 300.0 300.0
17.181839441067993 42 49083.0 51619.0 300.0 300.0 21 63296.0 66378.0 300.0 300.0
214.4009850136387 51 22360.0 25601.0 300.0 300.0 35 40228.0 43283.0 300.0 300.0
106.62633385637676 30 47282.0 50129.0 300.0 300.0 60 63749.0 65995.0 300.0 300.0
807.2434668862766 50 19307.0 21725.0 300.0 300.0 52 34842.0 36937.0 300.0 300.0
911.7136781937801 10 31503.0 34496.0 300.0 300.0 42 51154.0 53464.0 300.0 300.0
57.919096429631445 57 45503.0 48704.0 300.0 300.0 40 65788.0 68339.0 300.0 300.0
545.9054921689929 44 50941.0 54269.0 300.0 300.0 57 71946.0 75520.0 300.0 300.0
30.0461001336485 10 49958.0 53319.0 300.0 300.0 45 66662.0 69661.0 300.0 300.0
166.59026232491237 39 19445.0 22699.0 300.0 300.0 36 34514.0 37534.0 300.0 300.0
937.9317903252312 20 48267.0 50196.0 300.0 300.0 32 66397.0 69213.0 300.0 300.0
927.7490762483399 12 31308.0 34549.0 300.0 300.0 32 50891.0 54458.0 300.0 300.0
172.0002066098064 57 51902.0 54772.0 300.0 300.0 50 70939.0 74531.0 300.0 300.0
526.3794101564359 36 48289.0 50470.0 300.0 300.0 53 61823.0 64861.0 300.0 300.0
131.66343303077244 48 23027.0 25790.0 300.0 300.0 22 42412.0 45911.0 300.0 300.0
557.4938402625826 59 34121.0 36720.0 300.0 300.0 28 48061.0 51278.0 300.0 300.0
213.71743140442646 56 34355.0 36986.0 300.0 300.0 11 54700.0 56663.0 300.0 300.0
758.7554298155212 36 37451.0 39659.0 300.0 300.0 35 52310.0 54541.0 300.0 300.0
896.0228122458367 46 41140.0 43897.0 300.0 300.0 45 56931.0 59276.0 300.0 300.0
406.4496128764424 36 41755.0 43754.0 300.0 300.0 20 59286.0 62043.0 300.0 300.0
88.96089976639476 47 18759.0 21350.0 300.0 300.0 29 34450.0 36304.0 300.0 300.0
862.6853609454257 47 21029.0 24354.0 300.0 300.0 24 40852.0 42810.0 300.0 300.0
380.04106345862596 49 41595.0 45038.0 300.0 300.0 57 56147.0 59134.0 300.0 300.0
547.0071755853405 39 25760.0 28008.0 300.0 300.0 12 44047.0 47625.0 300.0 300.0
408.54965834609925 52 34292.0 36954.0 300.0 300.0 31 51683.0 53711.0 300.0 300.0
375.89779869214544 52 40462.0 43230.0 300.0 300.0 28 58016.0 59835.0 300.0 300.0
925.127884659577 18 36803.0 40379.0 300.0 300.0 33 54957.0 58393.0 300.0 300.0
177.24760909642822 27 18697.0 21028.0 300.0 300.0 31 38625.0 41333.0 300.0 300.0
522.872125540716 46 42126.0 45557.0 300.0 300.0 31 60079.0 62509.0 300.0 300.0
424.42535723201337 57 51303.0 54069.0 300.0 300.0 48 68827.0 71008.0 300.0 300.0
88.56474072618347 16 52965.0 54921.0 300.0 300.0 56 67153.0 69155.0 300.0 300.0
261.1454459044288 25 21331.0 24427.0 300.0 300.0 10 41751.0 44928.0 300.0 300.0
590.9463513557475 46 23780.0 26071.0 300.0 300.0 24 38575.0 40383.0 300.0 300.0
603.3022209770131 47 26118.0 28348.0 300.0 300.0 39 41844.0 44993.0 300.0 300.0
382.8805171229057 12 35440.0 38515.0 300.0 300.0 24 50594.0 53014.0 300.0 300.0
741.1224609853172 28 47567.0 49822.0 300.0 300.0 29 66892.0 70034.0 300.0 300.0
90.56701682786172 54 44771.0 47027.0 300.0 300.0 37 61494.0 63422.0 300.0 300.0
442.536221050897 49 39243.0 41149.0 300.0 300.0 20 54850.0 58132.0 300.0 300.0
849.7311120670537 42 33363.0 35562.0 300.0 300.0 20 49577.0 52642.0 300.0 300.0
929.1224330504571 42 23725.0 25840.0 300.0 300.0 40 40544.0 42687.0 300.0 300.0
939.4307050916304 52 21583.0 25110.0 300.0 300.0 33 37845.0 41033.0 300.0 300.0
96.26472440236455 56 36788.0 39341.0 300.0 300.0 21 51685.0 54912.0 300.0 300.0
181.63175381420814 38 52496.0 56032.0 300.0 300.0 39 68634.0 72137.0 300.0 300.0
50.54196614320905 10 48773.0 51405.0 300.0 300.0 31 66725.0 68993.0 300.0 300.0
101.23215492421555 12 41637.0 43546.0 300.0 300.0 57 60981.0 64288.0 300.0 300.0
995.5419802502975 29 18755.0 20964.0 300.0 300.0 33 37664.0 40851.0 300.0 300.0
168.36656399449734 54 18911.0 22464.0 300.0 300.0 32 38052.0 40601.0 300.0 300.0
2.2658380137112744 16 52120.0 54535.0 300.0 300.0 18 68329.0 71718.0 300.0 300.0
223.57588693937512 21 20452.0 22823.0 300.0 300.0 27 37010.0 39841.0 300.0 300.0
526.4952348586646 54 33547.0 36072.0 300.0 300.0 18 50823.0 53703.0 300.0 300.0
777.1272478323381 60 52530.0 55909.0 300.0 300.0 36 67521.0 69706.0 300.0 300.0
191.7199304775459 60 23373.0 26371.0 300.0 300.0 11 43599.0 46542.0 300.0 300.0
496.14971292072664 59 39634.0 42489.0 300.0 300.0 21 57108.0 59159.0 300.0 300.0
335.6256657410296 21 28367.0 31336.0 300.0 300.0 60 49136.0 52631.0 300.0 300.0
176.40888678183885 26 32950.0 35380.0 300.0 300.0 60 51878.0 54012.0 300.0 300.0
848.2684520831398 36 30138.0 32393.0 300.0 300.0 24 49833.0 53004.0 300.0 300.0
527.9571884272528 32 29577.0 31421.0 300.0 300.0 47 47195.0 49977.0 300.0 300.0
622.8193264999583 53 52156.0 55454.0 300.0 300.0 19 73054.0 75003.0 300.0 300.0
483.4171585263588 20 38157.0 40365.0 300.0 300.0 57 56095.0 58017.0 300.0 300.0
441.44665811917827 42 25538.0 27479.0 300.0 300.0 10 43400.0 45583.0 300.0 300.0
621.5084601374688 21 53954.0 55924.0 300.0 300.0 49 73684.0 76571.0 300.0 300.0
760.1722375685828 59 22716.0 26085.0 300.0 300.0 14 42783.0 46302.0 300.0 300.0
953.2188819992331 31 37865.0 40922.0 300.0 300.0 14 58744.0 60780.0 300.0 300.0
802.4337893453866 33 24542.0 27991.0 300.0 300.0 54 40425.0 42703.0 300.0 300.0
369.7202121902565 39 23094.0 25033.0 300.0 300.0 14 38373.0 41255.0 300.0 300.0
771.0231915935556 41 34541.0 36637.0 300.0 300.0 31 47717.0 50708.0 300.0 300.0
735.0927663861111 34 35167.0 37206.0 300.0 300.0 42 50185.0 53646.0 300.0 300.0
225.8357687053938 29 49527.0 52573.0 300.0 300.0 35 66035.0 68759.0 300.0 300.0
17.877124454364846 60 38245.0 40284.0 300.0 300.0 38 56330.0 59303.0 300.0 300.0
618.6263792726256 19 50638.0 52526.0 300.0 300.0 48 68307.0 71236.0 300.0 300.0
197.51548912408578 54 53035.0 56376.0 300.0 300.0 52 70143.0 72148.0 300.0 300.0
228.2601705340548 28 18681.0 21296.0 300.0 300.0 53 36296.0 39281.0 300.0 300.0
518.3582728255448 19 28527.0 31174.0 300.0 300.0 57 46048.0 48973.0 300.0 300.0
887.685414978909 50 34243.0 37572.0 300.0 300.0 38 50024.0 52238.0 300.0 300.0
167.94345042878155 60 47947.0 51088.0 300.0 300.0 38 64030.0 66113.0 300.0 300.0
758.3314158391253 36 27920.0 30579.0 300.0 300.0 17 42564.0 45521.0 300.0 300.0
659.934462484439 42 39022.0 42551.0 300.0 300.0 36 53817.0 55951.0 300.0 300.0
294.5091868457008 41 34849.0 37548.0 300.0 300.0 22 50926.0 53698.0 300.0 300.0
247.0280109677223 46 49495.0 52629.0 300.0 300.0 23 70446.0 72839.0 300.0 300.0
489.70686451448773 15 33942.0 36860.0 300.0 300.0 11 53722.0 56056.0 300.0 300.0
76.29308777677346 31 22000.0 24690.0 300.0 300.0 19 38967.0 42339.0 300.0 300.0
532.8392311328103 11 27331.0 30341.0 300.0 300.0 41 42310.0 44933.0 300.0 300.0
639.1278853581877 56 32301.0 34741.0 300.0 300.0 54 49319.0 52604.0 300.0 300.0
384.31946271820425 55 38842.0 41606.0 300.0 300.0 47 53993.0 57043.0 300.0 300.0
330.0491246625451 25 29660.0 32542.0 300.0 300.0 52 47211.0 49371.0 300.0 300.0
252.43708197358882 25 45214.0 48405.0 300.0 300.0 19 64761.0 67014.0 300.0 300.0
691.9596323337938 16 32945.0 36362.0 300.0 300.0 49 47269.0 50714.0 300.0 300.0
987.4862848448321 38 53428.0 56902.0 300.0 300.0 27 70777.0 74334.0 300.0 300.0
628.8525102845857 37 26102.0 28305.0 300.0 300.0 10 45100.0 47962.0 300.0 300.0
476.30925848770266 18 45263.0 47077.0 300.0 300.0 57 60475.0 62486.0 300.0 300.0
557.9530810802122 40 49787.0 52641.0 300.0 300.0 32 65907.0 68965.0 300.0 300.0
909.6863832700743 32 36908.0 39643.0 300.0 300.0 22 55904.0 58398.0 300.0 300.0
59.3034491290968 60 40338.0 42553.0 300.0 300.0 39 55664.0 58321.0 300.0 300.0
489.9870131220132 60 22567.0 24537.0 300.0 300.0 24 42362.0 45921.0 300.0 300.0
78.35556578185387 48 51697.0 54927.0 300.0 300.0 44 72614.0 75784.0 300.0 300.0
661.725572027189 27 39102.0 42267.0 300.0 300.0 52 55302.0 58411.0 300.0 300.0
522.2388962530438 45 23253.0 25130.0 300.0 300.0 41 41786.0 43816.0 300.0 300.0
182.5660537241066 44 23173.0 26759.0 300.0 300.0 29 41744.0 44218.0 300.0 300.0
148.3551591040081 51 20676.0 23454.0 300.0 300.0 46 39916.0 43489.0 300.0 300.0
440.6696608526656 37 51619.0 55005.0 300.0 300.0 45 69174.0 71729.0 300.0 300.0
819.5550388915498 57 21289.0 24650.0 300.0 300.0 47 39403.0 42560.0 300.0 300.0
984.251669032936 21 43088.0 45457.0 300.0 300.0 47 62545.0 65743.0 300.0 300.0
447.4697879435975 21 19170.0 22561.0 300.0 300.0 52 37324.0 39168.0 300.0 300.0
613.3417749564534 34 18630.0 20743.0 300.0 300.0 46 36987.0 40020.0 300.0 300.0
578.0820731361081 32 26426.0 28772.0 300.0 300.0 18 45194.0 47146.0 300.0 300.0
928.9427712566005 47 26076.0 29392.0 300.0 300.0 33 45517.0 47700.0 300.0 300.0
514.1754958629841 25 49645.0 51641.0 300.0 300.0 47 69176.0 71507.0 300.0 300.0
512.3435348132327 34 41963.0 45098.0 300.0 300.0 48 62257.0 64654.0 300.0 300.0
900.1293844252292 18 37714.0 40556.0 300.0 300.0 44 53252.0 55130.0 300.0 300.0
972.9282094015709 26 26208.0 29335.0 300.0 300.0 20 46119.0 48960.0 300.0 300.0
707.2240355413226 11 41555.0 44641.0 300.0 300.0 22 62009.0 63854.0 300.0 300.0
746.473939828907 25 47156.0 49641.0 300.0 300.0 38 66694.0 70120.0 300.0 300.0
803.1703015282751 45 46095.0 48701.0 300.0 300.0 13 62473.0 64739.0 300.0 300.0
522.0571290733221 21 48470.0 51769.0 300.0 300.0 30 66139.0 68731.0 300.0 300.0
628.3259710230024 43 39315.0 42460.0 300.0 300.0 52 58407.0 61506.0 300.0 300.0
533.0836061955363 53 44930.0 47559.0 300.0 300.0 46 64976.0 68214.0 300.0 300.0
652.7377959781884 51 35728.0 38729.0 300.0 300.0 18 55132.0 58671.0 300.0 300.0
159.78460237581427 28 30025.0 32583.0 300.0 300.0 24 45759.0 48614.0 300.0 300.0
81.8528233904291 57 42253.0 45146.0 300.0 300.0 27 61100.0 63826.0 300.0 300.0
584.3163870733904 21 38252.0 41815.0 300.0 300.0 34 54156.0 56375.0 300.0 300.0
902.953458333797 50 25261.0 27401.0 300.0 300.0 52 40255.0 42828.0 300.0 300.0
827.2828543897231 45 31817.0 34827.0 300.0 300.0 17 51657.0 55160.0 300.0 300.0
616.9372711867622 27 51728.0 54441.0 300.0 300.0 57 69810.0 71787.0 300.0 300.0
822.3543540528467 38 40694.0 42855.0 300.0 300.0 25 60601.0 63620.0 300.0 300.0
538.2141089073673 59 47684.0 50478.0 300.0 300.0 56 64984.0 67312.0 300.0 300.0
184.34705129747496 19 19230.0 22608.0 300.0 300.0 55 34329.0 37714.0 300.0 300.0
135.82832489886943 38 39682.0 42737.0 300.0 300.0 31 54691.0 57432.0 300.0 300.0
660.6961939944749 29 43264.0 45924.0 300.0 300.0 53 57100.0 60035.0 300.0 300.0
657.4117651433694 11 39421.0 42272.0 300.0 300.0 38 53390.0 55623.0 300.0 300.0
576.1142051573145 14 33401.0 35684.0 300.0 300.0 37 48291.0 50384.0 300.0 300.0
959.5836666868361 49 42903.0 44878.0 300.0 300.0 22 57147.0 60387.0 300.0 300.0
769.1630066019239 31 46185.0 48075.0 300.0 300.0 36 60260.0 62506.0 300.0 300.0
658.6640314299636 56 22241.0 24613.0 300.0 300.0 19 39852.0 41779.0 300.0 300.0
945.6524140624941 44 51509.0 53716.0 300.0 300.0 48 69199.0 71490.0 300.0 300.0
118.15872088317347 14 32090.0 34501.0 300.0 300.0 44 49516.0 51761.0 300.0 300.0
139.7395734723942 32 19293.0 22407.0 300.0 300.0 50 40015.0 42780.0 300.0 300.0
467.88413423051986 48 23330.0 25317.0 300.0 300.0 27 40464.0 43579.0 300.0 300.0
166.26710758878482 44 21029.0 23085.0 300.0 300.0 21 36197.0 39601.0 300.0 300.0
476.6783981408478 33 52549.0 54711.0 300.0 300.0 39 65701.0 68669.0 300.0 300.0
888.5237963237105 12 21794.0 24519.0 300.0 300.0 30 42362.0 44932.0 300.0 300.0
208.6207396783182 31 21547.0 23575.0 300.0 300.0 43 40887.0 44459.0 300.0 300.0
619.9093135863699 48 37416.0 39631.0 300.0 300.0 15 54557.0 57650.0 300.0 300.0
623.1538050598974 47 35955.0 38082.0 300.0 300.0 21 55026.0 58083.0 300.0 300.0
565.9698460341908 11 43057.0 45284.0 300.0 300.0 35 61715.0 63807.0 300.0 300.0
633.4496122587735 60 23427.0 25262.0 300.0 300.0 53 36490.0 38775.0 300.0 300.0
419.36113903957875 37 37072.0 40617.0 300.0 300.0 24 57541.0 61038.0 300.0 300.0
225.13303830719323 17 32059.0 34635.0 300.0 300.0 20 51286.0 54512.0 300.0 300.0
803.2760953999575 14 48943.0 51503.0 300.0 300.0 28 66572.0 70056.0 300.0 300.0
528.8007012009358 43 24869.0 28438.0 300.0 300.0 54 46279.0 49669.0 300.0 300.0
461.91161178397874 35 37707.0 40934.0 300.0 300.0 24 57561.0 60905.0 300.0 300.0
813.7516830001179 52 41603.0 44143.0 300.0 300.0 21 61209.0 63138.0 300.0 300.0
897.181688190256 22 28851.0 31557.0 300.0 300.0 31 45824.0 49151.0 300.0 300.0
165.4558078473156 13 39778.0 42853.0 300.0 300.0 47 55407.0 58901.0 300.0 300.0
511.0256654393198 48 44327.0 46152.0 300.0 300.0 54 62957.0 65250.0 300.0 300.0
673.3749584642145 49 50899.0 53731.0 300.0 300.0 15 70389.0 73313.0 300.0 300.0
428.6004531409373 24 21245.0 24099.0 300.0 300.0 48 38929.0 41916.0 300.0 300.0
696.0532647427178 14 27058.0 29841.0 300.0 300.0 53 44409.0 47261.0 300.0 300.0
730.0482212214937 34 19096.0 22361.0 300.0 300.0 46 35843.0 38497.0 300.0 300.0
703.50034545524 43 18641.0 22186.0 300.0 300.0 54 39223.0 41128.0 300.0 300.0
222.4348088361333 46 33847.0 37201.0 300.0 300.0 36 54630.0 57908.0 300.0 300.0
198.78817796699744 49 42394.0 45495.0 300.0 300.0 19 57102.0 60049.0 300.0 300.0
538.2739528312331 44 35180.0 37762.0 300.0 300.0 56 54924.0 57705.0 300.0 300.0
776.8161828948397 35 46490.0 48328.0 300.0 300.0 26 62139.0 64109.0 300.0 300.0
886.5759498370784 53 45008.0 48116.0 300.0 300.0 36 61333.0 64444.0 300.0 300.0
833.0978409848351 60 49189.0 52728.0 300.0 300.0 55 64511.0 67024.0 300.0 300.0
324.75271078275057 35 50451.0 53175.0 300.0 300.0 33 69891.0 73409.0 300.0 300.0
243.28746855400396 59 40816.0 43970.0 300.0 300.0 20 56984.0 59779.0 300.0 300.0
817.5111629190619 56 46974.0 49649.0 300.0 300.0 19 66533.0 68342.0 300.0 300.0
308.47360482899 11 35783.0 38835.0 300.0 300.0 16 52468.0 54999.0 300.0 300.0
438.98940412855757 30 22564.0 25655.0 300.0 300.0 51 43221.0 45547.0 300.0 300.0
824.8679618652769 11 19700.0 22506.0 300.0 300.0 18 39847.0 41650.0 300.0 300.0
928.1230004483836 54 53793.0 56538.0 300.0 300.0 14 68893.0 70742.0 300.0 300.0
571.6424728476384 55 47749.0 51260.0 300.0 300.0 19 63638.0 67200.0 300.0 300.0
980.2366869583456 59 22384.0 25262.0 300.0 300.0 40 37940.0 39790.0 300.0 300.0
208.91288488062764 31 32916.0 34843.0 300.0 300.0 58 49677.0 52352.0 300.0 300.0
440.17904043364143 33 38600.0 41242.0 300.0 300.0 47 57830.0 60968.0 300.0 300.0
290.2123245024456 12 18610.0 21196.0 300.0 300.0 47 33318.0 36590.0 300.0 300.0
228.3670179397862 12 44187.0 47303.0 300.0 300.0 51 60694.0 62749.0 300.0 300.0
180.59429452570964 26 39051.0 42456.0 300.0 300.0 32 57752.0 59734.0 300.0 300.0
889.6750151138872 23 30782.0 34052.0 300.0 300.0 15 49286.0 51351.0 300.0 300.0
352.47749337716493 48 41715.0 44486.0 300.0 300.0 19 60727.0 63378.0 300.0 300.0
99.35063806781253 50 34235.0 37643.0 300.0 300.0 52 49186.0 51660.0 300.0 300.0
135.59680226249193 57 19313.0 22758.0 300.0 300.0 32 38432.0 41556.0 300.0 300.0
17.60834111177212 14 49262.0 51445.0 300.0 300.0 28 64982.0 67769.0 300.0 300.0
213.43173578102147 40 18295.0 21547.0 300.0 300.0 19 35384.0 37865.0 300.0 300.0
767.1543919350789 36 32521.0 34588.0 300.0 300.0 22 50612.0 53767.0 300.0 300.0
284.0984415489386 16 37754.0 40589.0 300.0 300.0 54 51596.0 53621.0 300.0 300.0
461.92289343281976 60 45678.0 47945.0 300.0 300.0 38 59683.0 61548.0 300.0 300.0
496.1380623680575 55 29902.0 32214.0 300.0 300.0 49 43253.0 45099.0 300.0 300.0
571.4158132412306 28 45435.0 47775.0 300.0 300.0 60 59054.0 62457.0 300.0 300.0
795.5179535069844 50 34769.0 37956.0 300.0 300.0 22 55439.0 57841.0 300.0 300.0
128.2801866067379 22 32675.0 35422.0 300.0 300.0 58 47975.0 50243.0 300.0 300.0
805.4560536770764 36 29440.0 31604.0 300.0 300.0 31 45490.0 47797.0 300.0 300.0
526.5356581783277 13 24025.0 26243.0 300.0 300.0 59 43922.0 46477.0 300.0 300.0
540.7360687168513 11 44681.0 46922.0 300.0 300.0 40 60759.0 62641.0 300.0 300.0
797.9759457642518 49 41876.0 43723.0 300.0 300.0 22 54714.0 57988.0 300.0 300.0
227.7291232812617 52 35929.0 39194.0 300.0 300.0 36 54369.0 56413.0 300.0 300.0
162.87129285718828 15 25224.0 27416.0 300.0 300.0 47 39048.0 42058.0 300.0 300.0
964.4752680059665 17 19095.0 21002.0 300.0 300.0 53 38629.0 41228.0 300.0 300.0
930.7352028883255 32 41243.0 43244.0 300.0 300.0 33 59845.0 62058.0 300.0 300.0
475.385269008168 17 53923.0 57075.0 300.0 300.0 19 74659.0 76466.0 300.0 300.0
64.50239722573781 24 38109.0 40320.0 300.0 300.0 45 55193.0 57936.0 300.0 300.0
965.2488303026634 54 23379.0 25729.0 300.0 300.0 53 38684.0 40819.0 300.0 300.0
738.2832408486242 39 38639.0 41041.0 300.0 300.0 47 52330.0 55135.0 300.0 300.0
89.5070409958969 42 51155.0 54743.0 300.0 300.0 46 66114.0 68736.0 300.0 300.0
320.5795018884892 56 43713.0 46937.0 300.0 300.0 28 59986.0 61855.0 300.0 300.0
473.7667045551004 58 26301.0 28860.0 300.0 300.0 15 44110.0 47355.0 300.0 300.0
441.5036320994296 12 19332.0 21847.0 300.0 300.0 24 36271.0 38788.0 300.0 300.0
536.2775051145356 47 53527.0 56319.0 300.0 300.0 31 69529.0 72295.0 300.0 300.0
178.5548960636626 12 45298.0 48655.0 300.0 300.0 11 60668.0 62929.0 300.0 300.0
702.9120707117193 10 50240.0 52894.0 300.0 300.0 56 68034.0 71630.0 300.0 300.0
179.65866752413473 32 18006.0 21372.0 300.0 300.0 33 38117.0 41604.0 300.0 300.0
424.81096276476484 36 50967.0 53015.0 300.0 300.0 53 67306.0 70836.0 300.0 300.0
477.6343750065892 60 44280.0 47151.0 300.0 300.0 29 63685.0 65726.0 300.0 300.0
793.379335495398 55 43817.0 46387.0 300.0 300.0 20 57589.0 60499.0 300.0 300.0
314.56158423929617 56 26509.0 29889.0 300.0 300.0 13 47802.0 50314.0 300.0 300.0
434.2282257216111 26 30963.0 33736.0 300.0 300.0 25 51332.0 53640.0 300.0 300.0
949.577938247587 12 21091.0 24166.0 300.0 300.0 23 38890.0 41244.0 300.0 300.0
798.7905202840192 25 23937.0 27232.0 300.0 300.0 17 40591.0 43500.0 300.0 300.0
865.7540898209986 37 35183.0 37720.0 300.0 300.0 20 54838.0 56838.0 300.0 300.0
866.9383640785678 34 52751.0 54563.0 300.0 300.0 58 67976.0 70912.0 300.0 300.0
201.51555155602097 11 18274.0 21245.0 300.0 300.0 46 34568.0 38049.0 300.0 300.0
642.5840011492628 34 22414.0 25031.0 300.0 300.0 13 38244.0 40234.0 300.0 300.0
524.6567294848833 11 30004.0 32548.0 300.0 300.0 17 48729.0 50568.0 300.0 300.0
42.94018382056986 50 32142.0 35477.0 300.0 300.0 14 51321.0 54707.0 300.0 300.0
141.73448386441746 14 19012.0 21456.0 300.0 300.0 37 38637.0 41259.0 300.0 300.0
836.1955370613905 16 51230.0 53539.0 300.0 300.0 37 67442.0 70178.0 300.0 300.0
126.32368204087518 36 20133.0 22302.0 300.0 300.0 35 37049.0 39264.0 300.0 300.0
16.55788886352738 42 48932.0 51691.0 300.0 300.0 44 68280.0 70188.0 300.0 300.0
774.4325484794742 19 52012.0 55384.0 300.0 300.0 14 68169.0 71239.0 300.0 300.0
374.02867681245255 33 42426.0 45614.0 300.0 300.0 31 62200.0 64317.0 300.0 300.0
606.8474956463325 35 34621.0 36697.0 300.0 300.0 59 54259.0 57404.0 300.0 300.0
332.377885955929 37 51563.0 54672.0 300.0 300.0 24 69002.0 71707.0 300.0 300.0
673.2213606247465 22 25310.0 28442.0 300.0 300.0 45 39542.0 41748.0 300.0 300.0
315.437822576535 58 35255.0 38132.0 300.0 300.0 16 52187.0 55582.0 300.0 300.0
342.62377095041563 37 43114.0 46608.0 300.0 300.0 16 58067.0 60551.0 300.0 300.0
741.2538488599253 27 53425.0 56130.0 300.0 300.0 21 67238.0 70173.0 300.0 300.0
45.70274379020389 42 49069.0 51471.0 300.0 300.0 38 66112.0 68333.0 300.0 300.0
127.42393832945686 33 46888.0 48892.0 300.0 300.0 12 60575.0 64034.0 300.0 300.0
354.59930253602914 58 31330.0 33194.0 300.0 300.0 43 47312.0 49270.0 300.0 300.0
970.1003202321725 38 47669.0 50059.0 300.0 300.0 17 67541.0 70037.0 300.0 300.0
122.73022684970236 39 50818.0 54407.0 300.0 300.0 53 71403.0 73320.0 300.0 300.0
893.9693050279008 49 25409.0 27919.0 300.0 300.0 28 39176.0 41853.0 300.0 300.0
166.2915920711885 34 25887.0 28254.0 300.0 300.0 30 42428.0 45890.0 300.0 300.0
780.7954394521948 60 40859.0 43856.0 300.0 300.0 27 57534.0 59631.0 300.0 300.0
646.0066492858587 17 19825.0 23334.0 300.0 300.0 55 36836.0 39296.0 300.0 300.0
998.9146461619785 10 21187.0 23460.0 300.0 300.0 38 37124.0 40605.0 300.0 300.0
128.78175618621347 36 46780.0 48635.0 300.0 300.0 29 63298.0 66865.0 300.0 300.0
663.8654616580917 39 32033.0 33937.0 300.0 300.0 55 48213.0 51172.0 300.0 300.0
486.4582480340196 20 24443.0 27479.0 300.0 300.0 54 45284.0 48379.0 300.0 300.0
859.0079316330966 53 52932.0 56092.0 300.0 300.0 57 67438.0 69624.0 300.0 300.0
769.0466687967496 21 49338.0 52144.0 300.0 300.0 18 63831.0 66544.0 300.0 300.0
591.7252528649225 42 34941.0 38469.0 300.0 300.0 24 53830.0 55997.0 300.0 300.0
903.3644466614301 50 39262.0 41922.0 300.0 300.0 19 59346.0 62402.0 300.0 300.0
722.2313606378799 58 31854.0 34406.0 300.0 300.0 37 45371.0 48296.0 300.0 300.0
179.9104017498454 60 44962.0 47795.0 300.0 300.0 28 61075.0 63855.0 300.0 300.0
304.10069802158966 39 25234.0 27414.0 300.0 300.0 41 39173.0 42066.0 300.0 300.0
650.5114571772946 35 33769.0 36231.0 300.0 300.0 60 51310.0 54433.0 300.0 300.0
453.7390858765377 33 21299.0 23757.0 300.0 300.0 12 36198.0 39015.0 300.0 300.0
650.5589738277515 14 41243.0 43856.0 300.0 300.0 55 57595.0 59781.0 300.0 300.0
614.8599746320318 31 35311.0 38650.0 300.0 300.0 17 49524.0 51886.0 300.0 300.0
50.6774221776114 37 27001.0 30495.0 300.0 300.0 24 44147.0 46734.0 300.0 300.0
607.7151687060302 36 50092.0 52577.0 300.0 300.0 54 64161.0 66017.0 300.0 300.0
635.9768760632986 40 53261.0 56620.0 300.0 300.0 32 70774.0 74036.0 300.0 300.0
214.8327271665439 54 41288.0 43157.0 300.0 300.0 23 61091.0 63355.0 300.0 300.0
293.5451437075152 60 27267.0 30322.0 300.0 300.0 19 42543.0 44834.0 300.0 300.0
928.1874235981056 33 49540.0 51910.0 300.0 300.0 52 66748.0 69793.0 300.0 300.0
781.8270526646398 51 48918.0 51865.0 300.0 300.0 33 66714.0 69632.0 300.0 300.0
399.2977026924803 36 21254.0 24843.0 300.0 300.0 14 40319.0 42235.0 300.0 300.0
564.6782069870371 51 52555.0 55853.0 300.0 300.0 41 66763.0 69968.0 300.0 300.0
735.3099489744761 32 34651.0 37961.0 300.0 300.0 26 53194.0 56455.0 300.0 300.0
58.21124497010255 50 30129.0 33683.0 300.0 300.0 36 45781.0 48216.0 300.0 300.0
71.67051007092928 37 19474.0 22334.0 300.0 300.0 36 37250.0 39950.0 300.0 300.0
184.48481488353752 26 45591.0 48557.0 300.0 300.0 28 60353.0 63362.0 300.0 300.0
435.8529255948984 16 19577.0 23165.0 300.0 300.0 40 38666.0 41991.0 300.0 300.0
111.41038040753659 38 42471.0 44824.0 300.0 300.0 13 58456.0 61597.0 300.0 300.0
266.5252891098022 22 27623.0 30531.0 300.0 300.0 31 48208.0 51123.0 300.0 300.0
726.1332720101793 55 41786.0 44936.0 300.0 300.0 32 60688.0 63093.0 300.0 300.0
647.615643598659 34 37669.0 39942.0 300.0 300.0 32 54795.0 57338.0 300.0 300.0
717.1201354163076 51 44614.0 48065.0 300.0 300.0 30 65245.0 68600.0 300.0 300.0
295.4353446878563 55 27443.0 30864.0 300.0 300.0 49 46345.0 48715.0 300.0 300.0
90.17135179427594 17 42438.0 45194.0 300.0 300.0 22 60170.0 62771.0 300.0 300.0
147.20475951717694 24 39715.0 42745.0 300.0 300.0 11 55052.0 57411.0 300.0 300.0
711.8593476696982 59 39414.0 42203.0 300.0 300.0 43 53488.0 55527.0 300.0 300.0
448.2193763590244 23 45331.0 47991.0 300.0 300.0 31 60161.0 62007.0 300.0 300.0
741.1417856290495 42 37545.0 39914.0 300.0 300.0 55 51062.0 53617.0 300.0 300.0
39.096273224463964 41 34076.0 36248.0 300.0 300.0 60 53788.0 56668.0 300.0 300.0
991.144574076564 49 50977.0 53088.0 300.0 300.0 54 65124.0 67158.0 300.0 300.0
980.031592794664 30 24443.0 26933.0 300.0 300.0 52 44083.0 46024.0 300.0 300.0
757.7743136232149 53 20475.0 23781.0 300.0 300.0 35 36730.0 39674.0 300.0 300.0
201.12692009393695 51 53364.0 56644.0 300.0 300.0 28 72865.0 74940.0 300.0 300.0
93.68673707221498 60 18347.0 21827.0 300.0 300.0 37 37363.0 40219.0 300.0 300.0
881.3353402915762 30 47783.0 49995.0 300.0 300.0 38 64421.0 67419.0 300.0 300.0
13.374350145703318 27 52496.0 55191.0 300.0 300.0 25 69633.0 71923.0 300.0 300.0
187.53643491617333 56 48179.0 50035.0 300.0 300.0 57 62000.0 65310.0 300.0 300.0
540.2810754662644 53 26633.0 28951.0 300.0 300.0 42 42037.0 45554.0 300.0 300.0
663.1519534483689 14 30538.0 33219.0 300.0 300.0 60 48516.0 51285.0 300.0 300.0
686.8171389558804 34 28790.0 30835.0 300.0 300.0 37 43194.0 46300.0 300.0 300.0
365.4092032163105 27 35138.0 36962.0 300.0 300.0 37 50751.0 53278.0 300.0 300.0
464.22455551291586 30 34470.0 36492.0 300.0 300.0 17 49855.0 52150.0 300.0 300.0
94.07729763165761 15 21592.0 24210.0 300.0 300.0 25 41976.0 44664.0 300.0 300.0
407.09537509641234 36 37080.0 40165.0 300.0 300.0 16 52995.0 55717.0 300.0 300.0
123.84028004443115 22 44031.0 46429.0 300.0 300.0 52 59188.0 61391.0 300.0 300.0
157.01006266219287 48 26660.0 29394.0 300.0 300.0 39 42019.0 45510.0 300.0 300.0
498.4108525455102 20 44666.0 46476.0 300.0 300.0 26 61911.0 64223.0 300.0 300.0
655.6576241041705 35 45380.0 48160.0 300.0 300.0 26 64371.0 67104.0 300.0 300.0
527.377296649711 13 29401.0 31642.0 300.0 300.0 37 42923.0 45603.0 300.0 300.0
958.7097782033425 58 22634.0 25513.0 300.0 300.0 41 39881.0 42073.0 300.0 300.0
866.3432932571387 53 32953.0 36304.0 300.0 300.0 50 50234.0 53766.0 300.0 300.0
590.8129833481089 39 26637.0 29052.0 300.0 300.0 28 44551.0 47038.0 300.0 300.0
786.2662575788769 51 27202.0 30074.0 300.0 300.0 56 41814.0 45291.0 300.0 300.0
446.87496242135484 24 41085.0 44144.0 300.0 300.0 34 56755.0 59000.0 300.0 300.0
637.4999240410812 16 35410.0 38210.0 300.0 300.0 19 53593.0 56620.0 300.0 300.0
217.26813503034126 52 29143.0 31815.0 300.0 300.0 30 44901.0 47959.0 300.0 300.0
385.7559079813752 37 51408.0 54887.0 300.0 300.0 32 67792.0 69595.0 300.0 300.0
120.94289201849662 36 42683.0 45883.0 300.0 300.0 37 62398.0 64921.0 300.0 300.0
598.2395031212899 11 46014.0 48390.0 300.0 300.0 10 61158.0 64398.0 300.0 300.0
801.4000516057774 18 36639.0 39321.0 300.0 300.0 43 56311.0 59169.0 300.0 300.0
655.1918954320348 31 22550.0 25900.0 300.0 300.0 52 39141.0 41675.0 300.0 300.0
741.0560950733341 54 18214.0 21375.0 300.0 300.0 10 38498.0 41539.0 300.0 300.0
880.9590405658777 31 49327.0 51421.0 300.0 300.0 60 67653.0 70499.0 300.0 300.0
629.1585379637755 41 38855.0 42019.0 300.0 300.0 48 56946.0 60508.0 300.0 300.0
964.8584667050555 48 24116.0 27193.0 300.0 300.0 15 44824.0 46926.0 300.0 300.0
160.86295061541966 13 38822.0 40789.0 300.0 300.0 18 54905.0 56729.0 300.0 300.0
570.2567112516471 48 46634.0 49712.0 300.0 300.0 20 62588.0 64442.0 300.0 300.0
618.530199301009 40 40043.0 42152.0 300.0 300.0 30 55860.0 59115.0 300.0 300.0
614.5019872555048 60 33613.0 36176.0 300.0 300.0 29 51995.0 55150.0 300.0 300.0
893.2827978333991 42 30210.0 33032.0 300.0 300.0 40 50930.0 54152.0 300.0 300.0
906.1570552614681 39 22703.0 26220.0 300.0 300.0 53 41077.0 43446.0 300.0 300.0
932.2860445230097 44 37637.0 39717.0 300.0 300.0 54 52341.0 54201.0 300.0 300.0
822.1972539942924 48 40802.0 42788.0 300.0 300.0 20 55792.0 58647.0 300.0 300.0
766.3827978973076 50 29724.0 33073.0 300.0 300.0 60 44446.0 47219.0 300.0 300.0
528.7034852781773 18 25855.0 29113.0 300.0 300.0 53 42714.0 46118.0 300.0 300.0
589.2724988537485 19 45729.0 47954.0 300.0 300.0 16 63705.0 65799.0 300.0 300.0
35.694032651947595 45 26222.0 29538.0 300.0 300.0 56 42756.0 44602.0 300.0 300.0
863.427775251835 50 26181.0 28130.0 300.0 300.0 39 44487.0 47502.0 300.0 300.0
631.0755859122457 59 43598.0 46002.0 300.0 300.0 53 57665.0 60857.0 300.0 300.0
143.79579835175437 22 18372.0 20385.0 300.0 300.0 52 36044.0 39016.0 300.0 300.0
70.60768333053392 44 28580.0 31303.0 300.0 300.0 28 42225.0 44172.0 300.0 300.0
496.82844795070235 15 35141.0 38672.0 300.0 300.0 29 52442.0 55570.0 300.0 300.0
279.98916736601933 52 34470.0 37495.0 300.0 300.0 20 54117.0 56933.0 300.0 300.0
792.688535012936 58 18027.0 21058.0 300.0 300.0 37 33444.0 35633.0 300.0 300.0
330.7947824916483 39 23951.0 27171.0 300.0 300.0 44 44431.0 46990.0 300.0 300.0
240.1273315135588 54 30984.0 34416.0 300.0 300.0 27 46498.0 49963.0 300.0 300.0
522.4897573246083 55 20020.0 22290.0 300.0 300.0 45 33811.0 36619.0 300.0 300.0
778.4354677588085 57 50572.0 52696.0 300.0 300.0 59 65358.0 68561.0 300.0 300.0
585.980518482306 50 20932.0 22961.0 300.0 300.0 27 36708.0 39890.0 300.0 300.0
35.32604706446663 22 25731.0 28742.0 300.0 300.0 36 43349.0 46404.0 300.0 300.0
227.3508144323213 20 25034.0 27293.0 300.0 300.0 27 44845.0 48178.0 300.0 300.0
684.2758917418741 49 34294.0 36537.0 300.0 300.0 51 53463.0 55807.0 300.0 300.0
470.1816553407638 49 52008.0 54745.0 300.0 300.0 38 68263.0 71053.0 300.0 300.0
104.77114302736933 14 37008.0 40185.0 300.0 300.0 26 52166.0 55305.0 300.0 300.0
907.1398961343987 56 23116.0 25632.0 300.0 300.0 18 37608.0 40390.0 300.0 300.0
163.48817055950192 47 38178.0 40341.0 300.0 300.0 53 55833.0 58378.0 300.0 300.0
21.695684946478224 30 24361.0 27418.0 300.0 300.0 44 44350.0 47319.0 300.0 300.0
827.4805028156292 47 47837.0 49987.0 300.0 300.0 24 67361.0 70125.0 300.0 300.0
33.61788252528175 40 34688.0 36688.0 300.0 300.0 24 48050.0 50224.0 300.0 300.0
810.1012249674494 48 42551.0 44947.0 300.0 300.0 41 61106.0 63371.0 300.0 300.0
211.40237750113943 41 35180.0 38754.0 300.0 300.0 48 53230.0 55510.0 300.0 300.0
889.2055314926939 36 33148.0 35924.0 300.0 300.0 50 51226.0 53180.0 300.0 300.0
594.4873116816892 51 27213.0 29549.0 300.0 300.0 49 47456.0 49798.0 300.0 300.0
262.0670626637942 33 30768.0 33707.0 300.0 300.0 52 46650.0 49329.0 300.0 300.0
500.8516327111786 15 21284.0 23642.0 300.0 300.0 18 35750.0 38209.0 300.0 300.0
883.6892430837089 43 35971.0 39000.0 300.0 300.0 31 53071.0 55622.0 300.0 300.0
843.6079473293121 13 47142.0 50079.0 300.0 300.0 32 65743.0 68966.0 300.0 300.0
230.46729023167768 57 30139.0 33246.0 300.0 300.0 37 44513.0 47846.0 300.0 300.0
35.087305572795934 11 52441.0 55786.0 300.0 300.0 32 72401.0 75608.0 300.0 300.0
129.49372451982833 18 48211.0 51499.0 300.0 300.0 46 69428.0 72289.0 300.0 300.0
369.6487606310715 43 45589.0 49040.0 300.0 300.0 24 64520.0 66728.0 300.0 300.0
969.6155962336966 15 31665.0 34010.0 300.0 300.0 31 48687.0 50904.0 300.0 300.0
107.38367548340577 14 48256.0 51055.0 300.0 300.0 12 65096.0 68534.0 300.0 300.0
772.435018615256 58 22709.0 26038.0 300.0 300.0 20 40200.0 43686.0 300.0 300.0
749.747859171453 46 33188.0 35027.0 300.0 300.0 37 51894.0 54437.0 300.0 300.0
742.9574188408325 59 19405.0 22394.0 300.0 300.0 51 37386.0 40032.0 300.0 300.0
34.04750836748893 31 27833.0 29670.0 300.0 300.0 52 44977.0 46796.0 300.0 300.0
268.0771459479195 15 23002.0 25057.0 300.0 300.0 36 41370.0 44006.0 300.0 300.0
165.10246820621265 16 49818.0 51726.0 300.0 300.0 15 64735.0 67211.0 300.0 300.0
98.45699502198235 55 19437.0 22106.0 300.0 300.0 21 37151.0 40113.0 300.0 300.0
547.1654058019244 32 45656.0 48833.0 300.0 300.0 59 63036.0 65560.0 300.0 300.0
81.90147277053394 54 24759.0 27344.0 300.0 300.0 43 39197.0 41166.0 300.0 300.0
434.51346803077126 57 30098.0 33509.0 300.0 300.0 10 45936.0 48754.0 300.0 300.0
244.70096963501743 55 35373.0 37392.0 300.0 300.0 60 52972.0 56358.0 300.0 300.0
251.65271690715397 38 34223.0 36509.0 300.0 300.0 34 53719.0 56180.0 300.0 300.0
906.6812005849458 16 18298.0 20638.0 300.0 300.0 14 35521.0 38537.0 300.0 300.0
969.7601174523271 58 41554.0 44437.0 300.0 300.0 53 57597.0 59888.0 300.0 300.0
515.2368707584674 15 44250.0 46448.0 300.0 300.0 26 64301.0 66206.0 300.0 300.0
600.1866186290698 35 47926.0 50091.0 300.0 300.0 51 67622.0 69935.0 300.0 300.0
877.2552505130523 25 44917.0 46930.0 300.0 300.0 50 58542.0 60979.0 300.0 300.0
173.28213066135433 20 21266.0 23787.0 300.0 300.0 15 38402.0 41829.0 300.0 300.0
823.7039428774367 47 19412.0 22145.0 300.0 300.0 30 35617.0 37633.0 300.0 300.0
215.58283773383025 22 19557.0 21859.0 300.0 300.0 52 35057.0 37742.0 300.0 300.0
162.30957316220173 35 50969.0 53784.0 300.0 300.0 44 67477.0 69399.0 300.0 300.0
783.9982381888669 57 42624.0 45442.0 300.0 300.0 26 58729.0 60948.0 300.0 300.0
146.1025952510502 58 53582.0 55729.0 300.0 300.0 57 68638.0 72099.0 300.0 300.0
234.901790687986 16 32484.0 34937.0 300.0 300.0 19 46101.0 48797.0 300.0 300.0
930.9382585151653 51 26652.0 29628.0 300.0 300.0 35 47244.0 50024.0 300.0 300.0
631.1914408044323 38 34448.0 36419.0 300.0 300.0 29 49053.0 52392.0 300.0 300.0
419.0881567263558 60 31865.0 33821.0 300.0 300.0 52 49094.0 52353.0 300.0 300.0
663.0467135817808 14 42209.0 44167.0 300.0 300.0 46 57702.0 60577.0 300.0 300.0
28.67049877696126 22 47466.0 50248.0 300.0 300.0 25 62775.0 65096.0 300.0 300.0
179.24287807485973 25 30266.0 32806.0 300.0 300.0 52 49980.0 53542.0 300.0 300.0
814.4633148148907 55 46773.0 49576.0 300.0 300.0 22 62572.0 64925.0 300.0 300.0
505.8426300953086 50 50416.0 53630.0 300.0 300.0 13 64537.0 67231.0 300.0 300.0
753.3140049026367 33 39058.0 41452.0 300.0 300.0 18 58453.0 61317.0 300.0 300.0
137.5981636322493 54 21978.0 23836.0 300.0 300.0 34 37921.0 40156.0 300.0 300.0
140.082956722166 52 51637.0 54596.0 300.0 300.0 56 69941.0 72620.0 300.0 300.0
703.5619234959504 25 23041.0 26021.0 300.0 300.0 55 37153.0 39714.0 300.0 300.0
895.3790469675707 29 52916.0 54762.0 300.0 300.0 12 66618.0 69574.0 300.0 300.0
270.7010396032595 10 33393.0 35381.0 300.0 300.0 51 49926.0 52746.0 300.0 300.0
126.17418444401419 25 50892.0 53737.0 300.0 300.0 35 70668.0 73806.0 300.0 300.0
605.5885274889796 27 47054.0 48923.0 300.0 300.0 60 65139.0 67282.0 300.0 300.0
701.0117124677746 43 42900.0 44738.0 300.0 300.0 10 62199.0 64581.0 300.0 300.0
371.73098676256444 39 31295.0 34503.0 300.0 300.0 15 49530.0 51482.0 300.0 300.0
583.6130152147433 47 21717.0 24544.0 300.0 300.0 53 36125.0 39226.0 300.0 300.0
915.389433107349 30 46783.0 49023.0 300.0 300.0 23 63212.0 66805.0 300.0 300.0
627.2789586510295 34 51058.0 53104.0 300.0 300.0 14 67524.0 69726.0 300.0 300.0
161.8332199321577 25 38735.0 42024.0 300.0 300.0 48 58048.0 61483.0 300.0 300.0
866.9888200974282 41 31412.0 33222.0 300.0 300.0 38 44160.0 46661.0 300.0 300.0
692.1887733784947 50 49561.0 52729.0 300.0 300.0 32 68583.0 70650.0 300.0 300.0
690.311858202553 50 37497.0 40029.0 300.0 300.0 42 54277.0 57618.0 300.0 300.0
643.1307784137621 32 31153.0 33581.0 300.0 300.0 52 49621.0 53181.0 300.0 300.0
740.3261688117681 15 42622.0 44668.0 300.0 300.0 33 61971.0 63949.0 300.0 300.0
121.71658167569754 29 22338.0 25340.0 300.0 300.0 48 43009.0 46030.0 300.0 300.0
856.2279067039552 36 19250.0 22090.0 300.0 300.0 38 33567.0 37140.0 300.0 300.0
169.1599934768342 56 48710.0 51238.0 300.0 300.0 13 68337.0 70887.0 300.0 300.0
627.123330447202 54 40171.0 42737.0 300.0 300.0 57 57139.0 60138.0 300.0 300.0
363.1300227399794 20 39610.0 43093.0 300.0 300.0 57 58497.0 61476.0 300.0 300.0
292.91701924584004 37 29167.0 31280.0 300.0 300.0 48 46760.0 49100.0 300.0 300.0
200.47230031557996 33 27881.0 30027.0 300.0 300.0 52 46339.0 49387.0 300.0 300.0
328.90488802609997 35 48752.0 51528.0 300.0 300.0 14 62954.0 65432.0 300.0 300.0
842.6827008976636 44 40626.0 43652.0 300.0 300.0 19 58948.0 61096.0 300.0 300.0
387.6898758791871 34 23789.0 27049.0 300.0 300.0 38 38511.0 41361.0 300.0 300.0
385.9970859292058 23 29900.0 33120.0 300.0 300.0 47 44323.0 47103.0 300.0 300.0
617.7761723297565 40 48113.0 50189.0 300.0 300.0 43 62422.0 65697.0 300.0 300.0
896.9430727490733 57 26294.0 29494.0 300.0 300.0 29 45908.0 48546.0 300.0 300.0
241.4517302502124 30 26976.0 29222.0 300.0 300.0 60 40904.0 44095.0 300.0 300.0
252.36102869252917 14 35033.0 38326.0 300.0 300.0 15 51508.0 54954.0 300.0 300.0
648.5051558395234 23 39630.0 41976.0 300.0 300.0 29 57608.0 60090.0 300.0 300.0
669.3403678032827 55 41576.0 43438.0 300.0 300.0 11 54966.0 57893.0 300.0 300.0
874.4783465744074 36 25772.0 28305.0 300.0 300.0 47 40611.0 42648.0 300.0 300.0
393.7123937187136 12 39977.0 42147.0 300.0 300.0 24 57559.0 59811.0 300.0 300.0
894.4471539949096 36 35276.0 37674.0 300.0 300.0 43 51575.0 53527.0 300.0 300.0
633.542412322276 32 51352.0 54777.0 300.0 300.0 60 70309.0 72715.0 300.0 300.0
622.0350907014464 46 28521.0 30982.0 300.0 300.0 38 45793.0 49375.0 300.0 300.0
633.6986807577293 27 44804.0 47906.0 300.0 300.0 32 62659.0 64915.0 300.0 300.0
289.1666846370827 18 39019.0 42327.0 300.0 300.0 48 56259.0 58793.0 300.0 300.0
55.646743201087205 22 38871.0 42430.0 300.0 300.0 50 58831.0 61676.0 300.0 300.0
159.99426871767753 43 48734.0 52316.0 300.0 300.0 35 67082.0 69302.0 300.0 300.0
179.09870467720955 47 37944.0 41145.0 300.0 300.0 54 57673.0 60680.0 300.0 300.0
451.8995696236052 25 19535.0 21850.0 300.0 300.0 35 34827.0 37317.0 300.0 300.0
114.39261681031509 39 47836.0 50838.0 300.0 300.0 52 65443.0 68490.0 300.0 300.0
281.26976014093816 52 39481.0 42295.0 300.0 300.0 57 55396.0 58817.0 300.0 300.0
301.21152471732415 36 50566.0 53131.0 300.0 300.0 21 70522.0 74040.0 300.0 300.0
290.03789805203473 33 43904.0 46401.0 300.0 300.0 10 61303.0 63598.0 300.0 300.0
274.5783481718278 17 36062.0 38274.0 300.0 300.0 27 53365.0 56941.0 300.0 300.0
943.3021899113039 13 36301.0 38907.0 300.0 300.0 39 56505.0 59962.0 300.0 300.0
566.4557750875618 43 43552.0 46690.0 300.0 300.0 24 60102.0 62823.0 300.0 300.0
905.6090946826762 29 38564.0 40998.0 300.0 300.0 35 52637.0 55777.0 300.0 300.0
853.5949198543183 19 22323.0 25640.0 300.0 300.0 42 38579.0 42166.0 300.0 300.0
224.9914896060765 60 35679.0 38097.0 300.0 300.0 22 51902.0 53947.0 300.0 300.0
