50 1000
5000.0 2 14400.0 79200.0
5000.0 1 14400.0 79200.0
10000.0 7 14400.0 79200.0
10000.0 2 14400.0 79200.0
5000.0 4 14400.0 79200.0
5000.0 1 14400.0 79200.0
5000.0 8 14400.0 79200.0
2000.0 2 14400.0 79200.0
7000.0 4 14400.0 79200.0
5000.0 4 14400.0 79200.0
10000.0 7 14400.0 79200.0
5000.0 1 14400.0 79200.0
7000.0 1 14400.0 79200.0
7000.0 1 14400.0 79200.0
10000.0 2 14400.0 79200.0
10000.0 6 14400.0 79200.0
7000.0 2 14400.0 79200.0
10000.0 7 14400.0 79200.0
2000.0 0 14400.0 79200.0
2000.0 9 14400.0 79200.0
5000.0 3 14400.0 79200.0
2000.0 9 14400.0 79200.0
5000.0 4 14400.0 79200.0
10000.0 4 14400.0 79200.0
10000.0 5 14400.0 79200.0
5000.0 3 14400.0 79200.0
2000.0 3 14400.0 79200.0
2000.0 5 14400.0 79200.0
7000.0 4 14400.0 79200.0
5000.0 5 14400.0 79200.0
5000.0 1 14400.0 79200.0
5000.0 7 14400.0 79200.0
10000.0 1 14400.0 79200.0
10000.0 8 14400.0 79200.0
2000.0 0 14400.0 79200.0
10000.0 2 14400.0 79200.0
7000.0 4 14400.0 79200.0
10000.0 5 14400.0 79200.0
7000.0 3 14400.0 79200.0
2000.0 9 14400.0 79200.0
7000.0 8 14400.0 79200.0
10000.0 3 14400.0 79200.0
2000.0 5 14400.0 79200.0
5000.0 6 14400.0 79200.0
10000.0 8 14400.0 79200.0
7000.0 7 14400.0 79200.0
10000.0 3 14400.0 79200.0
7000.0 5 14400.0 79200.0
5000.0 8 14400.0 79200.0
10000.0 0 14400.0 79200.0
174.16059967860497 41 34446.0 38032.0 300.0 300.0 10 52079.0 55425.0 300.0 300.0
876.9986866863128 43 49474.0 51313.0 300.0 300.0 23 67089.0 69594.0 300.0 300.0
42.843249561487106 38 19332.0 21826.0 300.0 300.0 29 37009.0 40197.0 300.0 300.0
871.1983534245633 56 51309.0 53160.0 300.0 300.0 21 68618.0 72049.0 300.0 300.0
274.2620052540988 43 36965.0 40376.0 300.0 300.0 31 57919.0 61246.0 300.0 300.0
818.9177973914451 28 31837.0 33679.0 300.0 300.0 12 49053.0 51766.0 300.0 300.0
598.5947995140565 33 49498.0 51433.0 300.0 300.0 35 67914.0 70336.0 300.0 300.0
578.4489272602411 49 35146.0 37465.0 300.0 300.0 39 54762.0 58061.0 300.0 300.0
385.8164889558647 13 50032.0 52885.0 300.0 300.0 23 70458.0 73112.0 300.0 300.0
678.0023812027318 10 33412.0 35260.0 300.0 300.0 45 53009.0 55068.0 300.0 300.0
293.3165007651638 18 40279.0 42260.0 300.0 300.0 44 53906.0 56880.0 300.0 300.0
986.114010070897 55 49696.0 52441.0 300.0 300.0 33 68415.0 71864.0 300.0 300.0
448.78577863326717 26 44145.0 47555.0 300.0 300.0 18 65249.0 68540.0 300.0 300.0
566.5710056607668 26 49832.0 53162.0 300.0 300.0 35 64924.0 67654.0 300.0 300.0
882.195966744184 26 52505.0 55680.0 300.0 300.0 14 73250.0 75988.0 300.0 300.0
823.3223049230489 60 29624.0 31730.0 300.0 300.0 14 47129.0 48953.0 300.0 300.0
778.180887168095 38 27444.0 29832.0 300.0 300.0 56 47706.0 49609.0 300.0 300.0
522.9281358428681 39 46792.0 49508.0 300.0 300.0 26 62541.0 65921.0 300.0 300.0
295.4266961983877 48 49987.0 52331.0 300.0 300.0 54 70296.0 73263.0 300.0 300.0
740.694701857259 13 25121.0 28520.0 300.0 300.0 26 40661.0 43580.0 300.0 300.0
68.7607758592701 54 52544.0 54639.0 300.0 300.0 48 71539.0 74829.0 300.0 300.0
611.1472544429538 21 44094.0 46315.0 300.0 300.0 34 58741.0 60620.0 300.0 300.0
557.8509981398275 58 51964.0 55412.0 300.0 300.0 17 66632.0 69057.0 300.0 300.0
607.7062357970296 23 45699.0 49231.0 300.0 300.0 13 61873.0 64377.0 300.0 300.0
478.513189209115 57 28703.0 31132.0 300.0 300.0 31 47240.0 49948.0 300.0 300.0
48.51144955627185 35 18045.0 20842.0 300.0 300.0 57 33726.0 36569.0 300.0 300.0
102.67735392084698 32 23008.0 25959.0 300.0 300.0 11 43651.0 46873.0 300.0 300.0
477.82716769827607 33 19476.0 21317.0 300.0 300.0 13 36873.0 39329.0 300.0 300.0
54.55888352901972 49 24706.0 28023.0 300.0 300.0 25 45590.0 48198.0 300.0 300.0
342.2706453108724 12 39959.0 43014.0 300.0 300.0 60 59681.0 62562.0 300.0 300.0
786.3705369648331 12 44750.0 47820.0 300.0 300.0 20 60493.0 63356.0 300.0 300.0
39.52766730812441 28 26993.0 30534.0 300.0 300.0 43 44040.0 46203.0 300.0 300.0
469.22229128373374 31 25502.0 27672.0 300.0 300.0 16 40461.0 43630.0 300.0 300.0
519.9130525199298 38 40022.0 42273.0 300.0 300.0 44 55060.0 57104.0 300.0 300.0
975.2895582355382 14 27387.0 30103.0 300.0 300.0 51 42660.0 45701.0 300.0 300.0
458.14502543906946 53 38505.0 41671.0 300.0 300.0 59 56580.0 59299.0 300.0 300.0
706.8628357913459 18 36194.0 38619.0 300.0 300.0 59 49952.0 52460.0 300.0 300.0
858.4382467444162 57 31152.0 33390.0 300.0 300.0 14 49882.0 53376.0 300.0 300.0
606.874971359923 39 27381.0 30142.0 300.0 300.0 37 44450.0 47848.0 300.0 300.0
319.2761226729979 58 53536.0 56379.0 300.0 300.0 15 72910.0 75976.0 300.0 300.0
983.6633802262021 32 26362.0 29681.0 300.0 300.0 50 46905.0 50367.0 300.0 300.0
58.157857345171536 19 38739.0 41345.0 300.0 300.0 25 56075.0 58953.0 300.0 300.0
129.16332993183266 35 49155.0 51827.0 300.0 300.0 43 67374.0 70799.0 300.0 300.0
908.772102772844 34 51163.0 54011.0 300.0 300.0 17 69794.0 72644.0 300.0 300.0
792.9230531313041 46 20009.0 23417.0 300.0 300.0 25 38100.0 40434.0 300.0 300.0
565.339035912263 23 47288.0 50597.0 300.0 300.0 45 65751.0 68627.0 300.0 300.0
692.1340118237189 13 50749.0 53575.0 300.0 300.0 28 69847.0 72827.0 300.0 300.0
307.5762914547232 58 53056.0 55281.0 300.0 300.0 35 68129.0 70170.0 300.0 300.0
547.5036369453373 58 25548.0 28911.0 300.0 300.0 13 41341.0 44298.0 300.0 300.0
725.5450549400699 35 33989.0 37088.0 300.0 300.0 27 51344.0 54911.0 300.0 300.0
902.8688734609934 16 50573.0 52726.0 300.0 300.0 33 65170.0 67817.0 300.0 300.0
741.5602453510061 60 26764.0 30256.0 300.0 300.0 21 43760.0 46763.0 300.0 300.0
838.93052508519 40 22336.0 25027.0 300.0 300.0 45 42742.0 45946.0 300.0 300.0
645.8161505362473 50 52103.0 54156.0 300.0 300.0 43 65145.0 68666.0 300.0 300.0
863.7330989446252 20 20286.0 22932.0 300.0 300.0 55 40617.0 42640.0 300.0 300.0
307.17711232952405 11 50028.0 52310.0 300.0 300.0 20 68033.0 71140.0 300.0 300.0
849.2502912465536 38 39100.0 41013.0 300.0 300.0 17 55550.0 57693.0 300.0 300.0
58.87324350336043 46 29827.0 32829.0 300.0 300.0 16 47840.0 50823.0 300.0 300.0
88.76135156725007 19 43748.0 46761.0 300.0 300.0 28 60054.0 62030.0 300.0 300.0
593.1655622736733 20 22119.0 25435.0 300.0 300.0 25 38035.0 41140.0 300.0 300.0
937.0988109206932 57 51460.0 54256.0 300.0 300.0 48 69045.0 71240.0 300.0 300.0
116.31572277883329 57 46923.0 49993.0 300.0 300.0 26 67414.0 69306.0 300.0 300.0
238.15995849319606 53 35673.0 38234.0 300.0 300.0 25 49826.0 51783.0 300.0 300.0
836.7011834552128 56 33232.0 35864.0 300.0 300.0 26 48263.0 51015.0 300.0 300.0
873.5353332736795 15 34349.0 36827.0 300.0 300.0 58 51529.0 54915.0 300.0 300.0
890.3240805198427 18 21886.0 25306.0 300.0 300.0 11 38267.0 41251.0 300.0 300.0
424.31294593095856 59 42215.0 44826.0 300.0 300.0 23 59499.0 62518.0 300.0 300.0
89.30693876328189 11 51945.0 54919.0 300.0 300.0 54 68810.0 71814.0 300.0 300.0
626.0495473441005 41 50715.0 53166.0 300.0 300.0 12 67139.0 68990.0 300.0 300.0
434.66649469145125 49 42836.0 44956.0 300.0 300.0 55 56727.0 59449.0 300.0 300.0
124.90551877957434 32 21208.0 24686.0 300.0 300.0 20 38905.0 41067.0 300.0 300.0
423.497996830547 53 43549.0 46058.0 300.0 300.0 19 58191.0 60046.0 300.0 300.0
980.7501027539618 26 36266.0 39587.0 300.0 300.0 17 50563.0 53667.0 300.0 300.0
545.8485772012893 58 41529.0 43993.0 300.0 300.0 16 60601.0 63187.0 300.0 300.0
489.7559214021787 60 50112.0 53592.0 300.0 300.0 48 65828.0 67880.0 300.0 300.0
485.550098206318 18 24737.0 27038.0 300.0 300.0 14 41446.0 43865.0 300.0 300.0
653.0947980393022 10 31324.0 33346.0 300.0 300.0 34 50963.0 53614.0 300.0 300.0
874.0334797135988 50 42064.0 44233.0 300.0 300.0 29 61153.0 63577.0 300.0 300.0
47.67263404549915 28 34936.0 38497.0 300.0 300.0 42 55418.0 58891.0 300.0 300.0
692.94519711459 21 48732.0 52028.0 300.0 300.0 28 65365.0 68650.0 300.0 300.0
866.6239048269399 32 19010.0 21103.0 300.0 300.0 22 36420.0 39066.0 300.0 300.0
760.8993836817923 37 21812.0 25183.0 300.0 300.0 34 38136.0 41578.0 300.0 300.0
508.13054923874176 29 41543.0 44844.0 300.0 300.0 26 62444.0 65740.0 300.0 300.0
86.96167666522858 53 35360.0 37505.0 300.0 300.0 32 54227.0 57400.0 300.0 300.0
677.0101349116113 54 49998.0 52369.0 300.0 300.0 12 63740.0 66081.0 300.0 300.0
127.8900113215028 58 34015.0 35957.0 300.0 300.0 45 53619.0 56317.0 300.0 300.0
509.7865829263095 10 25649.0 28295.0 300.0 300.0 51 45676.0 48324.0 300.0 300.0
281.5410558214954 20 44879.0 48082.0 300.0 300.0 14 64983.0 68271.0 300.0 300.0
585.3399257946559 22 28035.0 31398.0 300.0 300.0 20 47779.0 50395.0 300.0 300.0
903.3531918621524 57 35241.0 38639.0 300.0 300.0 41 52604.0 55900.0 300.0 300.0
793.8314504649514 20 35749.0 38770.0 300.0 300.0 14 52627.0 56016.0 300.0 300.0
98.97637597870357 36 18597.0 22098.0 300.0 300.0 25 39391.0 41598.0 300.0 300.0
219.8922105242448 54 49138.0 51848.0 300.0 300.0 12 67009.0 70087.0 300.0 300.0
860.8513464586948 46 20494.0 22909.0 300.0 300.0 29 35926.0 38368.0 300.0 300.0
374.90083790650317 25 47871.0 49916.0 300.0 300.0 29 64758.0 67025.0 300.0 300.0
351.1324582173476 18 41350.0 44901.0 300.0 300.0 29 57912.0 61100.0 300.0 300.0
69.78293285001358 58 51111.0 53553.0 300.0 300.0 14 70885.0 74267.0 300.0 300.0
343.46671597095246 52 22318.0 24254.0 300.0 300.0 39 41942.0 45142.0 300.0 300.0
845.7463265236975 60 22683.0 25703.0 300.0 300.0 44 41867.0 44213.0 300.0 300.0
811.8214573867061 58 44869.0 46930.0 300.0 300.0 42 64159.0 66326.0 300.0 300.0
426.6945700394433 23 18512.0 21968.0 300.0 300.0 51 35840.0 38415.0 300.0 300.0
170.21393387929874 33 21572.0 24915.0 300.0 300.0 12 42842.0 45807.0 300.0 300.0
984.0920822548617 12 45940.0 48195.0 300.0 300.0 40 62531.0 65906.0 300.0 300.0
731.6217055931886 55 26865.0 30208.0 300.0 300.0 21 44767.0 48363.0 300.0 300.0
832.5116660422996 40 29621.0 31758.0 300.0 300.0 31 49419.0 52049.0 300.0 300.0
60.71017657124289 55 46845.0 48835.0 300.0 300.0 25 63978.0 66466.0 300.0 300.0
331.08075009683444 47 42618.0 45286.0 300.0 300.0 23 62195.0 65320.0 300.0 300.0
270.84188766760343 53 28384.0 30257.0 300.0 300.0 20 44517.0 46477.0 300.0 300.0
441.0353205910482 35 46266.0 48818.0 300.0 300.0 39 60842.0 64358.0 300.0 300.0
173.0440589287655 14 22577.0 24554.0 300.0 300.0 26 41348.0 43884.0 300.0 300.0
380.43809702256937 25 19283.0 22652.0 300.0 300.0 55 37340.0 39972.0 300.0 300.0
969.4961247670567 59 23504.0 26028.0 300.0 300.0 36 43643.0 46834.0 300.0 300.0
781.0502649756487 11 50492.0 53012.0 300.0 300.0 18 64468.0 67280.0 300.0 300.0
827.321859839189 46 34980.0 37953.0 300.0 300.0 38 55518.0 58279.0 300.0 300.0
455.9625436823519 45 48373.0 51262.0 300.0 300.0 56 65553.0 67559.0 300.0 300.0
835.0704071743565 35 38934.0 41051.0 300.0 300.0 25 56757.0 58923.0 300.0 300.0
455.8707714789627 17 52118.0 55085.0 300.0 300.0 11 67270.0 69400.0 300.0 300.0
183.65949060511588 38 47712.0 50653.0 300.0 300.0 13 67763.0 71291.0 300.0 300.0
262.1723679304665 47 22004.0 24597.0 300.0 300.0 40 39061.0 42632.0 300.0 300.0
809.5242568757461 17 20358.0 22635.0 300.0 300.0 48 38743.0 41678.0 300.0 300.0
331.0923314034635 45 48125.0 51366.0 300.0 300.0 22 62916.0 65136.0 300.0 300.0
558.4278641081232 22 52033.0 55071.0 300.0 300.0 10 70599.0 73582.0 300.0 300.0
468.9199328932453 22 51794.0 54540.0 300.0 300.0 29 69969.0 72974.0 300.0 300.0
276.3857348995724 50 41576.0 44792.0 300.0 300.0 13 58059.0 61060.0 300.0 300.0
747.6282533303804 21 48605.0 51335.0 300.0 300.0 47 65184.0 67045.0 300.0 300.0
196.3478349748442 21 50772.0 52703.0 300.0 300.0 17 67514.0 69432.0 300.0 300.0
535.5089676736405 48 34900.0 38447.0 300.0 300.0 54 52677.0 56122.0 300.0 300.0
886.9621926260206 10 19556.0 21624.0 300.0 300.0 35 33981.0 36667.0 300.0 300.0
251.2112475082521 50 46670.0 49268.0 300.0 300.0 32 66406.0 69674.0 300.0 300.0
668.570255327066 10 19974.0 22590.0 300.0 300.0 16 36293.0 38754.0 300.0 300.0
293.3268754067476 23 21072.0 24268.0 300.0 300.0 41 39091.0 40913.0 300.0 300.0
321.6029340872172 22 21441.0 24810.0 300.0 300.0 36 38204.0 40029.0 300.0 300.0
252.39237117924174 47 21235.0 23560.0 300.0 300.0 24 39635.0 42790.0 300.0 300.0
638.1657348766072 56 42441.0 45968.0 300.0 300.0 48 61988.0 65080.0 300.0 300.0
588.2318093386543 37 44994.0 47078.0 300.0 300.0 19 63989.0 66146.0 300.0 300.0
657.6139974293397 45 40406.0 42904.0 300.0 300.0 27 60298.0 63096.0 300.0 300.0
922.670581997892 28 38025.0 41185.0 300.0 300.0 33 58317.0 61909.0 300.0 300.0
524.4878104823798 13 19649.0 22724.0 300.0 300.0 56 35917.0 37819.0 300.0 300.0
534.9093725492196 58 48529.0 51243.0 300.0 300.0 59 66929.0 69177.0 300.0 300.0
789.8398166224679 43 19893.0 21916.0 300.0 300.0 58 39186.0 42187.0 300.0 300.0
492.7381305767994 20 39415.0 42897.0 300.0 300.0 18 59129.0 60934.0 300.0 300.0
606.6620760944662 49 18668.0 21119.0 300.0 300.0 36 37933.0 40138.0 300.0 300.0
655.141610394778 38 28717.0 30709.0 300.0 300.0 45 46103.0 48941.0 300.0 300.0
843.0898159415782 27 44387.0 46334.0 300.0 300.0 41 61477.0 63628.0 300.0 300.0
947.9284794792652 38 39899.0 41764.0 300.0 300.0 22 56993.0 59651.0 300.0 300.0
333.9930102158789 32 26680.0 28763.0 300.0 300.0 49 45552.0 47749.0 300.0 300.0
360.4066934365799 18 21466.0 23893.0 300.0 300.0 24 36072.0 38493.0 300.0 300.0
727.5027913193104 18 49280.0 51369.0 300.0 300.0 40 63147.0 66105.0 300.0 300.0
913.8048564086255 29 30994.0 33704.0 300.0 300.0 34 47070.0 50611.0 300.0 300.0
57.36951129715917 14 19597.0 21661.0 300.0 300.0 43 38926.0 41706.0 300.0 300.0
896.4546257016203 13 47834.0 50639.0 300.0 300.0 36 66611.0 69511.0 300.0 300.0
918.6055174754046 35 40718.0 43123.0 300.0 300.0 28 60707.0 63200.0 300.0 300.0
291.42944055718124 14 23310.0 25628.0 300.0 300.0 52 39772.0 42755.0 300.0 300.0
60.78878168522406 15 27040.0 29106.0 300.0 300.0 53 41015.0 43864.0 300.0 300.0
993.4809833794477 34 53694.0 56468.0 300.0 300.0 26 67320.0 69499.0 300.0 300.0
193.2361907995561 21 42512.0 45615.0 300.0 300.0 38 58676.0 60683.0 300.0 300.0
937.2044105861692 32 30304.0 33405.0 300.0 300.0 10 45506.0 47344.0 300.0 300.0
655.9076332885282 55 45529.0 47696.0 300.0 300.0 39 58699.0 60554.0 300.0 300.0
60.24674976484812 49 28226.0 31425.0 300.0 300.0 51 42621.0 46220.0 300.0 300.0
420.66762826899617 46 29248.0 31796.0 300.0 300.0 13 47555.0 50009.0 300.0 300.0
386.27766379101314 42 19877.0 22738.0 300.0 300.0 33 36165.0 39727.0 300.0 300.0
205.06915208882236 17 27287.0 29133.0 300.0 300.0 53 46488.0 48886.0 300.0 300.0
823.9693727373918 37 28352.0 31366.0 300.0 300.0 57 44307.0 46485.0 300.0 300.0
595.1786981497202 50 38694.0 41930.0 300.0 300.0 14 53606.0 56656.0 300.0 300.0
291.35797846548263 26 26540.0 28381.0 300.0 300.0 27 45993.0 49106.0 300.0 300.0
259.5418033917705 30 33414.0 35383.0 300.0 300.0 60 51129.0 53013.0 300.0 300.0
850.0367710109066 36 24644.0 27336.0 300.0 300.0 51 39228.0 41076.0 300.0 300.0
101.98721091308104 60 22394.0 25754.0 300.0 300.0 23 40711.0 43529.0 300.0 300.0
890.3853346052206 38 44253.0 46942.0 300.0 300.0 35 59202.0 62521.0 300.0 300.0
539.7471425377119 33 23431.0 26620.0 300.0 300.0 10 42041.0 43888.0 300.0 300.0
376.5718418646241 41 31617.0 34339.0 300.0 300.0 26 52144.0 54068.0 300.0 300.0
732.8706770814337 35 23053.0 26326.0 300.0 300.0 25 42043.0 44866.0 300.0 300.0
426.8544011700032 11 24347.0 27421.0 300.0 300.0 59 41404.0 43593.0 300.0 300.0
243.0412272829613 45 34354.0 37732.0 300.0 300.0 52 55381.0 57378.0 300.0 300.0
368.60263908274925 52 19534.0 22373.0 300.0 300.0 43 34699.0 36919.0 300.0 300.0
210.96650397520423 53 36867.0 40328.0 300.0 300.0 14 53276.0 55169.0 300.0 300.0
25.68980131818965 28 52085.0 54128.0 300.0 300.0 52 71826.0 74074.0 300.0 300.0
142.15402544374467 19 37433.0 40631.0 300.0 300.0 53 58168.0 61709.0 300.0 300.0
635.069114793723 30 45927.0 48996.0 300.0 300.0 13 64968.0 67476.0 300.0 300.0
946.1560640347413 42 36397.0 38936.0 300.0 300.0 36 54677.0 57987.0 300.0 300.0
75.42455463800934 19 37473.0 39318.0 300.0 300.0 53 52976.0 55079.0 300.0 300.0
133.68018723897 49 21586.0 23610.0 300.0 300.0 22 37315.0 40039.0 300.0 300.0
259.1242224536877 38 41055.0 43367.0 300.0 300.0 39 59670.0 62631.0 300.0 300.0
423.1021534865678 22 26916.0 30061.0 300.0 300.0 25 42439.0 45904.0 300.0 300.0
684.0333735628489 50 18821.0 20703.0 300.0 300.0 25 38046.0 40818.0 300.0 300.0
311.0534166675816 53 51309.0 54712.0 300.0 300.0 49 71269.0 73278.0 300.0 300.0
468.16391925610935 15 52313.0 54861.0 300.0 300.0 40 68920.0 71187.0 300.0 300.0
23.422752609822407 32 26326.0 28742.0 300.0 300.0 47 42591.0 45682.0 300.0 300.0
261.1250729466018 57 33345.0 35607.0 300.0 300.0 27 51155.0 52975.0 300.0 300.0
270.2260305657964 29 27459.0 29877.0 300.0 300.0 25 44144.0 47044.0 300.0 300.0
414.74658872472304 56 26382.0 28769.0 300.0 300.0 31 44902.0 46983.0 300.0 300.0
201.6485140542139 30 27827.0 30212.0 300.0 300.0 28 46418.0 49124.0 300.0 300.0
733.2994522954934 29 53771.0 57125.0 300.0 300.0 36 71203.0 74716.0 300.0 300.0
208.8140797266509 41 37836.0 39823.0 300.0 300.0 40 52485.0 55805.0 300.0 300.0
153.0396845201878 58 44459.0 46485.0 300.0 300.0 45 59741.0 62613.0 300.0 300.0
771.5249574031317 56 37453.0 40362.0 300.0 300.0 29 56722.0 59265.0 300.0 300.0
322.3253281369605 12 35428.0 37548.0 300.0 300.0 53 51009.0 52853.0 300.0 300.0
450.757696512579 60 20854.0 23241.0 300.0 300.0 22 36758.0 38886.0 300.0 300.0
377.6574413646594 56 53422.0 55334.0 300.0 300.0 58 68021.0 71441.0 300.0 300.0
614.8851418365424 38 31410.0 33316.0 300.0 300.0 17 47814.0 50013.0 300.0 300.0
207.3987937215026 47 40731.0 43302.0 300.0 300.0 18 56799.0 60062.0 300.0 300.0
318.58517407690556 32 43826.0 46517.0 300.0 300.0 55 60128.0 62100.0 300.0 300.0
242.73014130574322 18 42097.0 44192.0 300.0 300.0 59 60209.0 62582.0 300.0 300.0
399.73164409569637 57 50842.0 54259.0 300.0 300.0 54 67909.0 71259.0 300.0 300.0
753.0912844676964 10 23228.0 25842.0 300.0 300.0 44 37069.0 39649.0 300.0 300.0
784.1586273064622 42 25567.0 27651.0 300.0 300.0 44 44392.0 47233.0 300.0 300.0
798.7724099822389 46 25042.0 27813.0 300.0 300.0 27 43076.0 46144.0 300.0 300.0
887.3319645955132 59 24209.0 26697.0 300.0 300.0 28 42562.0 45295.0 300.0 300.0
313.69950457567285 18 33575.0 37081.0 300.0 300.0 48 51926.0 54784.0 300.0 300.0
56.31775771330827 49 38968.0 41319.0 300.0 300.0 30 54021.0 57165.0 300.0 300.0
273.3937685956367 23 20346.0 23435.0 300.0 300.0 29 38505.0 41090.0 300.0 300.0
120.04437130852963 42 51922.0 54989.0 300.0 300.0 51 70746.0 73715.0 300.0 300.0
922.5602212774335 20 34796.0 38077.0 300.0 300.0 40 55084.0 58233.0 300.0 300.0
210.1277487560278 12 53108.0 56512.0 300.0 300.0 37 69961.0 72797.0 300.0 300.0
579.1221035610772 31 22918.0 25164.0 300.0 300.0 52 37435.0 40969.0 300.0 300.0
212.25597539204298 52 52171.0 55666.0 300.0 300.0 29 68707.0 70881.0 300.0 300.0
441.49481695501294 28 52142.0 54351.0 300.0 300.0 20 69226.0 71293.0 300.0 300.0
127.47608983835957 27 44217.0 46505.0 300.0 300.0 54 60873.0 63118.0 300.0 300.0
57.58673786790525 22 40598.0 43059.0 300.0 300.0 52 57223.0 60090.0 300.0 300.0
616.2287428316062 33 51095.0 52952.0 300.0 300.0 60 65510.0 68684.0 300.0 300.0
980.8998902293755 39 21596.0 23715.0 300.0 300.0 28 36430.0 39826.0 300.0 300.0
402.5521648927981 44 44421.0 46439.0 300.0 300.0 39 64037.0 66057.0 300.0 300.0
564.0343927786404 35 37118.0 40268.0 300.0 300.0 12 53773.0 56511.0 300.0 300.0
602.8130766989797 54 40501.0 42606.0 300.0 300.0 51 54102.0 56035.0 300.0 300.0
605.1020091737224 55 20792.0 22875.0 300.0 300.0 43 37155.0 40630.0 300.0 300.0
468.28278971276126 60 18717.0 21533.0 300.0 300.0 27 35111.0 38404.0 300.0 300.0
559.6282325140841 56 49575.0 52142.0 300.0 300.0 31 68830.0 71982.0 300.0 300.0
283.9027486861375 56 42275.0 44761.0 300.0 300.0 25 61864.0 63722.0 300.0 300.0
510.4457807440299 31 22588.0 25883.0 300.0 300.0 22 37378.0 40677.0 300.0 300.0
21.085557572323555 55 24004.0 27542.0 300.0 300.0 30 44695.0 47221.0 300.0 300.0
911.2061065115279 49 18525.0 21406.0 300.0 300.0 16 35946.0 38477.0 300.0 300.0
809.1690630591918 40 42452.0 44763.0 300.0 300.0 58 58962.0 62003.0 300.0 300.0
5.186587893427075 22 24992.0 28481.0 300.0 300.0 50 39356.0 42735.0 300.0 300.0
861.3412856788214 40 37234.0 40828.0 300.0 300.0 42 57807.0 61148.0 300.0 300.0
599.151666306986 32 46153.0 49008.0 300.0 300.0 35 62582.0 66175.0 300.0 300.0
394.02618617601 21 37605.0 39993.0 300.0 300.0 28 54103.0 56592.0 300.0 300.0
730.6104989770948 15 45400.0 48307.0 300.0 300.0 56 63846.0 67271.0 300.0 300.0
525.7757343386863 37 30906.0 33053.0 300.0 300.0 17 48495.0 51957.0 300.0 300.0
503.75734787797643 39 22221.0 24341.0 300.0 300.0 20 40823.0 43534.0 300.0 300.0
578.9433765137396 10 51768.0 53659.0 300.0 300.0 22 69455.0 72520.0 300.0 300.0
641.9052842629079 26 26278.0 29426.0 300.0 300.0 21 45423.0 47798.0 300.0 300.0
565.4796179212714 43 39091.0 41482.0 300.0 300.0 33 56997.0 59008.0 300.0 300.0
878.9358500471092 10 28566.0 31587.0 300.0 300.0 19 42590.0 45593.0 300.0 300.0
582.1346256526375 36 37566.0 39535.0 300.0 300.0 28 51356.0 53668.0 300.0 300.0
315.1588223899756 58 23434.0 26342.0 300.0 300.0 46 38748.0 42076.0 300.0 300.0
19.585516639605395 18 48097.0 50790.0 300.0 300.0 19 68128.0 70875.0 300.0 300.0
29.36274157972363 42 38914.0 41384.0 300.0 300.0 58 54171.0 56907.0 300.0 300.0
788.3191982445715 42 34524.0 37848.0 300.0 300.0 28 48779.0 50742.0 300.0 300.0
163.461524834979 47 20972.0 24251.0 300.0 300.0 45 41361.0 43523.0 300.0 300.0
549.6589619008782 58 22594.0 25855.0 300.0 300.0 30 40355.0 42368.0 300.0 300.0
83.10951849220139 11 43603.0 46406.0 300.0 300.0 32 64163.0 66474.0 300.0 300.0
315.66174707064386 56 20730.0 23998.0 300.0 300.0 36 39601.0 43189.0 300.0 300.0
130.44218940077633 38 46769.0 49737.0 300.0 300.0 12 62661.0 65113.0 300.0 300.0
833.6500466175295 19 52689.0 54770.0 300.0 300.0 32 71508.0 74282.0 300.0 300.0
596.5529594551765 52 20553.0 22788.0 300.0 300.0 26 37949.0 41158.0 300.0 300.0
221.16392043864175 33 53096.0 56404.0 300.0 300.0 40 72396.0 74412.0 300.0 300.0
383.66739938132963 24 52995.0 55065.0 300.0 300.0 33 68122.0 70453.0 300.0 300.0
170.7910924877152 38 19916.0 22345.0 300.0 300.0 57 35198.0 38247.0 300.0 300.0
41.82330395205225 23 20404.0 22912.0 300.0 300.0 34 37603.0 41154.0 300.0 300.0
241.6938026312715 55 46381.0 48903.0 300.0 300.0 17 66008.0 68678.0 300.0 300.0
453.1864767358743 16 29731.0 32985.0 300.0 300.0 15 46228.0 49341.0 300.0 300.0
820.1150845435112 30 30490.0 33351.0 300.0 300.0 18 48116.0 50802.0 300.0 300.0
9.28030701479987 40 39213.0 41127.0 300.0 300.0 44 53417.0 56655.0 300.0 300.0
23.503628873123517 24 39994.0 42401.0 300.0 300.0 56 54170.0 56009.0 300.0 300.0
152.1056895154391 34 40145.0 42454.0 300.0 300.0 51 55022.0 57389.0 300.0 300.0
385.30814827889014 55 24444.0 27817.0 300.0 300.0 34 40095.0 42763.0 300.0 300.0
208.48256120246234 56 52467.0 55875.0 300.0 300.0 32 72900.0 75382.0 300.0 300.0
567.4999943380246 48 32242.0 34412.0 300.0 300.0 21 49772.0 51878.0 300.0 300.0
476.4266675077341 57 38971.0 42000.0 300.0 300.0 38 59316.0 62359.0 300.0 300.0
567.3992931628627 47 23379.0 26143.0 300.0 300.0 27 39692.0 41572.0 300.0 300.0
70.84245547815138 57 23369.0 25936.0 300.0 300.0 56 42124.0 44956.0 300.0 300.0
110.69526024899857 19 48294.0 51251.0 300.0 300.0 48 62798.0 65697.0 300.0 300.0
510.4857194740565 13 30200.0 33660.0 300.0 300.0 47 44518.0 46466.0 300.0 300.0
834.3285361479883 41 51560.0 54858.0 300.0 300.0 28 71367.0 73314.0 300.0 300.0
945.635226958009 33 36469.0 38697.0 300.0 300.0 59 56581.0 58845.0 300.0 300.0
876.1824398050603 16 38544.0 42013.0 300.0 300.0 55 58045.0 61294.0 300.0 300.0
162.18234459545167 41 30926.0 32881.0 300.0 300.0 42 46038.0 49199.0 300.0 300.0
2.724775545582925 19 34994.0 38353.0 300.0 300.0 21 49778.0 51822.0 300.0 300.0
538.2576326968973 25 36673.0 38951.0 300.0 300.0 18 53266.0 55217.0 300.0 300.0
54.640355345342726 37 50397.0 53850.0 300.0 300.0 48 68362.0 70807.0 300.0 300.0
318.7867196272259 44 36198.0 38534.0 300.0 300.0 18 49864.0 51898.0 300.0 300.0
392.2629092057338 47 18843.0 22240.0 300.0 300.0 43 33626.0 37126.0 300.0 300.0
365.6079173918798 58 33519.0 36672.0 300.0 300.0 43 50467.0 52667.0 300.0 300.0
29.78958219805905 35 26666.0 29230.0 300.0 300.0 21 43629.0 45724.0 300.0 300.0
749.4675154961401 23 24516.0 26978.0 300.0 300.0 11 40976.0 43720.0 300.0 300.0
96.759361899455 28 25194.0 27486.0 300.0 300.0 20 40308.0 42932.0 300.0 300.0
598.1853798349813 36 21332.0 24918.0 300.0 300.0 40 39578.0 42247.0 300.0 300.0
228.3840049663638 30 21864.0 25329.0 300.0 300.0 33 41892.0 44887.0 300.0 300.0
784.7827993434756 29 49267.0 51993.0 300.0 300.0 21 69195.0 71762.0 300.0 300.0
18.7038123499641 12 40676.0 42866.0 300.0 300.0 59 54759.0 57125.0 300.0 300.0
721.9846779103943 48 27449.0 30315.0 300.0 300.0 51 42507.0 44950.0 300.0 300.0
62.236650592864315 45 49590.0 52067.0 300.0 300.0 35 64749.0 67260.0 300.0 300.0
476.22888948816154 19 51937.0 54952.0 300.0 300.0 20 65798.0 68991.0 300.0 300.0
635.214442552227 53 52813.0 55201.0 300.0 300.0 33 72645.0 75783.0 300.0 300.0
985.4862840478258 45 25213.0 27224.0 300.0 300.0 47 39970.0 43325.0 300.0 300.0
235.44276819247722 36 48045.0 51035.0 300.0 300.0 46 65882.0 68241.0 300.0 300.0
580.5427056900901 37 44343.0 46802.0 300.0 300.0 16 60088.0 62048.0 300.0 300.0
3.442608209459408 53 49254.0 51080.0 300.0 300.0 54 63200.0 66393.0 300.0 300.0
598.0212831966783 22 31746.0 35310.0 300.0 300.0 41 51721.0 54717.0 300.0 300.0
214.37697447755855 36 40391.0 43952.0 300.0 300.0 39 60055.0 62124.0 300.0 300.0
323.8058227016727 58 31406.0 34527.0 300.0 300.0 21 50510.0 52940.0 300.0 300.0
272.24219273806295 41 23152.0 26124.0 300.0 300.0 58 38964.0 41703.0 300.0 300.0
115.51480148231875 57 32761.0 34624.0 300.0 300.0 53 48347.0 51395.0 300.0 300.0
901.2054355789618 15 20242.0 22445.0 300.0 300.0 56 38535.0 40994.0 300.0 300.0
479.49863595843766 24 19160.0 21494.0 300.0 300.0 36 39035.0 41319.0 300.0 300.0
944.4578960579094 42 38951.0 40915.0 300.0 300.0 52 55194.0 57350.0 300.0 300.0
388.08983700723866 43 29749.0 32892.0 300.0 300.0 29 47131.0 49945.0 300.0 300.0
513.5681386628722 57 30010.0 32004.0 300.0 300.0 55 43471.0 46840.0 300.0 300.0
842.5062382020058 25 38724.0 42317.0 300.0 300.0 55 53846.0 55889.0 300.0 300.0
330.47580013016307 12 53735.0 55921.0 300.0 300.0 42 73682.0 76003.0 300.0 300.0
851.2386478946908 18 40868.0 44188.0 300.0 300.0 25 58335.0 60560.0 300.0 300.0
353.75030505476815 60 45149.0 47741.0 300.0 300.0 48 65189.0 67008.0 300.0 300.0
697.6775412645935 38 43853.0 46559.0 300.0 300.0 17 63974.0 66828.0 300.0 300.0
48.7185373136596 55 44060.0 47056.0 300.0 300.0 16 59397.0 61532.0 300.0 300.0
818.2465473841642 33 33701.0 35920.0 300.0 300.0 14 48220.0 51621.0 300.0 300.0
550.0762235330538 47 50539.0 53471.0 300.0 300.0 26 66564.0 69905.0 300.0 300.0
366.8919527481869 38 23514.0 25751.0 300.0 300.0 29 40723.0 43636.0 300.0 300.0
62.556488600673646 23 32772.0 36327.0 300.0 300.0 13 53134.0 55429.0 300.0 300.0
776.2785955365556 17 21771.0 24275.0 300.0 300.0 37 39662.0 42490.0 300.0 300.0
971.4225227900586 23 36293.0 38253.0 300.0 300.0 51 54993.0 56878.0 300.0 300.0
372.6888986425874 40 19539.0 22023.0 300.0 300.0 32 33027.0 36229.0 300.0 300.0
595.6455970590673 44 48875.0 51997.0 300.0 300.0 15 68422.0 70704.0 300.0 300.0
502.0169126766341 44 53288.0 56548.0 300.0 300.0 55 72880.0 74924.0 300.0 300.0
352.66236277125387 24 33251.0 36473.0 300.0 300.0 30 54319.0 57845.0 300.0 300.0
179.3670989339259 17 40989.0 44559.0 300.0 300.0 46 59169.0 62508.0 300.0 300.0
338.99119501894626 56 49847.0 52343.0 300.0 300.0 38 69690.0 71907.0 300.0 300.0
94.9624590800212 58 36119.0 39545.0 300.0 300.0 30 52394.0 54256.0 300.0 300.0
224.51568577627424 13 25205.0 28384.0 300.0 300.0 28 45583.0 47549.0 300.0 300.0
864.0623963310957 12 41242.0 44422.0 300.0 300.0 18 59271.0 61929.0 300.0 300.0
653.0766951747188 22 38090.0 41076.0 300.0 300.0 45 52557.0 55176.0 300.0 300.0
777.4919465431036 57 25249.0 28054.0 300.0 300.0 33 45708.0 49080.0 300.0 300.0
515.6951391630324 59 19608.0 23000.0 300.0 300.0 29 38309.0 40240.0 300.0 300.0
430.66372257389105 53 27116.0 29348.0 300.0 300.0 15 41355.0 44646.0 300.0 300.0
977.1845361070768 34 39294.0 42004.0 300.0 300.0 57 57216.0 60717.0 300.0 300.0
530.4870272757561 15 48296.0 51704.0 300.0 300.0 10 66692.0 68817.0 300.0 300.0
688.4009976169843 22 39082.0 42137.0 300.0 300.0 15 57340.0 60360.0 300.0 300.0
808.5296661331017 29 37507.0 40616.0 300.0 300.0 10 57812.0 60016.0 300.0 300.0
385.57645812415086 59 44530.0 47742.0 300.0 300.0 26 59790.0 63270.0 300.0 300.0
321.8292377435924 41 52689.0 56036.0 300.0 300.0 33 67895.0 70752.0 300.0 300.0
980.1325961266292 33 40491.0 43388.0 300.0 300.0 59 57050.0 60187.0 300.0 300.0
875.8179534699592 32 26029.0 28831.0 300.0 300.0 11 43236.0 45939.0 300.0 300.0
176.4887060969429 12 45756.0 48800.0 300.0 300.0 24 66182.0 68665.0 300.0 300.0
842.2815219492464 33 49117.0 51316.0 300.0 300.0 18 62385.0 65274.0 300.0 300.0
755.4480625146077 15 20639.0 22558.0 300.0 300.0 41 34265.0 37477.0 300.0 300.0
113.8434702964386 25 32082.0 35349.0 300.0 300.0 26 51070.0 53217.0 300.0 300.0
544.9370045685815 32 24160.0 26470.0 300.0 300.0 55 43052.0 46595.0 300.0 300.0
289.25237603589613 54 51694.0 55231.0 300.0 300.0 21 68074.0 70557.0 300.0 300.0
120.71767614624729 52 35873.0 39133.0 300.0 300.0 47 54019.0 56789.0 300.0 300.0
734.2306431557399 28 23555.0 25939.0 300.0 300.0 29 42129.0 44085.0 300.0 300.0
774.1154413965713 44 46411.0 48486.0 300.0 300.0 14 61002.0 63995.0 300.0 300.0
833.666691206415 20 20013.0 22659.0 300.0 300.0 17 39924.0 42101.0 300.0 300.0
823.0808697215804 45 22911.0 25901.0 300.0 300.0 14 43764.0 46509.0 300.0 300.0
324.7283054313862 55 42003.0 43875.0 300.0 300.0 33 58056.0 60213.0 300.0 300.0
982.7120440885833 29 45389.0 48155.0 300.0 300.0 35 60509.0 62878.0 300.0 300.0
968.6428454589541 47 35855.0 39069.0 300.0 300.0 54 51680.0 53950.0 300.0 300.0
41.73061788783028 18 52177.0 54966.0 300.0 300.0 39 66437.0 68349.0 300.0 300.0
232.4064414487711 47 25716.0 28881.0 300.0 300.0 39 46440.0 48776.0 300.0 300.0
286.7532832281229 17 37336.0 40648.0 300.0 300.0 18 53031.0 55416.0 300.0 300.0
970.9027533753851 47 37799.0 39665.0 300.0 300.0 25 55314.0 58477.0 300.0 300.0
985.3127479672547 49 20728.0 24148.0 300.0 300.0 19 36869.0 38671.0 300.0 300.0
44.55606188123473 21 39467.0 41279.0 300.0 300.0 12 53852.0 57365.0 300.0 300.0
274.6285147416262 52 28632.0 31709.0 300.0 300.0 53 42525.0 45621.0 300.0 300.0
206.81783436080326 28 46313.0 48920.0 300.0 300.0 60 60872.0 64456.0 300.0 300.0
233.64253295551651 17 27556.0 30539.0 300.0 300.0 53 44380.0 47448.0 300.0 300.0
637.9644976035264 18 22049.0 24072.0 300.0 300.0 56 39162.0 42103.0 300.0 300.0
952.7344607098395 42 20521.0 23062.0 300.0 300.0 48 38482.0 41163.0 300.0 300.0
984.7205742270477 29 36150.0 39024.0 300.0 300.0 56 51887.0 55139.0 300.0 300.0
505.10414760291064 55 21608.0 24372.0 300.0 300.0 29 38694.0 41497.0 300.0 300.0
346.3405744021162 33 53830.0 57315.0 300.0 300.0 43 70156.0 73193.0 300.0 300.0
796.719331281841 40 45129.0 47599.0 300.0 300.0 19 63621.0 65920.0 300.0 300.0
93.5879367944844 26 39942.0 42439.0 300.0 300.0 53 53679.0 56720.0 300.0 300.0
993.0132842863177 55 32322.0 34556.0 300.0 300.0 21 46034.0 48779.0 300.0 300.0
843.5151974788871 36 22631.0 24510.0 300.0 300.0 21 40451.0 43962.0 300.0 300.0
239.5944539808874 33 40983.0 43312.0 300.0 300.0 59 55203.0 58698.0 300.0 300.0
75.42930145179172 10 44888.0 48186.0 300.0 300.0 15 63218.0 65666.0 300.0 300.0
594.8868735139686 17 51779.0 54694.0 300.0 300.0 13 71553.0 75045.0 300.0 300.0
356.6447696232422 37 31109.0 33866.0 300.0 300.0 60 47428.0 50237.0 300.0 300.0
843.0210878145434 18 32991.0 35332.0 300.0 300.0 26 52961.0 56115.0 300.0 300.0
654.6882914968766 32 21262.0 23072.0 300.0 300.0 49 33919.0 36930.0 300.0 300.0
257.97802870223705 59 40763.0 43995.0 300.0 300.0 30 61351.0 64735.0 300.0 300.0
808.9961895684471 23 42639.0 46207.0 300.0 300.0 48 60225.0 63564.0 300.0 300.0
531.8687461059565 23 36493.0 38405.0 300.0 300.0 30 53473.0 55742.0 300.0 300.0
592.6944291531238 18 45184.0 48050.0 300.0 300.0 52 60530.0 63814.0 300.0 300.0
282.59863399236764 30 34100.0 36807.0 300.0 300.0 19 53233.0 55227.0 300.0 300.0
445.9940747804939 13 49327.0 52770.0 300.0 300.0 28 64780.0 67462.0 300.0 300.0
624.6805027787071 28 29469.0 32738.0 300.0 300.0 37 48169.0 50219.0 300.0 300.0
548.6770064139563 25 28714.0 30830.0 300.0 300.0 12 45661.0 47894.0 300.0 300.0
761.6656275737611 20 47580.0 50949.0 300.0 300.0 19 66823.0 69804.0 300.0 300.0
421.06171642652777 44 25330.0 27563.0 300.0 300.0 29 39764.0 42838.0 300.0 300.0
963.9699202160982 51 27388.0 30354.0 300.0 300.0 39 41455.0 44065.0 300.0 300.0
311.080134733729 18 27794.0 31161.0 300.0 300.0 22 43221.0 45220.0 300.0 300.0
390.5715062664572 19 51577.0 55124.0 300.0 300.0 25 66356.0 69381.0 300.0 300.0
709.390039063665 24 21082.0 23017.0 300.0 300.0 13 35255.0 37633.0 300.0 300.0
240.31318925960775 34 47430.0 49762.0 300.0 300.0 11 61929.0 63779.0 300.0 300.0
13.894735362423694 60 26885.0 28887.0 300.0 300.0 43 40658.0 43128.0 300.0 300.0
655.8932210587126 10 19184.0 21848.0 300.0 300.0 18 39723.0 41983.0 300.0 300.0
578.1188545155618 14 27279.0 29184.0 300.0 300.0 20 40169.0 42416.0 300.0 300.0
612.989156137244 45 30946.0 32959.0 300.0 300.0 39 50169.0 53313.0 300.0 300.0
672.449361745796 29 22432.0 24711.0 300.0 300.0 58 37331.0 40892.0 300.0 300.0
904.6182360354272 23 23241.0 26421.0 300.0 300.0 25 41612.0 43928.0 300.0 300.0
670.5177799162369 46 39678.0 42544.0 300.0 300.0 10 60538.0 63209.0 300.0 300.0
957.4588439986263 53 29012.0 32107.0 300.0 300.0 42 46065.0 48936.0 300.0 300.0
561.578845009258 17 53303.0 55817.0 300.0 300.0 32 72240.0 75024.0 300.0 300.0
7.480102815176748 13 43076.0 46071.0 300.0 300.0 10 63851.0 66859.0 300.0 300.0
559.6045672490145 59 26752.0 29742.0 300.0 300.0 11 44969.0 46998.0 300.0 300.0
516.2657225471435 35 29828.0 31664.0 300.0 300.0 55 46517.0 49302.0 300.0 300.0
616.315722049158 36 19395.0 22676.0 300.0 300.0 53 38086.0 41603.0 300.0 300.0
260.66000895852994 16 24098.0 26140.0 300.0 300.0 18 43715.0 46037.0 300.0 300.0
393.24092995650705 17 50201.0 52943.0 300.0 300.0 43 65634.0 68397.0 300.0 300.0
394.97604322166535 52 30460.0 32928.0 300.0 300.0 58 47654.0 49915.0 300.0 300.0
161.22641873875543 46 41413.0 43521.0 300.0 300.0 48 56392.0 58473.0 300.0 300.0
819.5252875100344 49 39560.0 43020.0 300.0 300.0 26 59809.0 62161.0 300.0 300.0
988.0971072002744 41 21063.0 23462.0 300.0 300.0 60 35205.0 38581.0 300.0 300.0
228.56845185693743 11 45047.0 47808.0 300.0 300.0 41 63726.0 66658.0 300.0 300.0
869.2406982996533 54 37537.0 40065.0 300.0 300.0 52 51860.0 54401.0 300.0 300.0
326.2393953792818 32 41904.0 43914.0 300.0 300.0 35 61549.0 64524.0 300.0 300.0
433.97806193739586 28 19868.0 23022.0 300.0 300.0 21 39880.0 42110.0 300.0 300.0
446.22104412696996 48 45111.0 47049.0 300.0 300.0 47 61760.0 64128.0 300.0 300.0
914.2990960043586 53 46339.0 49561.0 300.0 300.0 39 65599.0 67798.0 300.0 300.0
479.99201978052173 45 29006.0 31569.0 300.0 300.0 39 43156.0 45645.0 300.0 300.0
942.8558138127139 45 43771.0 47150.0 300.0 300.0 16 63418.0 65357.0 300.0 300.0
883.7325032854628 53 48970.0 52470.0 300.0 300.0 23 70246.0 72237.0 300.0 300.0
814.3700189455818 33 25720.0 29318.0 300.0 300.0 21 44158.0 47162.0 300.0 300.0
104.26251601682989 24 24485.0 27572.0 300.0 300.0 42 40451.0 43926.0 300.0 300.0
318.5541109515632 59 27047.0 29206.0 300.0 300.0 36 42092.0 44071.0 300.0 300.0
32.85386211019281 32 32527.0 35377.0 300.0 300.0 16 52456.0 54524.0 300.0 300.0
462.3644631214052 53 25044.0 27645.0 300.0 300.0 42 44287.0 46773.0 300.0 300.0
789.943177386098 60 48914.0 51045.0 300.0 300.0 26 66377.0 68309.0 300.0 300.0
33.38268611915907 44 29596.0 31441.0 300.0 300.0 52 47936.0 51152.0 300.0 300.0
975.5957365986319 23 38823.0 40906.0 300.0 300.0 53 56161.0 59394.0 300.0 300.0
312.2030518331079 53 49834.0 52745.0 300.0 300.0 56 68687.0 70792.0 300.0 300.0
436.3136903204157 52 36345.0 38513.0 300.0 300.0 49 54425.0 57369.0 300.0 300.0
477.1207191450967 10 21271.0 24237.0 300.0 300.0 59 35339.0 37997.0 300.0 300.0
29.115568082081154 22 46747.0 50291.0 300.0 300.0 40 63415.0 66548.0 300.0 300.0
625.7667929324291 24 23492.0 26295.0 300.0 300.0 16 41942.0 44392.0 300.0 300.0
973.7713909027448 34 48001.0 50975.0 300.0 300.0 58 64885.0 67998.0 300.0 300.0
491.59979915771225 30 39883.0 42869.0 300.0 300.0 41 57004.0 59624.0 300.0 300.0
323.0779349267552 33 24190.0 26478.0 300.0 300.0 20 42655.0 46146.0 300.0 300.0
93.68872352004043 20 38508.0 41524.0 300.0 300.0 46 57406.0 59406.0 300.0 300.0
232.88681638479892 50 28295.0 30380.0 300.0 300.0 21 41307.0 43962.0 300.0 300.0
820.739119003946 60 23630.0 25668.0 300.0 300.0 53 40245.0 43321.0 300.0 300.0
946.4205453431991 40 41653.0 43789.0 300.0 300.0 39 55433.0 58361.0 300.0 300.0
18.921603431985567 17 48428.0 51932.0 300.0 300.0 56 69642.0 72160.0 300.0 300.0
323.7674229150456 56 21551.0 24036.0 300.0 300.0 35 38325.0 41600.0 300.0 300.0
591.236234164808 50 38506.0 41965.0 300.0 300.0 14 59853.0 63289.0 300.0 300.0
934.2470277688 14 50989.0 53592.0 300.0 300.0 35 69687.0 72298.0 300.0 300.0
596.741832750578 22 25613.0 27455.0 300.0 300.0 58 42526.0 44488.0 300.0 300.0
7.876840980120314 42 28832.0 32429.0 300.0 300.0 50 47179.0 49356.0 300.0 300.0
393.21941342114474 15 33888.0 35881.0 300.0 300.0 33 52191.0 55577.0 300.0 300.0
218.1074343042291 47 20425.0 22463.0 300.0 300.0 11 33875.0 36689.0 300.0 300.0
638.327361773852 35 26388.0 28301.0 300.0 300.0 29 41568.0 43957.0 300.0 300.0
381.37080042152326 35 49262.0 52355.0 300.0 300.0 31 64687.0 67289.0 300.0 300.0
953.0180473400628 53 37041.0 39858.0 300.0 300.0 40 53742.0 55780.0 300.0 300.0
734.2156345528373 20 33409.0 36225.0 300.0 300.0 37 48321.0 50356.0 300.0 300.0
367.273704774709 46 36673.0 38501.0 300.0 300.0 41 53653.0 56566.0 300.0 300.0
744.6753525272288 42 27010.0 29032.0 300.0 300.0 60 42165.0 44179.0 300.0 300.0
781.8099058618945 32 35690.0 39053.0 300.0 300.0 10 52042.0 54105.0 300.0 300.0
174.1924970656834 59 53082.0 56387.0 300.0 300.0 36 68295.0 70925.0 300.0 300.0
669.3882896575163 26 45531.0 48794.0 300.0 300.0 30 65539.0 67871.0 300.0 300.0
807.4462806614879 51 49821.0 52893.0 300.0 300.0 28 64583.0 67419.0 300.0 300.0
544.2554166503791 21 33094.0 35101.0 300.0 300.0 54 48983.0 52431.0 300.0 300.0
371.71225122502483 47 38292.0 40869.0 300.0 300.0 17 55766.0 58534.0 300.0 300.0
395.8306153805978 39 35280.0 37589.0 300.0 300.0 51 51534.0 54405.0 300.0 300.0
371.2138567376296 10 49532.0 53011.0 300.0 300.0 25 65803.0 68197.0 300.0 300.0
220.33031648281187 59 32217.0 35683.0 300.0 300.0 32 49856.0 53012.0 300.0 300.0
45.96918229963387 42 19079.0 22079.0 300.0 300.0 25 37337.0 39878.0 300.0 300.0
8.141827484803743 37 40926.0 44074.0 300.0 300.0 58 58253.0 60633.0 300.0 300.0
343.9298237039059 51 47451.0 50351.0 300.0 300.0 17 61512.0 63931.0 300.0 300.0
431.4204095114736 59 38624.0 41688.0 300.0 300.0 29 58663.0 61570.0 300.0 300.0
569.1701096637354 13 19445.0 22165.0 300.0 300.0 55 35266.0 37839.0 300.0 300.0
10.933819564936664 38 30648.0 32620.0 300.0 300.0 52 46111.0 48041.0 300.0 300.0
371.29856658339975 50 43805.0 46127.0 300.0 300.0 15 58412.0 61117.0 300.0 300.0
568.3425896764761 49 53644.0 56006.0 300.0 300.0 26 69097.0 71217.0 300.0 300.0
590.2976597001953 47 20954.0 23945.0 300.0 300.0 50 41249.0 44595.0 300.0 300.0
243.98488464690593 59 36891.0 39860.0 300.0 300.0 28 53545.0 55653.0 300.0 300.0
519.1881511954424 21 26647.0 29848.0 300.0 300.0 41 46366.0 48260.0 300.0 300.0
594.309205340489 41 36127.0 39094.0 300.0 300.0 27 56599.0 59418.0 300.0 300.0
731.1782931614977 43 24370.0 26962.0 300.0 300.0 57 37798.0 41369.0 300.0 300.0
200.2152023054641 14 24388.0 27063.0 300.0 300.0 29 39445.0 42871.0 300.0 300.0
309.58052708655146 30 51674.0 53928.0 300.0 300.0 44 67365.0 70266.0 300.0 300.0
599.9529873365485 53 50770.0 52626.0 300.0 300.0 39 69328.0 71161.0 300.0 300.0
173.42803739014266 46 48006.0 50447.0 300.0 300.0 23 66829.0 69015.0 300.0 300.0
99.4921129576991 13 52983.0 56186.0 300.0 300.0 30 68667.0 70900.0 300.0 300.0
999.4353336401911 45 44357.0 47498.0 300.0 300.0 15 59689.0 62820.0 300.0 300.0
360.3826106986299 15 33548.0 35598.0 300.0 300.0 46 49312.0 52795.0 300.0 300.0
776.1380260126526 30 32882.0 36169.0 300.0 300.0 40 53217.0 55403.0 300.0 300.0
480.4418126659216 53 23628.0 26363.0 300.0 300.0 46 39298.0 41323.0 300.0 300.0
297.50452661357826 41 51597.0 53590.0 300.0 300.0 32 70379.0 73680.0 300.0 300.0
285.83943408492195 25 30168.0 32157.0 300.0 300.0 46 43390.0 46171.0 300.0 300.0
404.20094959401365 14 33987.0 37097.0 300.0 300.0 42 49635.0 52323.0 300.0 300.0
573.4203380441953 10 49274.0 51689.0 300.0 300.0 30 64401.0 67007.0 300.0 300.0
738.5501652332769 42 53821.0 57038.0 300.0 300.0 49 74257.0 76848.0 300.0 300.0
267.8784849506435 49 37766.0 40612.0 300.0 300.0 32 57282.0 59108.0 300.0 300.0
405.9685192837135 30 36126.0 38040.0 300.0 300.0 20 55719.0 57994.0 300.0 300.0
687.5236190726156 21 32584.0 35064.0 300.0 300.0 52 53056.0 55112.0 300.0 300.0
677.5810398477569 57 43970.0 45843.0 300.0 300.0 33 57035.0 60222.0 300.0 300.0
2.097473480041856 56 39226.0 42736.0 300.0 300.0 10 57540.0 59474.0 300.0 300.0
656.4694440319121 41 21799.0 23843.0 300.0 300.0 48 38776.0 41947.0 300.0 300.0
282.9928103931071 36 43503.0 46932.0 300.0 300.0 25 58297.0 60663.0 300.0 300.0
328.63837211787273 35 19321.0 21734.0 300.0 300.0 44 34987.0 37685.0 300.0 300.0
416.28990670950725 18 27523.0 30192.0 300.0 300.0 59 47751.0 50022.0 300.0 300.0
278.7058197955562 23 37448.0 39553.0 300.0 300.0 57 53735.0 56484.0 300.0 300.0
307.59762033298756 32 51696.0 53749.0 300.0 300.0 50 69261.0 71209.0 300.0 300.0
453.32452746507204 17 27349.0 30918.0 300.0 300.0 49 43537.0 46271.0 300.0 300.0
849.499121822826 29 50425.0 52289.0 300.0 300.0 27 70067.0 72855.0 300.0 300.0
70.58574458565514 38 49172.0 51635.0 300.0 300.0 37 63814.0 66454.0 300.0 300.0
751.5568818731476 25 37710.0 41031.0 300.0 300.0 30 54766.0 57861.0 300.0 300.0
203.68303310820835 50 46063.0 49620.0 300.0 300.0 41 66230.0 69078.0 300.0 300.0
612.8028554553354 16 51647.0 55154.0 300.0 300.0 41 72444.0 75316.0 300.0 300.0
798.8383663915943 19 25623.0 29023.0 300.0 300.0 13 41046.0 44224.0 300.0 300.0
220.28253847664715 26 50426.0 53019.0 300.0 300.0 56 68754.0 72134.0 300.0 300.0
242.20195770672592 42 26305.0 28910.0 300.0 300.0 16 43627.0 45998.0 300.0 300.0
516.7577774136489 43 19229.0 21106.0 300.0 300.0 12 37557.0 41144.0 300.0 300.0
873.7967367350957 55 26310.0 28426.0 300.0 300.0 51 41785.0 45304.0 300.0 300.0
637.7090600046901 19 48987.0 50878.0 300.0 300.0 59 64598.0 66467.0 300.0 300.0
598.6271618905612 27 42432.0 45790.0 300.0 300.0 57 59576.0 61769.0 300.0 300.0
873.2870225300293 17 47443.0 49450.0 300.0 300.0 26 64774.0 67892.0 300.0 300.0
490.223363622738 21 51918.0 54725.0 300.0 300.0 50 72130.0 75123.0 300.0 300.0
975.1977420793362 51 32845.0 35315.0 300.0 300.0 31 48385.0 51894.0 300.0 300.0
778.9354038653203 59 52638.0 55193.0 300.0 300.0 11 72960.0 76181.0 300.0 300.0
371.39337501926605 12 38931.0 42513.0 300.0 300.0 57 58810.0 61937.0 300.0 300.0
109.39183327264502 46 29493.0 32918.0 300.0 300.0 43 50203.0 53310.0 300.0 300.0
151.98109795047222 14 43922.0 46531.0 300.0 300.0 15 62146.0 65078.0 300.0 300.0
416.2322246255814 29 24850.0 28313.0 300.0 300.0 18 42713.0 44576.0 300.0 300.0
86.43372706235908 18 27088.0 29150.0 300.0 300.0 17 44003.0 46855.0 300.0 300.0
166.4272224378749 49 47481.0 50147.0 300.0 300.0 22 66029.0 68713.0 300.0 300.0
972.8398289381524 48 36101.0 38476.0 300.0 300.0 46 51589.0 54379.0 300.0 300.0
246.50241151432107 41 34693.0 37578.0 300.0 300.0 40 54157.0 57757.0 300.0 300.0
711.7914127897253 32 20825.0 22690.0 300.0 300.0 14 35102.0 37922.0 300.0 300.0
114.44713484905544 18 39617.0 41597.0 300.0 300.0 60 55712.0 57967.0 300.0 300.0
157.18073722284265 47 53370.0 55386.0 300.0 300.0 42 70858.0 74242.0 300.0 300.0
404.0562364901364 43 24482.0 26369.0 300.0 300.0 25 42970.0 44817.0 300.0 300.0
899.6344094639727 42 28920.0 31778.0 300.0 300.0 16 48623.0 50440.0 300.0 300.0
363.3341407577682 11 34524.0 37758.0 300.0 300.0 43 54041.0 57349.0 300.0 300.0
170.9111053543675 33 18890.0 21775.0 300.0 300.0 37 36700.0 38742.0 300.0 300.0
962.1776989252502 51 46500.0 49353.0 300.0 300.0 13 66149.0 69468.0 300.0 300.0
364.04952729407916 24 29059.0 32539.0 300.0 300.0 28 46688.0 48833.0 300.0 300.0
336.00941619861845 42 35654.0 37863.0 300.0 300.0 13 55169.0 57702.0 300.0 300.0
698.4812304678135 34 33150.0 34964.0 300.0 300.0 47 48074.0 50394.0 300.0 300.0
293.89529303841147 33 40004.0 42089.0 300.0 300.0 35 54989.0 57680.0 300.0 300.0
135.19368550159695 44 31446.0 33637.0 300.0 300.0 39 46923.0 49482.0 300.0 300.0
748.8666323146566 57 25808.0 27815.0 300.0 300.0 52 42638.0 45447.0 300.0 300.0
187.1934281450731 23 38033.0 40001.0 300.0 300.0 28 53387.0 55767.0 300.0 300.0
195.96045819691943 13 25494.0 28599.0 300.0 300.0 23 42712.0 45423.0 300.0 300.0
57.205370574812456 35 32534.0 34936.0 300.0 300.0 37 52119.0 55185.0 300.0 300.0
325.5639345532223 59 30018.0 33310.0 300.0 300.0 40 50941.0 54189.0 300.0 300.0
959.3528515394818 45 53281.0 56049.0 300.0 300.0 37 68488.0 70790.0 300.0 300.0
806.0320979640675 30 21694.0 25206.0 300.0 300.0 59 40256.0 42999.0 300.0 300.0
295.4706198504439 32 36961.0 39987.0 300.0 300.0 14 53319.0 55225.0 300.0 300.0
474.6613688302943 55 31889.0 34385.0 300.0 300.0 14 51201.0 53748.0 300.0 300.0
920.061028241798 59 40268.0 42435.0 300.0 300.0 20 58586.0 60951.0 300.0 300.0
148.7302468464452 44 48526.0 51818.0 300.0 300.0 39 68524.0 72091.0 300.0 300.0
260.4396809566408 38 41190.0 43765.0 300.0 300.0 47 59003.0 62428.0 300.0 300.0
1.6295091370395198 56 37826.0 41048.0 300.0 300.0 43 53063.0 56002.0 300.0 300.0
889.4307213907615 47 39362.0 42322.0 300.0 300.0 23 55079.0 58194.0 300.0 300.0
670.6355443088681 22 25052.0 27882.0 300.0 300.0 19 41433.0 43439.0 300.0 300.0
965.541941363766 10 36612.0 39405.0 300.0 300.0 35 54903.0 58356.0 300.0 300.0
684.5446580047741 23 28633.0 31813.0 300.0 300.0 36 49479.0 51342.0 300.0 300.0
57.72650470364993 51 45376.0 48796.0 300.0 300.0 23 62816.0 66122.0 300.0 300.0
367.47590874971314 26 48908.0 52357.0 300.0 300.0 44 65331.0 68782.0 300.0 300.0
415.84817484972 58 19073.0 21990.0 300.0 300.0 18 37859.0 40862.0 300.0 300.0
520.3249800099968 34 53030.0 55834.0 300.0 300.0 17 72764.0 75952.0 300.0 300.0
0.41223895037456604 25 26709.0 30299.0 300.0 300.0 20 47427.0 49996.0 300.0 300.0
68.65481384202931 20 33210.0 36120.0 300.0 300.0 33 48519.0 50942.0 300.0 300.0
171.98103032692603 32 45782.0 48691.0 300.0 300.0 48 62290.0 65263.0 300.0 300.0
644.6506467173938 39 34468.0 37113.0 300.0 300.0 28 49271.0 51431.0 300.0 300.0
97.31331743047933 35 29732.0 32684.0 300.0 300.0 29 43563.0 47090.0 300.0 300.0
124.94093886412605 47 26237.0 29186.0 300.0 300.0 39 40869.0 43121.0 300.0 300.0
750.3759501172483 21 19498.0 21651.0 300.0 300.0 51 33802.0 36957.0 300.0 300.0
343.7504877012174 21 41411.0 44002.0 300.0 300.0 11 57910.0 60152.0 300.0 300.0
76.07803573011007 45 24857.0 27439.0 300.0 300.0 49 41107.0 44515.0 300.0 300.0
144.55185049002517 37 36347.0 38445.0 300.0 300.0 27 53491.0 55638.0 300.0 300.0
6.346288172217052 11 47647.0 50338.0 300.0 300.0 36 68325.0 71801.0 300.0 300.0
210.02660916481076 43 23860.0 27202.0 300.0 300.0 37 43723.0 46540.0 300.0 300.0
744.848736435623 29 52408.0 54929.0 300.0 300.0 20 67290.0 69778.0 300.0 300.0
541.0290973219518 44 45716.0 47797.0 300.0 300.0 38 64803.0 67353.0 300.0 300.0
100.50834862246738 21 24712.0 26936.0 300.0 300.0 25 42006.0 45019.0 300.0 300.0
346.0274211302674 17 41413.0 43854.0 300.0 300.0 29 57955.0 60386.0 300.0 300.0
792.5304362362955 29 39041.0 42519.0 300.0 300.0 44 59569.0 61974.0 300.0 300.0
493.21609722420243 16 29350.0 32542.0 300.0 300.0 13 44744.0 48086.0 300.0 300.0
71.97286148383053 36 51763.0 55249.0 300.0 300.0 48 73017.0 74971.0 300.0 300.0
592.5686552069013 20 24510.0 26766.0 300.0 300.0 51 44252.0 46601.0 300.0 300.0
817.2709112398497 56 22930.0 25041.0 300.0 300.0 27 36087.0 37922.0 300.0 300.0
473.3139331962657 56 52715.0 55483.0 300.0 300.0 54 67053.0 69022.0 300.0 300.0
433.31190146981635 60 25380.0 27516.0 300.0 300.0 39 43183.0 46046.0 300.0 300.0
46.84095954513457 37 40813.0 43802.0 300.0 300.0 49 56855.0 60419.0 300.0 300.0
494.74263512433214 54 48256.0 51053.0 300.0 300.0 30 65523.0 68485.0 300.0 300.0
773.4048232947102 41 29959.0 32838.0 300.0 300.0 43 49490.0 52634.0 300.0 300.0
562.6611445046915 16 51555.0 54016.0 300.0 300.0 47 67167.0 68983.0 300.0 300.0
645.1318386659633 59 34735.0 36978.0 300.0 300.0 17 53377.0 55786.0 300.0 300.0
17.543951190840733 39 30800.0 33683.0 300.0 300.0 14 48615.0 52173.0 300.0 300.0
453.9962395946409 20 41306.0 44871.0 300.0 300.0 43 60071.0 63225.0 300.0 300.0
997.4190288837649 43 20275.0 23605.0 300.0 300.0 32 37731.0 40108.0 300.0 300.0
312.32861639051646 15 26198.0 29628.0 300.0 300.0 54 41450.0 45012.0 300.0 300.0
625.5129382486888 42 36510.0 38740.0 300.0 300.0 14 53708.0 56749.0 300.0 300.0
850.0535198139662 26 48626.0 50634.0 300.0 300.0 36 62720.0 65365.0 300.0 300.0
31.85626294255739 36 33546.0 36323.0 300.0 300.0 24 47574.0 50520.0 300.0 300.0
126.65823181767666 48 18537.0 21144.0 300.0 300.0 19 35379.0 37312.0 300.0 300.0
203.9745238076356 36 41885.0 44875.0 300.0 300.0 31 61433.0 63715.0 300.0 300.0
200.65279490877674 59 44505.0 47070.0 300.0 300.0 16 62307.0 65002.0 300.0 300.0
287.55042371388384 25 21526.0 24624.0 300.0 300.0 27 41877.0 45308.0 300.0 300.0
113.15883749521649 58 35239.0 38256.0 300.0 300.0 37 54248.0 57096.0 300.0 300.0
552.9173605035915 52 38887.0 41419.0 300.0 300.0 26 55381.0 57796.0 300.0 300.0
117.7991913892662 48 22325.0 24248.0 300.0 300.0 42 40201.0 42826.0 300.0 300.0
160.91180682490858 58 20207.0 22713.0 300.0 300.0 17 39957.0 42682.0 300.0 300.0
663.1669681711988 37 28833.0 32411.0 300.0 300.0 53 47968.0 51318.0 300.0 300.0
24.8240035154067 14 43795.0 46521.0 300.0 300.0 33 64492.0 67816.0 300.0 300.0
478.12067264553934 32 34953.0 37391.0 300.0 300.0 10 49964.0 53468.0 300.0 300.0
256.1687830590974 33 51776.0 55228.0 300.0 300.0 52 70780.0 73257.0 300.0 300.0
179.64336696602857 32 50747.0 54086.0 300.0 300.0 13 66428.0 68650.0 300.0 300.0
792.3545476271926 53 29016.0 32032.0 300.0 300.0 16 49904.0 53470.0 300.0 300.0
908.0610888629839 35 21539.0 24495.0 300.0 300.0 30 36218.0 38201.0 300.0 300.0
85.03188854015542 38 29272.0 31770.0 300.0 300.0 37 43191.0 45392.0 300.0 300.0
369.44964841345984 21 50332.0 52509.0 300.0 300.0 44 68577.0 71419.0 300.0 300.0
39.30967041941247 24 39353.0 42895.0 300.0 300.0 30 55373.0 58627.0 300.0 300.0
338.86015429263904 32 49780.0 53119.0 300.0 300.0 12 64764.0 66832.0 300.0 300.0
455.8576456363227 54 20625.0 22682.0 300.0 300.0 41 40412.0 43297.0 300.0 300.0
643.7267402729141 10 52500.0 55997.0 300.0 300.0 52 67092.0 69554.0 300.0 300.0
869.2768587568428 16 23562.0 25753.0 300.0 300.0 37 42058.0 44604.0 300.0 300.0
132.0223292581566 16 40675.0 44252.0 300.0 300.0 13 56019.0 58728.0 300.0 300.0
85.48514399197882 19 21390.0 23258.0 300.0 300.0 50 35703.0 38787.0 300.0 300.0
346.31529787954787 48 26554.0 28954.0 300.0 300.0 17 41158.0 43039.0 300.0 300.0
696.0888797247844 50 52260.0 54366.0 300.0 300.0 45 67548.0 70849.0 300.0 300.0
19.140743711256626 14 34369.0 36591.0 300.0 300.0 51 51522.0 54720.0 300.0 300.0
46.01891743005504 45 24700.0 27245.0 300.0 300.0 34 40690.0 43238.0 300.0 300.0
7.697444927298069 28 47811.0 50176.0 300.0 300.0 53 63289.0 66758.0 300.0 300.0
318.7010330158625 39 32350.0 35089.0 300.0 300.0 42 49367.0 51954.0 300.0 300.0
561.8558974560384 12 23124.0 25946.0 300.0 300.0 22 42971.0 45219.0 300.0 300.0
706.684477332846 23 24958.0 27365.0 300.0 300.0 21 39510.0 42746.0 300.0 300.0
518.2281288632163 46 40451.0 42393.0 300.0 300.0 20 57806.0 59931.0 300.0 300.0
790.3198579131893 45 30081.0 32695.0 300.0 300.0 17 43951.0 46183.0 300.0 300.0
18.39347397103397 15 24774.0 27942.0 300.0 300.0 14 40161.0 42142.0 300.0 300.0
847.4832679311959 13 40722.0 43439.0 300.0 300.0 43 61165.0 63621.0 300.0 300.0
29.463489840098724 50 18839.0 21563.0 300.0 300.0 54 36733.0 39828.0 300.0 300.0
567.592522788598 39 31734.0 34624.0 300.0 300.0 32 50162.0 52871.0 300.0 300.0
402.5392878167052 33 25212.0 28805.0 300.0 300.0 48 44702.0 47879.0 300.0 300.0
606.7263087645514 59 24011.0 26291.0 300.0 300.0 47 41662.0 44088.0 300.0 300.0
526.1824078881152 35 51144.0 53819.0 300.0 300.0 60 66184.0 68191.0 300.0 300.0
270.3929792277965 57 42639.0 45296.0 300.0 300.0 58 60427.0 62582.0 300.0 300.0
139.07361023897136 29 37514.0 39903.0 300.0 300.0 52 54252.0 56930.0 300.0 300.0
878.6266740278813 55 41927.0 44373.0 300.0 300.0 34 58247.0 61479.0 300.0 300.0
364.23719943279866 17 21616.0 25168.0 300.0 300.0 40 42237.0 45623.0 300.0 300.0
696.2171181298356 46 39804.0 43296.0 300.0 300.0 29 58763.0 60963.0 300.0 300.0
56.601138708258446 12 36270.0 38605.0 300.0 300.0 57 53929.0 56091.0 300.0 300.0
699.9829247061471 21 32015.0 35047.0 300.0 300.0 59 52054.0 55595.0 300.0 300.0
640.6576290997135 58 38241.0 40827.0 300.0 300.0 12 56574.0 59558.0 300.0 300.0
515.4261115223684 16 30951.0 32878.0 300.0 300.0 59 46855.0 50425.0 300.0 300.0
514.3771557044837 16 52477.0 54484.0 300.0 300.0 21 71816.0 74374.0 300.0 300.0
56.58704798744463 31 29202.0 32493.0 300.0 300.0 15 49185.0 51212.0 300.0 300.0
52.47199593991469 28 32772.0 35981.0 300.0 300.0 11 53703.0 55557.0 300.0 300.0
324.55344577645707 15 21064.0 23985.0 300.0 300.0 25 37410.0 40330.0 300.0 300.0
234.14378287958547 59 25064.0 28270.0 300.0 300.0 21 40736.0 44162.0 300.0 300.0
400.3419207851111 36 27433.0 29581.0 300.0 300.0 44 46082.0 48182.0 300.0 300.0
909.4981374363198 45 46222.0 49140.0 300.0 300.0 49 62827.0 66125.0 300.0 300.0
454.61786267415926 55 26793.0 29365.0 300.0 300.0 49 42412.0 44817.0 300.0 300.0
901.1554206143489 45 51679.0 54442.0 300.0 300.0 33 69387.0 71686.0 300.0 300.0
997.1749343974294 35 53290.0 56224.0 300.0 300.0 32 67859.0 70539.0 300.0 300.0
193.89566560120875 60 48960.0 51390.0 300.0 300.0 46 69361.0 72799.0 300.0 300.0
119.86057070443835 40 41170.0 44000.0 300.0 300.0 56 57034.0 59619.0 300.0 300.0
810.4854168195135 17 35807.0 39343.0 300.0 300.0 38 50917.0 54290.0 300.0 300.0
23.686344402699568 38 47910.0 51202.0 300.0 300.0 10 64805.0 67186.0 300.0 300.0
5.560842323426574 52 26385.0 29895.0 300.0 300.0 56 46333.0 48845.0 300.0 300.0
149.55265189256838 48 44019.0 46834.0 300.0 300.0 21 63473.0 65755.0 300.0 300.0
765.3708006294823 58 49599.0 51471.0 300.0 300.0 24 65549.0 68024.0 300.0 300.0
97.07154940311446 11 25428.0 27792.0 300.0 300.0 20 44712.0 46754.0 300.0 300.0
397.4833862720568 19 52939.0 54950.0 300.0 300.0 20 68619.0 71470.0 300.0 300.0
671.4937249055323 52 21355.0 24547.0 300.0 300.0 39 41173.0 44491.0 300.0 300.0
83.7656406739592 15 22003.0 24186.0 300.0 300.0 53 36642.0 39950.0 300.0 300.0
658.2092814601702 24 28956.0 31937.0 300.0 300.0 39 49187.0 52680.0 300.0 300.0
488.9746365585619 42 30827.0 33791.0 300.0 300.0 16 45799.0 48558.0 300.0 300.0
710.550952835495 58 39733.0 41825.0 300.0 300.0 41 58103.0 61551.0 300.0 300.0
937.4378830162377 46 23832.0 26698.0 300.0 300.0 21 42862.0 44704.0 300.0 300.0
331.9082439670111 55 22779.0 25572.0 300.0 300.0 38 38982.0 41239.0 300.0 300.0
847.2146172695486 41 45326.0 48324.0 300.0 300.0 50 63116.0 65786.0 300.0 300.0
729.0627117017006 60 35132.0 38462.0 300.0 300.0 28 53247.0 55744.0 300.0 300.0
334.85816872145944 55 51350.0 53233.0 300.0 300.0 47 67163.0 70368.0 300.0 300.0
61.15666536017783 44 25963.0 28867.0 300.0 300.0 43 43782.0 45591.0 300.0 300.0
448.8555113081596 31 25951.0 28708.0 300.0 300.0 29 40039.0 42114.0 300.0 300.0
668.1589383391444 19 28435.0 30697.0 300.0 300.0 41 45357.0 47653.0 300.0 300.0
864.7937644916475 46 23797.0 27128.0 300.0 300.0 30 43284.0 46135.0 300.0 300.0
453.82117857786074 16 40009.0 42153.0 300.0 300.0 20 56665.0 58669.0 300.0 300.0
73.45728544492603 42 25979.0 29317.0 300.0 300.0 13 42224.0 45608.0 300.0 300.0
50.0260177222166 54 46899.0 49592.0 300.0 300.0 13 66391.0 68275.0 300.0 300.0
841.9343800222998 37 47927.0 50260.0 300.0 300.0 14 62917.0 64866.0 300.0 300.0
390.59207522177064 26 27436.0 29591.0 300.0 300.0 53 46730.0 49330.0 300.0 300.0
739.3208850260887 39 41981.0 44190.0 300.0 300.0 14 56865.0 59537.0 300.0 300.0
170.87080661800724 45 45238.0 47676.0 300.0 300.0 46 64630.0 68064.0 300.0 300.0
739.0407828138901 56 24226.0 26739.0 300.0 300.0 60 41505.0 44693.0 300.0 300.0
522.0747174398824 34 19381.0 22584.0 300.0 300.0 23 39859.0 42854.0 300.0 300.0
769.8231820354182 57 34011.0 37344.0 300.0 300.0 13 52909.0 55752.0 300.0 300.0
352.81500949815256 32 53050.0 55807.0 300.0 300.0 41 67152.0 70140.0 300.0 300.0
752.0214719887199 26 46920.0 49673.0 300.0 300.0 31 65235.0 68156.0 300.0 300.0
830.7772492692238 58 52286.0 55567.0 300.0 300.0 13 68537.0 72108.0 300.0 300.0
274.64701055547846 54 51967.0 54304.0 300.0 300.0 45 66201.0 69591.0 300.0 300.0
630.1778920808925 33 23269.0 26758.0 300.0 300.0 44 43173.0 46682.0 300.0 300.0
25.006060027458645 34 35173.0 37944.0 300.0 300.0 57 50604.0 53678.0 300.0 300.0
950.3474413285093 31 28713.0 31472.0 300.0 300.0 11 48422.0 50261.0 300.0 300.0
245.3384438703381 41 40413.0 42548.0 300.0 300.0 59 58487.0 61903.0 300.0 300.0
121.58135855787822 22 47198.0 50129.0 300.0 300.0 57 64960.0 67081.0 300.0 300.0
461.899087657093 58 38103.0 40704.0 300.0 300.0 53 54525.0 57168.0 300.0 300.0
419.76208778371995 17 45046.0 48561.0 300.0 300.0 39 60798.0 64244.0 300.0 300.0
98.41325389496403 57 26769.0 29569.0 300.0 300.0 16 43784.0 45690.0 300.0 300.0
684.0382951051503 30 19372.0 22030.0 300.0 300.0 20 39520.0 41386.0 300.0 300.0
169.0610371025748 33 53280.0 56031.0 300.0 300.0 35 70735.0 73382.0 300.0 300.0
504.2745926171691 20 33567.0 37099.0 300.0 300.0 48 54103.0 56758.0 300.0 300.0
351.7724746909514 21 36270.0 38402.0 300.0 300.0 41 51083.0 53309.0 300.0 300.0
258.66200492306257 50 32130.0 35660.0 300.0 300.0 24 49568.0 52194.0 300.0 300.0
410.67800804620157 57 31320.0 33402.0 300.0 300.0 13 45646.0 47483.0 300.0 300.0
637.7778343252097 56 27869.0 30280.0 300.0 300.0 45 44246.0 47059.0 300.0 300.0
191.47696732995823 57 45503.0 47366.0 300.0 300.0 60 59496.0 61533.0 300.0 300.0
599.8603367028426 48 43211.0 45653.0 300.0 300.0 15 57447.0 60971.0 300.0 300.0
514.0453010207774 57 24028.0 26210.0 300.0 300.0 39 42771.0 44786.0 300.0 300.0
932.8404865828965 44 51024.0 53945.0 300.0 300.0 56 65573.0 69018.0 300.0 300.0
975.9695750397555 28 20551.0 23112.0 300.0 300.0 27 39845.0 43092.0 300.0 300.0
830.8550934614476 40 22085.0 24492.0 300.0 300.0 36 38085.0 40888.0 300.0 300.0
436.40462392031577 19 50189.0 53006.0 300.0 300.0 14 68212.0 71357.0 300.0 300.0
565.0273064710101 59 41176.0 44694.0 300.0 300.0 18 60372.0 63030.0 300.0 300.0
233.62248963975196 51 25929.0 28420.0 300.0 300.0 45 39578.0 41776.0 300.0 300.0
488.09433983080106 13 49886.0 52390.0 300.0 300.0 29 63700.0 65756.0 300.0 300.0
698.1378467933246 35 29717.0 32359.0 300.0 300.0 56 44882.0 47530.0 300.0 300.0
167.2148440563639 60 41413.0 44461.0 300.0 300.0 23 57608.0 60932.0 300.0 300.0
437.0265545222931 39 32475.0 34366.0 300.0 300.0 52 46799.0 49130.0 300.0 300.0
405.6005596965342 54 23989.0 26781.0 300.0 300.0 13 42282.0 45425.0 300.0 300.0
99.03532223357826 42 21285.0 23502.0 300.0 300.0 22 39666.0 43015.0 300.0 300.0
667.4657679209256 12 25796.0 28434.0 300.0 300.0 20 42915.0 45814.0 300.0 300.0
783.7284505664666 27 52274.0 55268.0 300.0 300.0 51 69268.0 71950.0 300.0 300.0
947.5257378045222 37 53176.0 56408.0 300.0 300.0 18 71008.0 73389.0 300.0 300.0
65.0200978160812 60 26893.0 30409.0 300.0 300.0 56 45312.0 47275.0 300.0 300.0
270.62678068979693 15 19335.0 21793.0 300.0 300.0 54 33165.0 35668.0 300.0 300.0
378.1604384349445 18 22405.0 24440.0 300.0 300.0 15 39307.0 42186.0 300.0 300.0
723.159388126317 13 31231.0 33077.0 300.0 300.0 16 44706.0 47789.0 300.0 300.0
622.123853373892 10 39006.0 41632.0 300.0 300.0 46 59566.0 62394.0 300.0 300.0
519.1663057648703 22 24477.0 26883.0 300.0 300.0 19 44350.0 46234.0 300.0 300.0
593.296755794467 21 18964.0 22209.0 300.0 300.0 32 34628.0 37926.0 300.0 300.0
13.363735896358753 35 37510.0 40743.0 300.0 300.0 22 54746.0 58253.0 300.0 300.0
862.6740580155297 11 49976.0 53560.0 300.0 300.0 27 65810.0 68096.0 300.0 300.0
572.8700130275871 60 46366.0 48604.0 300.0 300.0 56 61492.0 64924.0 300.0 300.0
993.109713925178 45 48293.0 50698.0 300.0 300.0 42 65125.0 68407.0 300.0 300.0
700.8851674971444 24 36610.0 40182.0 300.0 300.0 56 56374.0 59359.0 300.0 300.0
355.5662987705538 32 19390.0 22077.0 300.0 300.0 49 34006.0 37213.0 300.0 300.0
19.863461224966848 25 45611.0 49025.0 300.0 300.0 60 64990.0 66803.0 300.0 300.0
18.187183757100158 44 53758.0 55939.0 300.0 300.0 16 72192.0 75123.0 300.0 300.0
529.219204580793 34 39786.0 42058.0 300.0 300.0 56 58822.0 60997.0 300.0 300.0
258.1595392099634 49 42814.0 45766.0 300.0 300.0 17 57270.0 60824.0 300.0 300.0
673.0332327199051 58 28778.0 30984.0 300.0 300.0 49 45919.0 48002.0 300.0 300.0
676.9131755236378 31 33625.0 36603.0 300.0 300.0 37 48300.0 50476.0 300.0 300.0
15.681571204069101 46 44047.0 47124.0 300.0 300.0 33 62890.0 65157.0 300.0 300.0
911.7463995100225 29 33086.0 34965.0 300.0 300.0 32 46920.0 49352.0 300.0 300.0
916.2687616012636 43 21043.0 24575.0 300.0 300.0 45 41321.0 43496.0 300.0 300.0
743.401201487366 35 24765.0 27072.0 300.0 300.0 57 41094.0 43387.0 300.0 300.0
314.0652630974464 57 25137.0 26976.0 300.0 300.0 20 38685.0 41815.0 300.0 300.0
445.7140234050191 54 36885.0 39174.0 300.0 300.0 34 54964.0 56781.0 300.0 300.0
244.04938042748336 29 44648.0 47499.0 300.0 300.0 57 62570.0 64673.0 300.0 300.0
440.90986736861316 14 23877.0 27386.0 300.0 300.0 57 43822.0 46957.0 300.0 300.0
760.7397225398913 44 31684.0 34641.0 300.0 300.0 38 49653.0 52731.0 300.0 300.0
377.42597728277707 10 24733.0 27528.0 300.0 300.0 20 44301.0 46618.0 300.0 300.0
685.7520730964017 20 46819.0 50173.0 300.0 300.0 17 66478.0 69751.0 300.0 300.0
285.7590574892552 23 44828.0 48054.0 300.0 300.0 35 61424.0 63914.0 300.0 300.0
745.2747756869983 44 53758.0 56930.0 300.0 300.0 41 73322.0 75778.0 300.0 300.0
375.51911089818515 37 35913.0 38066.0 300.0 300.0 26 52606.0 56025.0 300.0 300.0
822.6573907782584 52 25709.0 27872.0 300.0 300.0 38 43537.0 45643.0 300.0 300.0
681.8039509942685 37 51448.0 54172.0 300.0 300.0 20 69966.0 72688.0 300.0 300.0
922.6490208101957 27 43969.0 46437.0 300.0 300.0 14 57895.0 60244.0 300.0 300.0
253.72342437249006 24 46980.0 50379.0 300.0 300.0 13 65381.0 68078.0 300.0 300.0
90.98229558850002 34 24732.0 28242.0 300.0 300.0 37 43201.0 46001.0 300.0 300.0
989.3134533725561 33 43755.0 46371.0 300.0 300.0 23 62562.0 65953.0 300.0 300.0
628.8280329061506 45 20904.0 23901.0 300.0 300.0 15 41429.0 44042.0 300.0 300.0
880.4773001759576 28 19596.0 21691.0 300.0 300.0 31 35724.0 37944.0 300.0 300.0
18.37038579320305 17 40304.0 42446.0 300.0 300.0 52 55267.0 57588.0 300.0 300.0
144.6383312793077 37 24070.0 27621.0 300.0 300.0 50 39929.0 41982.0 300.0 300.0
674.9753209813606 49 23346.0 26512.0 300.0 300.0 59 41924.0 44233.0 300.0 300.0
26.52446501924699 52 22372.0 24903.0 300.0 300.0 31 35880.0 39444.0 300.0 300.0
964.1214605886227 34 27529.0 31000.0 300.0 300.0 12 41865.0 44914.0 300.0 300.0
478.3439192830914 34 51898.0 53843.0 300.0 300.0 13 69326.0 71872.0 300.0 300.0
477.78478822274764 45 25168.0 27292.0 300.0 300.0 56 42536.0 45658.0 300.0 300.0
228.34262579518816 11 20209.0 23422.0 300.0 300.0 40 39285.0 41917.0 300.0 300.0
825.0439551972631 30 20813.0 23223.0 300.0 300.0 24 34789.0 38183.0 300.0 300.0
169.52069806409654 18 24662.0 26785.0 300.0 300.0 28 37614.0 40886.0 300.0 300.0
734.400169538709 58 45145.0 48346.0 300.0 300.0 43 65205.0 68614.0 300.0 300.0
519.6687832662291 10 35339.0 38152.0 300.0 300.0 51 54110.0 56877.0 300.0 300.0
29.165552286421814 24 19633.0 22541.0 300.0 300.0 20 39222.0 41051.0 300.0 300.0
782.7755748507984 50 39539.0 41632.0 300.0 300.0 11 58014.0 61099.0 300.0 300.0
570.1140489570588 39 53149.0 56005.0 300.0 300.0 30 72364.0 75379.0 300.0 300.0
376.54908649680965 22 18797.0 20927.0 300.0 300.0 25 31969.0 34488.0 300.0 300.0
968.6382402624082 33 19885.0 21923.0 300.0 300.0 58 39251.0 42281.0 300.0 300.0
561.9457489776902 10 51630.0 55125.0 300.0 300.0 40 70453.0 73659.0 300.0 300.0
275.51460924216894 13 44302.0 47512.0 300.0 300.0 60 59362.0 62784.0 300.0 300.0
433.2562204326905 26 41538.0 44239.0 300.0 300.0 13 59916.0 62504.0 300.0 300.0
821.0263736906393 36 22241.0 25744.0 300.0 300.0 29 39554.0 43121.0 300.0 300.0
600.8656779812917 11 37591.0 40826.0 300.0 300.0 26 54454.0 57943.0 300.0 300.0
406.9756800116242 57 53614.0 55870.0 300.0 300.0 15 66702.0 69808.0 300.0 300.0
457.0806505138041 43 28706.0 31309.0 300.0 300.0 20 47303.0 50769.0 300.0 300.0
474.7675862585815 43 36870.0 39162.0 300.0 300.0 10 52275.0 54271.0 300.0 300.0
676.5573180380188 23 37586.0 40708.0 300.0 300.0 29 52625.0 54913.0 300.0 300.0
150.36187385480625 21 39499.0 41813.0 300.0 300.0 14 57227.0 60808.0 300.0 300.0
719.4164278952871 18 50751.0 53108.0 300.0 300.0 56 66534.0 69420.0 300.0 300.0
9.947531898901074 11 20666.0 23055.0 300.0 300.0 51 35980.0 38933.0 300.0 300.0
414.00230631499846 19 50082.0 52353.0 300.0 300.0 14 70232.0 72203.0 300.0 300.0
442.5471971039291 10 43274.0 46404.0 300.0 300.0 36 64174.0 66082.0 300.0 300.0
268.72644994663466 15 23177.0 26187.0 300.0 300.0 22 39167.0 42108.0 300.0 300.0
889.6317558310412 52 48778.0 52292.0 300.0 300.0 57 65109.0 67766.0 300.0 300.0
554.1943022265441 53 21469.0 24619.0 300.0 300.0 22 41660.0 43985.0 300.0 300.0
408.82201614501355 20 33345.0 36016.0 300.0 300.0 57 47517.0 50737.0 300.0 300.0
697.8855963642054 43 48610.0 51988.0 300.0 300.0 24 64076.0 66250.0 300.0 300.0
689.8489464598761 24 36766.0 39792.0 300.0 300.0 53 56702.0 58631.0 300.0 300.0
418.45843211847466 50 33916.0 36970.0 300.0 300.0 51 53343.0 55159.0 300.0 300.0
206.48997930765867 50 39269.0 41327.0 300.0 300.0 28 56886.0 59824.0 300.0 300.0
804.0650033220683 17 20743.0 23761.0 300.0 300.0 25 35795.0 38352.0 300.0 300.0
837.9218797840086 42 25148.0 27509.0 300.0 300.0 46 43983.0 47462.0 300.0 300.0
202.06393923728905 41 34068.0 37495.0 300.0 300.0 42 49895.0 52984.0 300.0 300.0
365.9328572929476 59 36200.0 38176.0 300.0 300.0 25 53570.0 56242.0 300.0 300.0
63.73403557743795 57 47350.0 50098.0 300.0 300.0 25 66395.0 69668.0 300.0 300.0
439.19315602790687 39 42334.0 45503.0 300.0 300.0 35 60842.0 63307.0 300.0 300.0
488.9453554523784 37 50391.0 53385.0 300.0 300.0 52 67714.0 70467.0 300.0 300.0
190.14818075925655 17 18489.0 20928.0 300.0 300.0 39 32622.0 35570.0 300.0 300.0
88.52114526383848 13 39163.0 42163.0 300.0 300.0 23 56263.0 58525.0 300.0 300.0
851.2955920745352 16 39171.0 42454.0 300.0 300.0 39 54349.0 56707.0 300.0 300.0
356.88626154632686 22 21905.0 24946.0 300.0 300.0 40 39658.0 42468.0 300.0 300.0
712.2405319699991 15 22262.0 24531.0 300.0 300.0 37 40028.0 42218.0 300.0 300.0
189.5885012711349 30 52851.0 56224.0 300.0 300.0 16 71552.0 74131.0 300.0 300.0
212.96737278776857 59 46297.0 49151.0 300.0 300.0 22 60963.0 63590.0 300.0 300.0
638.8091512614826 35 53963.0 56768.0 300.0 300.0 51 74147.0 77538.0 300.0 300.0
117.57447447798519 21 40821.0 42814.0 300.0 300.0 56 55688.0 58795.0 300.0 300.0
858.8395545451366 18 33620.0 36218.0 300.0 300.0 38 53096.0 56072.0 300.0 300.0
651.014622354049 47 20440.0 23230.0 300.0 300.0 14 40913.0 43225.0 300.0 300.0
320.853570574275 13 35494.0 39041.0 300.0 300.0 32 50947.0 53622.0 300.0 300.0
413.2735925387893 36 31510.0 34239.0 300.0 300.0 22 50980.0 54135.0 300.0 300.0
374.6927676778987 21 32187.0 35015.0 300.0 300.0 46 52141.0 54022.0 300.0 300.0
374.37510374204766 36 49599.0 51537.0 300.0 300.0 57 66805.0 69090.0 300.0 300.0
691.7140728794622 20 52725.0 54785.0 300.0 300.0 23 66230.0 68735.0 300.0 300.0
472.47604971724587 43 34450.0 38012.0 300.0 300.0 17 55761.0 58555.0 300.0 300.0
858.3184774949966 14 51927.0 55419.0 300.0 300.0 20 67688.0 70473.0 300.0 300.0
318.33861485865947 19 35666.0 38360.0 300.0 300.0 44 51634.0 54333.0 300.0 300.0
710.2485549222052 24 52930.0 54940.0 300.0 300.0 47 72395.0 75659.0 300.0 300.0
394.2345799418282 49 28131.0 30270.0 300.0 300.0 50 43965.0 45997.0 300.0 300.0
943.1504392684965 54 46919.0 50340.0 300.0 300.0 23 61581.0 64479.0 300.0 300.0
424.83083385337994 18 38608.0 40844.0 300.0 300.0 19 55446.0 57301.0 300.0 300.0
129.6563515269986 12 52116.0 55140.0 300.0 300.0 44 67869.0 71368.0 300.0 300.0
402.17480953084197 58 46308.0 49484.0 300.0 300.0 17 61945.0 64654.0 300.0 300.0
776.1473517640455 20 20475.0 22543.0 300.0 300.0 45 35067.0 37975.0 300.0 300.0
36.26933360477269 26 48746.0 51487.0 300.0 300.0 15 65298.0 68104.0 300.0 300.0
206.5648592006103 18 42817.0 44743.0 300.0 300.0 35 58776.0 61739.0 300.0 300.0
256.0023020200147 10 35026.0 37996.0 300.0 300.0 28 49254.0 51476.0 300.0 300.0
343.6935521429224 56 42374.0 44843.0 300.0 300.0 41 58751.0 61486.0 300.0 300.0
240.85185090436045 32 52919.0 55615.0 300.0 300.0 27 70917.0 74054.0 300.0 300.0
332.1524162523245 12 30306.0 32838.0 300.0 300.0 34 50292.0 53804.0 300.0 300.0
369.6756295561956 30 41789.0 45106.0 300.0 300.0 32 60899.0 63962.0 300.0 300.0
108.19250111639155 35 23645.0 26806.0 300.0 300.0 51 41186.0 43468.0 300.0 300.0
336.2384489963879 26 28521.0 31276.0 300.0 300.0 17 47952.0 49801.0 300.0 300.0
649.9738689928708 13 51500.0 53741.0 300.0 300.0 33 66745.0 70128.0 300.0 300.0
518.5392409191722 42 29011.0 31308.0 300.0 300.0 56 42289.0 45095.0 300.0 300.0
653.3208172252549 32 52134.0 55329.0 300.0 300.0 36 67155.0 70707.0 300.0 300.0
876.4407145179442 52 48408.0 51936.0 300.0 300.0 24 68971.0 70901.0 300.0 300.0
671.4451750584278 39 22777.0 25259.0 300.0 300.0 25 39261.0 42295.0 300.0 300.0
174.93608080582112 21 38840.0 41475.0 300.0 300.0 54 55130.0 58003.0 300.0 300.0
466.57388354680273 35 40439.0 42296.0 300.0 300.0 43 56192.0 59424.0 300.0 300.0
33.3330434488881 20 21590.0 24990.0 300.0 300.0 48 41295.0 44642.0 300.0 300.0
64.98131730718859 42 36601.0 39045.0 300.0 300.0 24 50761.0 52864.0 300.0 300.0
137.7972483694112 44 26318.0 28302.0 300.0 300.0 16 40823.0 43618.0 300.0 300.0
137.14933133971996 16 37981.0 40444.0 300.0 300.0 46 52305.0 55653.0 300.0 300.0
239.55208412270335 37 41405.0 44653.0 300.0 300.0 34 59150.0 61336.0 300.0 300.0
178.57203148874945 41 42556.0 45962.0 300.0 300.0 10 59061.0 61229.0 300.0 300.0
216.43157432661152 58 38529.0 40503.0 300.0 300.0 37 53811.0 57019.0 300.0 300.0
115.37750297420324 14 19038.0 22272.0 300.0 300.0 54 35943.0 38546.0 300.0 300.0
283.65245581878827 33 32545.0 34906.0 300.0 300.0 21 47014.0 50424.0 300.0 300.0
458.1177984333925 29 41831.0 44659.0 300.0 300.0 57 58603.0 60693.0 300.0 300.0
292.2156301205514 55 41018.0 43644.0 300.0 300.0 31 60325.0 62721.0 300.0 300.0
766.8233028486031 30 34517.0 36550.0 300.0 300.0 32 53418.0 55234.0 300.0 300.0
201.23807140743065 45 20823.0 22685.0 300.0 300.0 60 34736.0 37440.0 300.0 300.0
745.1386424940431 19 39609.0 43199.0 300.0 300.0 26 60698.0 63001.0 300.0 300.0
114.10990421294642 15 51213.0 53453.0 300.0 300.0 23 70942.0 74236.0 300.0 300.0
759.8466083716756 24 27051.0 29766.0 300.0 300.0 47 46124.0 48642.0 300.0 300.0
447.3902520669658 18 30979.0 33959.0 300.0 300.0 30 49266.0 51660.0 300.0 300.0
477.5065188871023 24 21074.0 23894.0 300.0 300.0 60 38113.0 40912.0 300.0 300.0
684.9052775072918 58 39951.0 41987.0 300.0 300.0 30 53095.0 56108.0 300.0 300.0
849.8237445892913 39 52710.0 54981.0 300.0 300.0 30 70987.0 74516.0 300.0 300.0
946.0651987501057 40 24135.0 26358.0 300.0 300.0 27 42036.0 45243.0 300.0 300.0
75.641726773782 23 39851.0 43173.0 300.0 300.0 37 55968.0 57826.0 300.0 300.0
64.82834962105521 48 22398.0 24882.0 300.0 300.0 59 40483.0 42748.0 300.0 300.0
866.3956572846389 31 44164.0 47390.0 300.0 300.0 27 61936.0 65364.0 300.0 300.0
691.2348897907731 17 53628.0 56058.0 300.0 300.0 54 67986.0 70356.0 300.0 300.0
274.15236390707696 39 32716.0 35282.0 300.0 300.0 18 49476.0 52687.0 300.0 300.0
857.61255254659 19 26799.0 30034.0 300.0 300.0 34 45160.0 47942.0 300.0 300.0
172.02273294515012 49 33591.0 36075.0 300.0 300.0 38 51054.0 53925.0 300.0 300.0
622.39734523255 32 26025.0 28130.0 300.0 300.0 49 46093.0 49382.0 300.0 300.0
855.1852348885873 43 37294.0 40702.0 300.0 300.0 17 53134.0 55276.0 300.0 300.0
551.3676624479332 30 47416.0 50834.0 300.0 300.0 11 62595.0 66131.0 300.0 300.0
40.790845600229275 11 52939.0 56466.0 300.0 300.0 34 74207.0 76131.0 300.0 300.0
513.6832440321676 34 19007.0 21581.0 300.0 300.0 28 35336.0 37293.0 300.0 300.0
154.79579545274623 38 22209.0 24783.0 300.0 300.0 35 36183.0 38702.0 300.0 300.0
262.5566813984875 49 36897.0 40107.0 300.0 300.0 39 57283.0 60149.0 300.0 300.0
305.8260591276493 53 44332.0 46267.0 300.0 300.0 33 57225.0 59496.0 300.0 300.0
601.1381119030762 31 53600.0 55935.0 300.0 300.0 47 71158.0 73579.0 300.0 300.0
847.4330636771891 12 49780.0 51834.0 300.0 300.0 37 63573.0 65670.0 300.0 300.0
276.1165111041739 32 49024.0 51269.0 300.0 300.0 27 68914.0 72019.0 300.0 300.0
241.8408899469101 51 48489.0 50895.0 300.0 300.0 43 65799.0 67680.0 300.0 300.0
626.8601969188087 19 32906.0 35375.0 300.0 300.0 27 49453.0 51730.0 300.0 300.0
866.1756080136892 59 39859.0 41942.0 300.0 300.0 22 59676.0 62275.0 300.0 300.0
88.23448925271282 26 49389.0 51938.0 300.0 300.0 58 66466.0 68884.0 300.0 300.0
986.2480130654714 54 53954.0 57130.0 300.0 300.0 39 70358.0 72654.0 300.0 300.0
901.5262651921388 30 51002.0 53800.0 300.0 300.0 15 65129.0 67493.0 300.0 300.0
887.6426039226574 32 37807.0 41374.0 300.0 300.0 12 58628.0 61094.0 300.0 300.0
440.5199098318929 15 45023.0 47955.0 300.0 300.0 33 59896.0 62732.0 300.0 300.0
857.9417677297885 10 28767.0 31385.0 300.0 300.0 31 49057.0 51958.0 300.0 300.0
878.4385554028057 29 28091.0 30282.0 300.0 300.0 13 42737.0 44990.0 300.0 300.0
600.5439911228318 43 21810.0 24500.0 300.0 300.0 51 40122.0 42622.0 300.0 300.0
85.28614951591096 32 48347.0 51036.0 300.0 300.0 40 64986.0 66894.0 300.0 300.0
707.2621036262765 53 38883.0 40762.0 300.0 300.0 60 58673.0 62084.0 300.0 300.0
592.5783830472875 34 33293.0 36880.0 300.0 300.0 29 51791.0 54871.0 300.0 300.0
985.622311251991 12 42929.0 45367.0 300.0 300.0 23 62337.0 64986.0 300.0 300.0
741.3855690755582 37 18030.0 21511.0 300.0 300.0 36 35455.0 37605.0 300.0 300.0
923.8192129393748 32 36210.0 38733.0 300.0 300.0 58 53091.0 55599.0 300.0 300.0
147.2527008197423 20 38581.0 41615.0 300.0 300.0 55 56914.0 60260.0 300.0 300.0
62.2777684229362 26 35222.0 37812.0 300.0 300.0 55 51418.0 54008.0 300.0 300.0
888.5156984054462 28 41461.0 44438.0 300.0 300.0 60 56628.0 59275.0 300.0 300.0
940.7713289069872 41 25605.0 29110.0 300.0 300.0 20 41701.0 43791.0 300.0 300.0
228.77207211978944 12 34464.0 36456.0 300.0 300.0 42 53352.0 56760.0 300.0 300.0
3.4576264667065537 49 47203.0 49397.0 300.0 300.0 10 60349.0 63070.0 300.0 300.0
705.1421508423147 29 28483.0 31729.0 300.0 300.0 31 49225.0 52110.0 300.0 300.0
4.812739794487597 52 42450.0 45907.0 300.0 300.0 38 58104.0 60310.0 300.0 300.0
396.19979494840607 43 41858.0 44095.0 300.0 300.0 29 58631.0 61459.0 300.0 300.0
185.42967196008408 32 25617.0 28866.0 300.0 300.0 30 40982.0 43235.0 300.0 300.0
581.160099583335 56 33902.0 36904.0 300.0 300.0 54 49856.0 53173.0 300.0 300.0
630.5418673734899 16 46635.0 49898.0 300.0 300.0 38 66333.0 68516.0 300.0 300.0
628.5635899965729 20 47436.0 50943.0 300.0 300.0 19 67214.0 69304.0 300.0 300.0
622.8485321460636 13 36180.0 39045.0 300.0 300.0 39 53830.0 55740.0 300.0 300.0
231.14259714981856 27 33015.0 36571.0 300.0 300.0 40 52193.0 55405.0 300.0 300.0
526.0449849064613 17 52857.0 54711.0 300.0 300.0 39 70689.0 73190.0 300.0 300.0
316.02251998855456 49 39366.0 41786.0 300.0 300.0 41 54910.0 56897.0 300.0 300.0
342.0632756845714 10 21386.0 23568.0 300.0 300.0 45 39511.0 42039.0 300.0 300.0
497.5006471891589 43 35973.0 39463.0 300.0 300.0 30 55906.0 57904.0 300.0 300.0
863.4437961350405 42 31052.0 34092.0 300.0 300.0 29 46079.0 49599.0 300.0 300.0
554.3339784173436 53 18897.0 21358.0 300.0 300.0 23 33986.0 36295.0 300.0 300.0
566.9027215432777 25 36922.0 39871.0 300.0 300.0 26 54753.0 58128.0 300.0 300.0
465.1068507742965 21 31291.0 33655.0 300.0 300.0 27 50501.0 52413.0 300.0 300.0
573.8198941561964 27 24626.0 26878.0 300.0 300.0 49 42997.0 46124.0 300.0 300.0
243.56661834360193 18 46663.0 49032.0 300.0 300.0 47 65917.0 67987.0 300.0 300.0
131.21532017304216 36 31429.0 34981.0 300.0 300.0 27 50779.0 52832.0 300.0 300.0
509.9102609375158 34 48161.0 51273.0 300.0 300.0 59 64219.0 66054.0 300.0 300.0
870.342953003426 33 19826.0 22439.0 300.0 300.0 27 37906.0 40057.0 300.0 300.0
102.35678896188239 27 42855.0 46379.0 300.0 300.0 58 61764.0 63570.0 300.0 300.0
291.2280912994553 54 19520.0 22353.0 300.0 300.0 21 37263.0 40318.0 300.0 300.0
373.7974418706487 32 21422.0 23537.0 300.0 300.0 35 37084.0 39462.0 300.0 300.0
446.5937908403714 27 29150.0 32271.0 300.0 300.0 28 50187.0 53672.0 300.0 300.0
288.10764920981256 32 33581.0 36433.0 300.0 300.0 40 51083.0 53743.0 300.0 300.0
88.32934312492347 18 32932.0 36087.0 300.0 300.0 41 50355.0 52563.0 300.0 300.0
296.43073731034184 28 48191.0 51596.0 300.0 300.0 26 65307.0 68031.0 300.0 300.0
758.9870643344332 24 25170.0 27122.0 300.0 300.0 13 42852.0 45763.0 300.0 300.0
861.3818722258254 13 41750.0 44569.0 300.0 300.0 32 57978.0 61267.0 300.0 300.0
609.1683179287602 38 27611.0 30068.0 300.0 300.0 33 42042.0 44153.0 300.0 300.0
642.02162637796 34 45063.0 46898.0 300.0 300.0 20 62647.0 65191.0 300.0 300.0
482.86291833358194 35 18410.0 21748.0 300.0 300.0 58 37581.0 39984.0 300.0 300.0
849.3399819897265 24 43755.0 45964.0 300.0 300.0 19 59718.0 62901.0 300.0 300.0
905.0040570743486 32 23239.0 25258.0 300.0 300.0 14 40199.0 43730.0 300.0 300.0
334.9734136521138 56 49699.0 51755.0 300.0 300.0 18 69175.0 72437.0 300.0 300.0
631.2305607754815 20 50158.0 53376.0 300.0 300.0 51 71294.0 73511.0 300.0 300.0
148.42840882748476 58 32987.0 35573.0 300.0 300.0 17 51759.0 54612.0 300.0 300.0
966.0251923466471 58 48369.0 51021.0 300.0 300.0 59 67638.0 69507.0 300.0 300.0
763.0541085757837 15 36306.0 38844.0 300.0 300.0 35 52326.0 54752.0 300.0 300.0
943.3111883489197 43 40127.0 42064.0 300.0 300.0 27 55013.0 57174.0 300.0 300.0
960.622406278499 26 47885.0 49780.0 300.0 300.0 57 62269.0 65624.0 300.0 300.0
998.9006943444307 38 46834.0 49298.0 300.0 300.0 22 66938.0 69920.0 300.0 300.0
620.2371527360721 56 23122.0 25176.0 300.0 300.0 50 39081.0 42519.0 300.0 300.0
986.9413444779998 15 37836.0 41191.0 300.0 300.0 41 53172.0 55231.0 300.0 300.0
880.3812434820751 54 35765.0 38180.0 300.0 300.0 23 51199.0 54030.0 300.0 300.0
327.11165865918434 58 41458.0 43523.0 300.0 300.0 29 59993.0 61845.0 300.0 300.0
443.5737282307578 49 25485.0 28732.0 300.0 300.0 34 42253.0 44209.0 300.0 300.0
974.5620931222082 40 27394.0 29461.0 300.0 300.0 58 44123.0 46485.0 300.0 300.0
141.07369881584663 41 30079.0 33102.0 300.0 300.0 24 49253.0 51601.0 300.0 300.0
523.6524403101108 16 45386.0 47559.0 300.0 300.0 60 61660.0 63717.0 300.0 300.0
349.4374249844413 14 18435.0 21873.0 300.0 300.0 54 35267.0 37879.0 300.0 300.0
566.9335350176339 55 32064.0 34861.0 300.0 300.0 17 46932.0 50152.0 300.0 300.0
889.9843039829353 40 50031.0 52343.0 300.0 300.0 16 67770.0 70090.0 300.0 300.0
894.4789111103341 40 51428.0 53232.0 300.0 300.0 14 68836.0 70969.0 300.0 300.0
694.2082862599481 31 33983.0 37220.0 300.0 300.0 18 54475.0 56367.0 300.0 300.0
931.87805811699 42 25537.0 29035.0 300.0 300.0 15 42953.0 45061.0 300.0 300.0
690.1120428645413 51 23650.0 26031.0 300.0 300.0 20 43922.0 46321.0 300.0 300.0
158.62045066792473 31 35870.0 38077.0 300.0 300.0 27 54336.0 56336.0 300.0 300.0
72.94007553581994 49 46319.0 48791.0 300.0 300.0 40 60937.0 63098.0 300.0 300.0
37.269718351187194 39 49324.0 51599.0 300.0 300.0 32 63800.0 67379.0 300.0 300.0
744.8244436197913 32 44452.0 47365.0 300.0 300.0 52 58568.0 60457.0 300.0 300.0
117.16186048366694 49 49045.0 52435.0 300.0 300.0 10 69467.0 72160.0 300.0 300.0
226.78079249293214 38 49170.0 52261.0 300.0 300.0 11 69326.0 72340.0 300.0 300.0
588.151662962061 31 35929.0 38611.0 300.0 300.0 33 54515.0 56877.0 300.0 300.0
608.0321395970454 25 37720.0 39984.0 300.0 300.0 17 51388.0 54536.0 300.0 300.0
268.33950672368644 59 50725.0 52932.0 300.0 300.0 52 67218.0 69641.0 300.0 300.0
55.89363529910463 10 39391.0 41259.0 300.0 300.0 60 57216.0 60052.0 300.0 300.0
167.2767782074428 47 33730.0 37075.0 300.0 300.0 30 52056.0 54670.0 300.0 300.0
377.90012217299994 15 43241.0 46225.0 300.0 300.0 40 59555.0 63148.0 300.0 300.0
709.786197195503 43 20032.0 22304.0 300.0 300.0 45 34318.0 36210.0 300.0 300.0
29.351302008437273 28 45575.0 48643.0 300.0 300.0 25 59815.0 62673.0 300.0 300.0
6.531865657613767 24 33498.0 35325.0 300.0 300.0 44 50394.0 53034.0 300.0 300.0
576.2135865762659 39 40979.0 43111.0 300.0 300.0 60 60968.0 63260.0 300.0 300.0
271.4974542191444 11 39049.0 42293.0 300.0 300.0 17 57606.0 59705.0 300.0 300.0
846.9540686609251 34 44090.0 46063.0 300.0 300.0 16 60474.0 63971.0 300.0 300.0
403.61860327277077 18 24467.0 28002.0 300.0 300.0 36 39206.0 42095.0 300.0 300.0
88.36801814466111 22 50701.0 52769.0 300.0 300.0 33 66969.0 69294.0 300.0 300.0
644.3811612102828 43 36712.0 39697.0 300.0 300.0 31 52489.0 54559.0 300.0 300.0
240.14782479322162 18 27392.0 30489.0 300.0 300.0 60 47639.0 49944.0 300.0 300.0
104.02935228798293 51 39662.0 41556.0 300.0 300.0 41 53531.0 56369.0 300.0 300.0
