50 1000
10000.0 1 14400.0 79200.0
7000.0 2 14400.0 79200.0
10000.0 4 14400.0 79200.0
5000.0 2 14400.0 79200.0
7000.0 2 14400.0 79200.0
2000.0 6 14400.0 79200.0
5000.0 0 14400.0 79200.0
7000.0 8 14400.0 79200.0
5000.0 6 14400.0 79200.0
5000.0 9 14400.0 79200.0
7000.0 1 14400.0 79200.0
2000.0 2 14400.0 79200.0
5000.0 3 14400.0 79200.0
10000.0 9 14400.0 79200.0
10000.0 4 14400.0 79200.0
10000.0 0 14400.0 79200.0
2000.0 2 14400.0 79200.0
5000.0 0 14400.0 79200.0
10000.0 7 14400.0 79200.0
10000.0 2 14400.0 79200.0
7000.0 5 14400.0 79200.0
2000.0 6 14400.0 79200.0
10000.0 1 14400.0 79200.0
5000.0 0 14400.0 79200.0
5000.0 6 14400.0 79200.0
10000.0 9 14400.0 79200.0
10000.0 9 14400.0 79200.0
10000.0 3 14400.0 79200.0
5000.0 3 14400.0 79200.0
10000.0 4 14400.0 79200.0
7000.0 8 14400.0 79200.0
10000.0 0 14400.0 79200.0
7000.0 1 14400.0 79200.0
2000.0 8 14400.0 79200.0
5000.0 1 14400.0 79200.0
5000.0 5 14400.0 79200.0
10000.0 9 14400.0 79200.0
7000.0 2 14400.0 79200.0
2000.0 8 14400.0 79200.0
5000.0 4 14400.0 79200.0
10000.0 5 14400.0 79200.0
10000.0 5 14400.0 79200.0
10000.0 0 14400.0 79200.0
7000.0 6 14400.0 79200.0
2000.0 7 14400.0 79200.0
5000.0 1 14400.0 79200.0
5000.0 2 14400.0 79200.0
10000.0 7 14400.0 79200.0
10000.0 3 14400.0 79200.0
7000.0 8 14400.0 79200.0
815.8205048869892 51 30567.0 33859.0 300.0 300.0 21 46148.0 49582.0 300.0 300.0
737.4831077365723 11 38928.0 41360.0 300.0 300.0 42 58905.0 62467.0 300.0 300.0
151.04704284524672 12 51429.0 53789.0 300.0 300.0 23 71203.0 74057.0 300.0 300.0
166.9268292235634 48 48424.0 50284.0 300.0 300.0 35 61114.0 63707.0 300.0 300.0
923.6306416404312 53 18388.0 21865.0 300.0 300.0 14 36378.0 38645.0 300.0 300.0
905.6366483357377 58 36272.0 38436.0 300.0 300.0 49 52001.0 55065.0 300.0 300.0
88.2121931610208 30 52310.0 54890.0 300.0 300.0 59 72861.0 74773.0 300.0 300.0
630.0735339507347 12 26305.0 28471.0 300.0 300.0 57 40915.0 43583.0 300.0 300.0
874.1724881607419 18 29729.0 33007.0 300.0 300.0 20 50640.0 52823.0 300.0 300.0
709.180375733561 41 30283.0 32752.0 300.0 300.0 24 48374.0 50897.0 300.0 300.0
968.9382952555386 16 37650.0 40137.0 300.0 300.0 33 54205.0 56128.0 300.0 300.0
827.7603342222056 35 26135.0 29600.0 300.0 300.0 16 42043.0 44627.0 300.0 300.0
809.8067011139128 50 28763.0 31529.0 300.0 300.0 48 48040.0 51025.0 300.0 300.0
321.3973582675376 31 18796.0 22004.0 300.0 300.0 50 32959.0 34888.0 300.0 300.0
945.4400903780793 44 38378.0 40976.0 300.0 300.0 27 52211.0 55683.0 300.0 300.0
191.31358091728245 39 38659.0 41704.0 300.0 300.0 29 54617.0 57699.0 300.0 300.0
603.7871697662175 32 36888.0 39561.0 300.0 300.0 49 51986.0 54466.0 300.0 300.0
327.5297583933876 40 39876.0 42905.0 300.0 300.0 60 54344.0 57189.0 300.0 300.0
850.5023981800244 17 51186.0 54429.0 300.0 300.0 55 70824.0 73588.0 300.0 300.0
852.8228221845942 47 24478.0 27799.0 300.0 300.0 24 39168.0 42174.0 300.0 300.0
354.44838451411323 17 25748.0 28542.0 300.0 300.0 53 40933.0 43196.0 300.0 300.0
45.175570491330696 35 21404.0 24726.0 300.0 300.0 47 38492.0 40515.0 300.0 300.0
717.4209169836445 22 44624.0 46666.0 300.0 300.0 15 58419.0 61754.0 300.0 300.0
573.9744456312159 25 38416.0 41865.0 300.0 300.0 13 56500.0 58451.0 300.0 300.0
356.06284787341747 22 48783.0 51672.0 300.0 300.0 44 63246.0 65676.0 300.0 300.0
850.7972680706462 23 38396.0 40642.0 300.0 300.0 47 56853.0 58834.0 300.0 300.0
936.6322460350119 18 47605.0 50670.0 300.0 300.0 52 64961.0 67157.0 300.0 300.0
939.2831398710105 46 21856.0 25126.0 300.0 300.0 20 40640.0 43783.0 300.0 300.0
608.8386214805084 45 35094.0 37591.0 300.0 300.0 51 52353.0 55070.0 300.0 300.0
464.70476194125297 41 23407.0 26169.0 300.0 300.0 23 40777.0 43014.0 300.0 300.0
623.7096224449722 11 33908.0 36763.0 300.0 300.0 26 52565.0 55868.0 300.0 300.0
321.25845321638127 41 37501.0 40722.0 300.0 300.0 20 56985.0 60178.0 300.0 300.0
72.12730817764646 30 22795.0 25964.0 300.0 300.0 39 41012.0 43144.0 300.0 300.0
186.91347574723594 54 40562.0 43732.0 300.0 300.0 23 59120.0 61330.0 300.0 300.0
274.3773402012916 41 25664.0 27667.0 300.0 300.0 59 41684.0 45008.0 300.0 300.0
149.45911840204684 34 32706.0 35025.0 300.0 300.0 40 48614.0 51359.0 300.0 300.0
975.2656648304534 55 27315.0 29840.0 300.0 300.0 34 42142.0 44784.0 300.0 300.0
335.06813356311926 24 40945.0 43663.0 300.0 300.0 45 55234.0 57798.0 300.0 300.0
751.9236970426332 13 35001.0 38073.0 300.0 300.0 18 53579.0 56832.0 300.0 300.0
758.5504219389833 14 29131.0 31255.0 300.0 300.0 15 43897.0 47005.0 300.0 300.0
579.5746521702506 13 19283.0 21905.0 300.0 300.0 47 37584.0 40883.0 300.0 300.0
613.1609414988828 10 26042.0 28876.0 300.0 300.0 44 43725.0 46880.0 300.0 300.0
90.86852423726488 21 26129.0 28363.0 300.0 300.0 13 39328.0 42432.0 300.0 300.0
552.3951639351976 58 35847.0 39254.0 300.0 300.0 36 53816.0 56864.0 300.0 300.0
832.8918673646442 36 18654.0 20885.0 300.0 300.0 43 36871.0 40333.0 300.0 300.0
836.0631355484595 60 52833.0 56393.0 300.0 300.0 35 67649.0 71219.0 300.0 300.0
507.9680268946459 58 30133.0 32940.0 300.0 300.0 50 43782.0 46789.0 300.0 300.0
401.871791406597 31 18394.0 20701.0 300.0 300.0 20 33924.0 35997.0 300.0 300.0
374.6145741094733 14 40645.0 44102.0 300.0 300.0 53 56703.0 59431.0 300.0 300.0
349.9266226794867 10 26861.0 28877.0 300.0 300.0 23 45568.0 47553.0 300.0 300.0
387.61641092606635 56 25573.0 27628.0 300.0 300.0 50 45114.0 48515.0 300.0 300.0
93.52847617730787 54 39465.0 41508.0 300.0 300.0 20 59369.0 61854.0 300.0 300.0
334.5820464899566 21 22846.0 24890.0 300.0 300.0 16 36809.0 38937.0 300.0 300.0
622.3026979918935 30 20271.0 22689.0 300.0 300.0 28 35989.0 38921.0 300.0 300.0
853.4301352253327 12 45708.0 49181.0 300.0 300.0 17 61287.0 63915.0 300.0 300.0
264.34468767905514 35 45943.0 48388.0 300.0 300.0 12 59290.0 62861.0 300.0 300.0
323.228019405275 48 21501.0 24680.0 300.0 300.0 24 37400.0 39817.0 300.0 300.0
828.3629583095152 24 40272.0 42400.0 300.0 300.0 33 53238.0 55039.0 300.0 300.0
851.2770063934634 37 19789.0 21642.0 300.0 300.0 45 38680.0 42280.0 300.0 300.0
594.7871731926211 33 51973.0 55477.0 300.0 300.0 42 70796.0 73871.0 300.0 300.0
933.2848273437755 22 24546.0 27355.0 300.0 300.0 38 40263.0 42519.0 300.0 300.0
830.8971280910338 20 23883.0 25697.0 300.0 300.0 21 38720.0 41171.0 300.0 300.0
451.2396522544589 15 25299.0 28050.0 300.0 300.0 48 41064.0 43706.0 300.0 300.0
88.01013693617021 11 50574.0 54000.0 300.0 300.0 14 71584.0 73921.0 300.0 300.0
964.9229671421618 47 37326.0 39144.0 300.0 300.0 41 50787.0 52727.0 300.0 300.0
741.8014361880818 38 47084.0 50062.0 300.0 300.0 37 62811.0 65069.0 300.0 300.0
326.9783680841568 21 24400.0 27607.0 300.0 300.0 58 40548.0 44074.0 300.0 300.0
37.464483859965924 23 24967.0 27284.0 300.0 300.0 59 39767.0 42260.0 300.0 300.0
446.56123799771905 27 46269.0 49470.0 300.0 300.0 23 63328.0 65991.0 300.0 300.0
261.5602065997144 28 46577.0 48466.0 300.0 300.0 57 65924.0 69255.0 300.0 300.0
90.6857554993754 23 45037.0 47708.0 300.0 300.0 33 64929.0 67481.0 300.0 300.0
778.3441066307375 41 37383.0 40155.0 300.0 300.0 39 51118.0 54597.0 300.0 300.0
352.68399378238513 29 51911.0 53945.0 300.0 300.0 47 66047.0 68218.0 300.0 300.0
220.76231886318743 42 28431.0 31382.0 300.0 300.0 10 45202.0 47853.0 300.0 300.0
350.30210730707455 33 53293.0 55814.0 300.0 300.0 26 73613.0 76259.0 300.0 300.0
530.2123981975271 30 23533.0 25741.0 300.0 300.0 58 41191.0 44296.0 300.0 300.0
717.8538505673247 20 29710.0 31791.0 300.0 300.0 22 49758.0 53151.0 300.0 300.0
193.98348190663773 50 19709.0 22918.0 300.0 300.0 31 37117.0 39364.0 300.0 300.0
12.886087589593199 30 36492.0 38346.0 300.0 300.0 33 53963.0 55803.0 300.0 300.0
568.814833263138 40 19269.0 21443.0 300.0 300.0 47 34674.0 37922.0 300.0 300.0
612.7095470380723 35 45010.0 47087.0 300.0 300.0 39 64359.0 67406.0 300.0 300.0
721.4042530233771 23 26955.0 28802.0 300.0 300.0 30 44006.0 47179.0 300.0 300.0
484.01341667508433 53 36481.0 39115.0 300.0 300.0 28 50574.0 52379.0 300.0 300.0
614.4988847546786 16 24121.0 26269.0 300.0 300.0 22 43921.0 46991.0 300.0 300.0
183.09042143063593 29 53296.0 55688.0 300.0 300.0 44 70077.0 73260.0 300.0 300.0
557.3223168019831 58 39045.0 41632.0 300.0 300.0 34 55960.0 58859.0 300.0 300.0
7.801183959155855 49 27163.0 29932.0 300.0 300.0 56 45108.0 47853.0 300.0 300.0
692.8256446972078 42 36495.0 39114.0 300.0 300.0 49 52101.0 55113.0 300.0 300.0
657.5303857889767 55 38518.0 42076.0 300.0 300.0 22 59503.0 61495.0 300.0 300.0
467.2577141167723 50 19403.0 22832.0 300.0 300.0 49 38027.0 41145.0 300.0 300.0
455.6332766875273 51 44004.0 47306.0 300.0 300.0 58 59700.0 63065.0 300.0 300.0
809.8720578387453 31 45230.0 47613.0 300.0 300.0 11 63190.0 66670.0 300.0 300.0
901.2158086699953 43 48842.0 51617.0 300.0 300.0 26 64738.0 67120.0 300.0 300.0
416.63741063258055 38 53980.0 56623.0 300.0 300.0 17 68273.0 70721.0 300.0 300.0
403.88810378075357 55 45691.0 48023.0 300.0 300.0 26 61152.0 63066.0 300.0 300.0
590.3866094938251 53 28053.0 31454.0 300.0 300.0 55 43716.0 46148.0 300.0 300.0
736.1033907058863 58 52556.0 55047.0 300.0 300.0 36 66784.0 70365.0 300.0 300.0
534.0857648915719 25 24610.0 27216.0 300.0 300.0 43 43753.0 46165.0 300.0 300.0
341.94685705712646 19 39468.0 41585.0 300.0 300.0 45 54756.0 57254.0 300.0 300.0
551.3753069186221 18 29138.0 31095.0 300.0 300.0 23 43322.0 46298.0 300.0 300.0
857.2458144661786 40 25158.0 28348.0 300.0 300.0 33 42576.0 44919.0 300.0 300.0
991.1358361959371 29 34536.0 36734.0 300.0 300.0 12 48642.0 51303.0 300.0 300.0
321.4869314284942 25 35889.0 38920.0 300.0 300.0 21 52565.0 56042.0 300.0 300.0
926.8590200162033 29 21567.0 23531.0 300.0 300.0 42 37891.0 40752.0 300.0 300.0
754.473925784899 46 31822.0 34484.0 300.0 300.0 25 49729.0 52676.0 300.0 300.0
917.7160126087554 54 51861.0 53877.0 300.0 300.0 53 67665.0 70209.0 300.0 300.0
296.541595666315 37 51852.0 53694.0 300.0 300.0 40 68561.0 70973.0 300.0 300.0
921.4570764469186 12 53908.0 56849.0 300.0 300.0 52 68947.0 71019.0 300.0 300.0
596.4367529109159 27 51466.0 54112.0 300.0 300.0 10 67631.0 69450.0 300.0 300.0
669.0549936987534 19 45582.0 49133.0 300.0 300.0 49 62925.0 65379.0 300.0 300.0
811.0338939873401 58 24714.0 27712.0 300.0 300.0 37 40875.0 42856.0 300.0 300.0
951.1163919606311 24 37462.0 40268.0 300.0 300.0 44 55058.0 57151.0 300.0 300.0
550.6009778043443 14 43544.0 46254.0 300.0 300.0 13 63479.0 66528.0 300.0 300.0
174.68765340301528 29 43607.0 46037.0 300.0 300.0 24 62341.0 65729.0 300.0 300.0
566.4688291935109 60 43173.0 45798.0 300.0 300.0 18 61329.0 63480.0 300.0 300.0
828.7190178699194 16 23906.0 26671.0 300.0 300.0 59 39977.0 42118.0 300.0 300.0
498.16450272564583 17 18499.0 22095.0 300.0 300.0 47 33901.0 35994.0 300.0 300.0
734.0333646680215 60 26793.0 29626.0 300.0 300.0 32 42243.0 44985.0 300.0 300.0
747.1949632618022 54 42285.0 45371.0 300.0 300.0 36 57353.0 60183.0 300.0 300.0
970.4656368893591 24 48139.0 50819.0 300.0 300.0 60 67028.0 70394.0 300.0 300.0
556.9386487903328 24 49433.0 51677.0 300.0 300.0 23 69051.0 71215.0 300.0 300.0
475.55694465026966 16 47534.0 49375.0 300.0 300.0 46 62346.0 64239.0 300.0 300.0
794.1227339658616 28 18627.0 21620.0 300.0 300.0 55 32748.0 36003.0 300.0 300.0
535.8461350118021 52 48065.0 51432.0 300.0 300.0 14 62847.0 65249.0 300.0 300.0
248.10682300080543 21 32132.0 34151.0 300.0 300.0 53 45213.0 47658.0 300.0 300.0
767.8120269338913 19 21823.0 23978.0 300.0 300.0 58 36887.0 39685.0 300.0 300.0
600.0135611420296 35 21047.0 23952.0 300.0 300.0 56 41808.0 44352.0 300.0 300.0
969.6723958931778 56 53886.0 56491.0 300.0 300.0 16 67352.0 69998.0 300.0 300.0
534.3676101045216 49 38954.0 41654.0 300.0 300.0 57 57673.0 59515.0 300.0 300.0
160.70540359971176 59 33952.0 36512.0 300.0 300.0 41 53556.0 56172.0 300.0 300.0
850.4303244191166 28 34817.0 38170.0 300.0 300.0 47 49855.0 52662.0 300.0 300.0
689.0630990878136 55 24130.0 27384.0 300.0 300.0 48 44393.0 46741.0 300.0 300.0
317.3225647836312 50 35398.0 37440.0 300.0 300.0 31 48848.0 51058.0 300.0 300.0
944.1101802730418 28 25157.0 28652.0 300.0 300.0 33 44987.0 46936.0 300.0 300.0
454.16622932930585 19 18215.0 21375.0 300.0 300.0 23 37746.0 40550.0 300.0 300.0
651.4338258819398 45 22265.0 24503.0 300.0 300.0 15 37112.0 40326.0 300.0 300.0
311.0705477254961 19 24313.0 26673.0 300.0 300.0 28 43079.0 46265.0 300.0 300.0
138.4940358758471 51 43498.0 46185.0 300.0 300.0 31 60624.0 62612.0 300.0 300.0
695.4461112589591 57 22670.0 25308.0 300.0 300.0 36 37556.0 39633.0 300.0 300.0
251.45985534395666 25 52119.0 54207.0 300.0 300.0 26 65771.0 68844.0 300.0 300.0
506.8215938816777 27 35769.0 38387.0 300.0 300.0 29 55821.0 58540.0 300.0 300.0
678.5190536136802 50 28165.0 30470.0 300.0 300.0 52 41305.0 44177.0 300.0 300.0
897.419874828509 22 34569.0 37915.0 300.0 300.0 48 52202.0 55288.0 300.0 300.0
425.6433705229491 57 22709.0 25523.0 300.0 300.0 56 39191.0 41844.0 300.0 300.0
709.9451849856111 53 18486.0 22014.0 300.0 300.0 28 34458.0 37458.0 300.0 300.0
715.6074525242196 44 27143.0 29907.0 300.0 300.0 33 44931.0 47118.0 300.0 300.0
12.44550198058203 54 34663.0 37167.0 300.0 300.0 33 48556.0 51324.0 300.0 300.0
992.5308689412333 30 33232.0 36036.0 300.0 300.0 45 48886.0 52095.0 300.0 300.0
866.2193333815121 40 19536.0 22758.0 300.0 300.0 59 36561.0 39438.0 300.0 300.0
349.257406138 59 26802.0 29688.0 300.0 300.0 60 47099.0 49536.0 300.0 300.0
649.3845341659344 55 43757.0 45994.0 300.0 300.0 21 57797.0 61354.0 300.0 300.0
124.79023363077158 47 33050.0 35175.0 300.0 300.0 46 51686.0 53873.0 300.0 300.0
98.14847275043859 16 18671.0 22073.0 300.0 300.0 34 38455.0 42001.0 300.0 300.0
699.4318870114325 45 45472.0 48575.0 300.0 300.0 35 60817.0 63813.0 300.0 300.0
611.6102999716783 49 22953.0 26366.0 300.0 300.0 58 39648.0 42630.0 300.0 300.0
436.2713481488354 43 23446.0 25597.0 300.0 300.0 14 38037.0 39892.0 300.0 300.0
545.0693314678571 54 48170.0 50347.0 300.0 300.0 56 66169.0 68548.0 300.0 300.0
53.632657907095705 32 50465.0 52901.0 300.0 300.0 60 68083.0 71365.0 300.0 300.0
51.65521558597197 55 27167.0 29106.0 300.0 300.0 47 42627.0 46163.0 300.0 300.0
472.838258391739 46 19736.0 22943.0 300.0 300.0 30 35421.0 37778.0 300.0 300.0
242.36621130550105 37 26518.0 28429.0 300.0 300.0 25 45412.0 48786.0 300.0 300.0
862.3104269607829 49 27231.0 29106.0 300.0 300.0 54 40154.0 43392.0 300.0 300.0
849.400302899244 27 28037.0 30567.0 300.0 300.0 36 46614.0 48435.0 300.0 300.0
420.174427385884 51 40024.0 42413.0 300.0 300.0 46 60139.0 63452.0 300.0 300.0
385.46797910947737 29 32505.0 35573.0 300.0 300.0 50 50117.0 51924.0 300.0 300.0
615.0514211377101 20 28485.0 31168.0 300.0 300.0 35 44785.0 47109.0 300.0 300.0
790.4366504263281 38 34514.0 36752.0 300.0 300.0 52 53639.0 56524.0 300.0 300.0
584.9274443167602 27 38446.0 41581.0 300.0 300.0 52 59538.0 63009.0 300.0 300.0
403.40120964969475 41 37489.0 40077.0 300.0 300.0 37 52737.0 54603.0 300.0 300.0
107.51961359514716 41 24134.0 26888.0 300.0 300.0 27 39148.0 41600.0 300.0 300.0
559.7047365849787 55 46542.0 48576.0 300.0 300.0 31 61006.0 63223.0 300.0 300.0
667.472938748746 28 44183.0 47698.0 300.0 300.0 57 62741.0 65426.0 300.0 300.0
314.52483535114703 16 21619.0 23574.0 300.0 300.0 27 35669.0 37582.0 300.0 300.0
305.42295366574854 16 39729.0 42064.0 300.0 300.0 51 58982.0 61903.0 300.0 300.0
472.74480349792856 47 47236.0 50329.0 300.0 300.0 50 62605.0 65941.0 300.0 300.0
25.24188888430401 50 38864.0 41352.0 300.0 300.0 17 55800.0 58541.0 300.0 300.0
853.6741496025371 39 48712.0 51536.0 300.0 300.0 44 65313.0 67357.0 300.0 300.0
926.8108503283057 40 35890.0 39408.0 300.0 300.0 48 55523.0 58432.0 300.0 300.0
242.86714509006546 52 43748.0 46463.0 300.0 300.0 16 62741.0 64775.0 300.0 300.0
24.96955339785767 37 40143.0 42592.0 300.0 300.0 15 60494.0 62561.0 300.0 300.0
845.2924091065122 14 52255.0 54617.0 300.0 300.0 38 68164.0 71195.0 300.0 300.0
997.7995217927759 14 23813.0 26973.0 300.0 300.0 31 43233.0 45621.0 300.0 300.0
927.2786383930629 43 42808.0 45747.0 300.0 300.0 40 62033.0 63869.0 300.0 300.0
200.3880637699955 10 38318.0 41100.0 300.0 300.0 51 56106.0 58129.0 300.0 300.0
251.23090862515397 33 35694.0 38370.0 300.0 300.0 35 49312.0 51299.0 300.0 300.0
989.3605723106693 39 36458.0 38748.0 300.0 300.0 14 54692.0 58222.0 300.0 300.0
508.6776147751488 11 45469.0 48588.0 300.0 300.0 10 63496.0 67008.0 300.0 300.0
268.7991375079173 28 23798.0 26472.0 300.0 300.0 32 39781.0 42885.0 300.0 300.0
244.74930967660003 60 53661.0 56483.0 300.0 300.0 57 72766.0 75194.0 300.0 300.0
714.0973654137835 21 21390.0 23194.0 300.0 300.0 32 40899.0 43359.0 300.0 300.0
351.0562185159082 56 19083.0 21615.0 300.0 300.0 17 39247.0 41830.0 300.0 300.0
115.62710086598615 17 42039.0 44778.0 300.0 300.0 32 58133.0 60911.0 300.0 300.0
553.8498158581453 40 37246.0 39729.0 300.0 300.0 26 55633.0 59157.0 300.0 300.0
951.9728940420761 31 49507.0 52221.0 300.0 300.0 14 64553.0 67455.0 300.0 300.0
19.426005210359754 33 36888.0 40310.0 300.0 300.0 27 55918.0 59130.0 300.0 300.0
630.4668284838967 30 27250.0 29481.0 300.0 300.0 17 46481.0 49590.0 300.0 300.0
177.430220008019 13 23684.0 26769.0 300.0 300.0 18 44716.0 46943.0 300.0 300.0
782.7418130381861 13 40022.0 42902.0 300.0 300.0 50 57543.0 60077.0 300.0 300.0
672.9085429014436 11 34779.0 37675.0 300.0 300.0 57 49659.0 52627.0 300.0 300.0
771.3047968208617 42 32771.0 35744.0 300.0 300.0 28 48712.0 51796.0 300.0 300.0
406.84278154075884 58 28973.0 32143.0 300.0 300.0 17 49239.0 51663.0 300.0 300.0
830.3783217791719 17 22056.0 25519.0 300.0 300.0 29 40618.0 42680.0 300.0 300.0
429.11002744829864 47 52969.0 55787.0 300.0 300.0 49 73753.0 76180.0 300.0 300.0
445.50595181821615 21 46421.0 48713.0 300.0 300.0 17 59664.0 62300.0 300.0 300.0
883.2966421685038 15 53008.0 56454.0 300.0 300.0 22 71974.0 75193.0 300.0 300.0
71.08069408775275 32 19093.0 22031.0 300.0 300.0 37 39025.0 41585.0 300.0 300.0
754.9251305616679 15 43206.0 45820.0 300.0 300.0 25 61773.0 64347.0 300.0 300.0
726.8230783584717 37 37459.0 39539.0 300.0 300.0 40 50764.0 53758.0 300.0 300.0
188.14418409644506 24 30705.0 32678.0 300.0 300.0 14 50303.0 52554.0 300.0 300.0
521.472523521528 58 46291.0 49160.0 300.0 300.0 16 65829.0 69361.0 300.0 300.0
64.89173077611821 20 26033.0 29105.0 300.0 300.0 46 41001.0 43914.0 300.0 300.0
577.0990682246936 47 44000.0 47295.0 300.0 300.0 10 60890.0 63098.0 300.0 300.0
198.44214472533062 19 35365.0 38172.0 300.0 300.0 42 51211.0 54710.0 300.0 300.0
7.409335313110943 50 52275.0 55608.0 300.0 300.0 10 69277.0 72604.0 300.0 300.0
302.9451026024191 43 25358.0 27276.0 300.0 300.0 59 44248.0 46395.0 300.0 300.0
609.4968978767686 13 35752.0 37563.0 300.0 300.0 49 54690.0 58063.0 300.0 300.0
144.28086645335492 50 38218.0 40185.0 300.0 300.0 33 55931.0 58571.0 300.0 300.0
316.33878055690934 20 48543.0 51706.0 300.0 300.0 25 67435.0 71029.0 300.0 300.0
346.89643962529505 58 45134.0 47671.0 300.0 300.0 25 64291.0 66106.0 300.0 300.0
517.0063384798387 57 48943.0 51905.0 300.0 300.0 35 68414.0 70795.0 300.0 300.0
977.225785832777 38 26595.0 29850.0 300.0 300.0 59 43922.0 47258.0 300.0 300.0
357.45135576775334 11 27003.0 29515.0 300.0 300.0 44 42369.0 45472.0 300.0 300.0
607.1872170561659 56 37471.0 40987.0 300.0 300.0 37 53037.0 56061.0 300.0 300.0
595.6398620007827 18 24062.0 27468.0 300.0 300.0 10 44736.0 46575.0 300.0 300.0
300.8174313586576 50 26597.0 28655.0 300.0 300.0 43 41482.0 44704.0 300.0 300.0
493.897822777203 32 53392.0 56231.0 300.0 300.0 16 69820.0 71990.0 300.0 300.0
192.44756019419762 35 34826.0 38016.0 300.0 300.0 44 50103.0 52035.0 300.0 300.0
316.14480108090856 45 22771.0 24669.0 300.0 300.0 44 37475.0 39421.0 300.0 300.0
724.4275385716971 54 28418.0 30833.0 300.0 300.0 42 43721.0 45635.0 300.0 300.0
970.1385397306059 56 45474.0 48712.0 300.0 300.0 46 60145.0 62838.0 300.0 300.0
484.1130303571611 43 49148.0 51487.0 300.0 300.0 54 68066.0 71639.0 300.0 300.0
141.2228829657892 50 53904.0 56766.0 300.0 300.0 57 72145.0 74553.0 300.0 300.0
80.87028411278818 54 29624.0 32515.0 300.0 300.0 39 45760.0 47620.0 300.0 300.0
335.0288431087779 57 51917.0 54010.0 300.0 300.0 41 69337.0 72335.0 300.0 300.0
900.8313357149447 31 29937.0 33207.0 300.0 300.0 16 45322.0 48823.0 300.0 300.0
747.1619976426522 44 35887.0 39065.0 300.0 300.0 37 52056.0 54212.0 300.0 300.0
496.019474303774 29 33761.0 35871.0 300.0 300.0 58 50304.0 52963.0 300.0 300.0
957.5339647631831 12 48623.0 50990.0 300.0 300.0 52 63967.0 66509.0 300.0 300.0
40.61649884329754 47 33183.0 36780.0 300.0 300.0 56 49337.0 51624.0 300.0 300.0
489.44916295537047 21 36261.0 38598.0 300.0 300.0 14 51907.0 53875.0 300.0 300.0
815.2842027005698 56 20519.0 23962.0 300.0 300.0 28 35183.0 37525.0 300.0 300.0
147.00559443445837 28 24036.0 27623.0 300.0 300.0 57 39735.0 42120.0 300.0 300.0
264.6849475679182 12 35957.0 38552.0 300.0 300.0 57 50440.0 53986.0 300.0 300.0
351.3483234531266 30 46165.0 49701.0 300.0 300.0 26 67603.0 69483.0 300.0 300.0
377.14629961552157 59 27520.0 30394.0 300.0 300.0 58 44619.0 47502.0 300.0 300.0
23.741865458065558 39 25589.0 28785.0 300.0 300.0 48 42708.0 45798.0 300.0 300.0
131.63424636511988 45 21176.0 24027.0 300.0 300.0 14 40236.0 43390.0 300.0 300.0
732.5894957966283 26 48696.0 51842.0 300.0 300.0 50 63814.0 67324.0 300.0 300.0
578.0655021435092 45 48423.0 51482.0 300.0 300.0 38 63303.0 65395.0 300.0 300.0
138.09093966778764 30 25953.0 27924.0 300.0 300.0 56 44351.0 47462.0 300.0 300.0
904.1021231318127 51 21657.0 24680.0 300.0 300.0 15 37007.0 39277.0 300.0 300.0
272.2312773401888 17 21030.0 24066.0 300.0 300.0 50 37794.0 41055.0 300.0 300.0
95.90921868143431 30 41590.0 44526.0 300.0 300.0 60 59641.0 63008.0 300.0 300.0
907.6480449862772 20 40131.0 42838.0 300.0 300.0 35 59062.0 60933.0 300.0 300.0
632.269729429946 24 28043.0 30673.0 300.0 300.0 41 45428.0 48680.0 300.0 300.0
455.4214867098921 56 18961.0 21006.0 300.0 300.0 10 32738.0 34856.0 300.0 300.0
30.665044058987956 33 49959.0 52560.0 300.0 300.0 57 65302.0 68219.0 300.0 300.0
232.13416813870035 45 46678.0 49591.0 300.0 300.0 28 64532.0 66807.0 300.0 300.0
69.54958051736004 22 23531.0 26771.0 300.0 300.0 39 42746.0 44771.0 300.0 300.0
28.19566789408079 22 37268.0 40238.0 300.0 300.0 43 52935.0 55824.0 300.0 300.0
581.5467985777462 39 48057.0 50790.0 300.0 300.0 38 66402.0 68303.0 300.0 300.0
154.33468007874617 29 34498.0 36307.0 300.0 300.0 26 47607.0 50667.0 300.0 300.0
895.5255334121332 45 45556.0 47479.0 300.0 300.0 13 61010.0 63320.0 300.0 300.0
237.61675647156378 41 43818.0 46000.0 300.0 300.0 38 61143.0 64691.0 300.0 300.0
208.70516570122965 46 24252.0 26605.0 300.0 300.0 47 38714.0 40603.0 300.0 300.0
163.0141136751505 20 30612.0 33584.0 300.0 300.0 47 48782.0 51922.0 300.0 300.0
409.68834441273947 26 26693.0 28540.0 300.0 300.0 13 41818.0 44684.0 300.0 300.0
626.4734940900966 53 37807.0 41351.0 300.0 300.0 32 54979.0 58352.0 300.0 300.0
525.6064442977446 15 23374.0 25442.0 300.0 300.0 14 39746.0 41660.0 300.0 300.0
680.013115482587 38 28228.0 30838.0 300.0 300.0 57 42364.0 45676.0 300.0 300.0
16.737172818472313 39 25993.0 29419.0 300.0 300.0 60 41024.0 43464.0 300.0 300.0
542.4193358066726 30 18831.0 20717.0 300.0 300.0 21 35837.0 38341.0 300.0 300.0
434.7442637575032 31 44741.0 46809.0 300.0 300.0 15 62515.0 65161.0 300.0 300.0
438.77255890316866 55 40173.0 42743.0 300.0 300.0 22 53979.0 56479.0 300.0 300.0
450.19367297074706 56 51823.0 55231.0 300.0 300.0 18 71166.0 73863.0 300.0 300.0
670.8471028713311 19 49685.0 52289.0 300.0 300.0 37 69848.0 73049.0 300.0 300.0
254.7003919680999 38 21414.0 24083.0 300.0 300.0 47 35980.0 38902.0 300.0 300.0
845.3184711756504 51 42353.0 44495.0 300.0 300.0 22 57425.0 60253.0 300.0 300.0
775.8023832705887 48 38027.0 40804.0 300.0 300.0 60 54678.0 57408.0 300.0 300.0
768.9595622389425 28 35834.0 38219.0 300.0 300.0 19 49281.0 52227.0 300.0 300.0
790.6727271948312 13 22174.0 25675.0 300.0 300.0 45 37328.0 40661.0 300.0 300.0
15.281117612086724 43 37465.0 39758.0 300.0 300.0 22 51665.0 54359.0 300.0 300.0
779.6670562710266 27 22770.0 25535.0 300.0 300.0 20 41322.0 44638.0 300.0 300.0
365.40946839537025 13 20468.0 22928.0 300.0 300.0 21 35158.0 37643.0 300.0 300.0
473.4399685781907 47 30231.0 32600.0 300.0 300.0 22 48395.0 51392.0 300.0 300.0
1.809919150397854 41 24512.0 27744.0 300.0 300.0 13 39875.0 42706.0 300.0 300.0
378.2995687659712 39 29958.0 31877.0 300.0 300.0 53 48494.0 51273.0 300.0 300.0
495.5468565782989 11 25843.0 27971.0 300.0 300.0 56 45970.0 48987.0 300.0 300.0
833.3338724742803 29 42111.0 44004.0 300.0 300.0 13 55968.0 58337.0 300.0 300.0
769.2856997277945 23 32953.0 36419.0 300.0 300.0 21 47465.0 49967.0 300.0 300.0
188.73452547633684 38 42434.0 44984.0 300.0 300.0 37 60905.0 63396.0 300.0 300.0
566.7256052868548 15 23325.0 26879.0 300.0 300.0 48 40701.0 43899.0 300.0 300.0
686.1418106550448 23 44411.0 47972.0 300.0 300.0 40 65907.0 68415.0 300.0 300.0
726.5201773790626 60 23446.0 25908.0 300.0 300.0 26 41069.0 44359.0 300.0 300.0
366.58911620803025 42 48390.0 51165.0 300.0 300.0 60 64428.0 67178.0 300.0 300.0
191.2852963928432 22 50109.0 53601.0 300.0 300.0 44 67682.0 70332.0 300.0 300.0
486.96382129725856 42 21329.0 23209.0 300.0 300.0 59 40602.0 43140.0 300.0 300.0
110.67204131340891 23 26141.0 28097.0 300.0 300.0 39 38912.0 41477.0 300.0 300.0
258.42451714932093 25 21527.0 23836.0 300.0 300.0 12 39885.0 42937.0 300.0 300.0
286.7381782888151 47 42009.0 43956.0 300.0 300.0 42 55322.0 58084.0 300.0 300.0
355.8997380418122 24 37855.0 41098.0 300.0 300.0 46 53111.0 55545.0 300.0 300.0
209.3980256170921 43 42355.0 44381.0 300.0 300.0 37 58008.0 60566.0 300.0 300.0
321.99141213016026 24 41476.0 44107.0 300.0 300.0 26 55462.0 57829.0 300.0 300.0
923.3556244155454 42 23082.0 25345.0 300.0 300.0 10 36435.0 38761.0 300.0 300.0
296.04390714567353 50 28459.0 30420.0 300.0 300.0 13 46235.0 49545.0 300.0 300.0
323.79618807338386 16 36234.0 38669.0 300.0 300.0 34 55662.0 57687.0 300.0 300.0
143.91934558423515 11 25823.0 28307.0 300.0 300.0 35 44357.0 46391.0 300.0 300.0
298.7619092505758 18 31974.0 34634.0 300.0 300.0 14 48424.0 50341.0 300.0 300.0
109.61616147690667 49 34871.0 37485.0 300.0 300.0 52 54685.0 56488.0 300.0 300.0
508.48786004341315 16 53609.0 56318.0 300.0 300.0 55 69776.0 72640.0 300.0 300.0
229.13523635130016 18 40830.0 43166.0 300.0 300.0 21 60651.0 64127.0 300.0 300.0
837.307735892553 59 35997.0 38742.0 300.0 300.0 52 55625.0 58971.0 300.0 300.0
472.15952842863305 21 31232.0 33159.0 300.0 300.0 30 44084.0 46471.0 300.0 300.0
477.72385436469534 39 25775.0 29117.0 300.0 300.0 49 42260.0 45425.0 300.0 300.0
549.7740566113284 52 52509.0 54654.0 300.0 300.0 14 71593.0 74152.0 300.0 300.0
748.9098065922256 55 26864.0 28806.0 300.0 300.0 51 41432.0 44669.0 300.0 300.0
547.5867126811506 10 18410.0 21046.0 300.0 300.0 40 33550.0 36386.0 300.0 300.0
637.6895176998053 23 18301.0 20578.0 300.0 300.0 22 36663.0 39304.0 300.0 300.0
623.5703451362293 39 49217.0 52030.0 300.0 300.0 21 65587.0 68923.0 300.0 300.0
437.7067240298199 17 46819.0 49643.0 300.0 300.0 28 62899.0 65293.0 300.0 300.0
418.45892273883413 22 37689.0 41158.0 300.0 300.0 40 56275.0 58954.0 300.0 300.0
995.2219724964237 33 33224.0 35530.0 300.0 300.0 58 51538.0 54964.0 300.0 300.0
142.69621653942733 41 43245.0 45479.0 300.0 300.0 32 60204.0 63609.0 300.0 300.0
925.2954978084832 22 32609.0 36206.0 300.0 300.0 31 49765.0 52075.0 300.0 300.0
466.23186389135054 24 35337.0 38151.0 300.0 300.0 56 49811.0 52092.0 300.0 300.0
701.9426783005678 24 51112.0 53562.0 300.0 300.0 32 65651.0 67762.0 300.0 300.0
893.738000554479 32 50136.0 52011.0 300.0 300.0 39 66384.0 68535.0 300.0 300.0
946.4772800535968 30 51297.0 54808.0 300.0 300.0 43 71741.0 74183.0 300.0 300.0
665.3060259004826 11 23709.0 27174.0 300.0 300.0 41 41312.0 44707.0 300.0 300.0
220.34657038820848 23 47487.0 49439.0 300.0 300.0 16 63324.0 66611.0 300.0 300.0
897.9803873426775 58 50541.0 53649.0 300.0 300.0 54 66900.0 69526.0 300.0 300.0
587.3549956257634 19 36361.0 39917.0 300.0 300.0 52 50940.0 53781.0 300.0 300.0
552.5691435912515 41 39564.0 42486.0 300.0 300.0 15 55992.0 59580.0 300.0 300.0
544.6791116276707 10 51985.0 54806.0 300.0 300.0 21 67991.0 70204.0 300.0 300.0
358.3929978407734 30 24397.0 26359.0 300.0 300.0 52 43847.0 45939.0 300.0 300.0
266.28899805026174 16 22842.0 25437.0 300.0 300.0 34 37798.0 40893.0 300.0 300.0
400.72070404737127 47 20223.0 23500.0 300.0 300.0 52 37256.0 40221.0 300.0 300.0
574.4705680403745 21 30357.0 32301.0 300.0 300.0 33 48620.0 51701.0 300.0 300.0
125.69144525402487 40 51067.0 52899.0 300.0 300.0 46 64773.0 68248.0 300.0 300.0
507.63200701191556 26 34498.0 37827.0 300.0 300.0 21 50058.0 52871.0 300.0 300.0
859.0200357532646 20 30929.0 33348.0 300.0 300.0 19 44289.0 46619.0 300.0 300.0
622.3869514227039 48 43089.0 45061.0 300.0 300.0 29 58428.0 61046.0 300.0 300.0
990.5713274304928 57 47806.0 49880.0 300.0 300.0 20 60806.0 63257.0 300.0 300.0
326.3274034527741 29 33973.0 36624.0 300.0 300.0 16 51461.0 53762.0 300.0 300.0
29.20051496238174 35 22471.0 24513.0 300.0 300.0 58 38554.0 40939.0 300.0 300.0
140.5952658077586 46 33869.0 36978.0 300.0 300.0 18 50248.0 52178.0 300.0 300.0
172.6898456708723 40 24493.0 26829.0 300.0 300.0 52 38883.0 41203.0 300.0 300.0
128.37030191695598 55 28951.0 32536.0 300.0 300.0 36 49794.0 51653.0 300.0 300.0
617.1449234727538 60 48665.0 52246.0 300.0 300.0 39 65247.0 67265.0 300.0 300.0
71.13036084836023 33 46557.0 49650.0 300.0 300.0 59 66329.0 69506.0 300.0 300.0
909.1968670108797 50 49073.0 52494.0 300.0 300.0 19 64217.0 67461.0 300.0 300.0
837.7936800223288 48 45068.0 47973.0 300.0 300.0 16 60999.0 63241.0 300.0 300.0
442.51739867574435 14 40651.0 42460.0 300.0 300.0 40 60371.0 63757.0 300.0 300.0
765.7892862933904 18 44539.0 47715.0 300.0 300.0 41 58609.0 61997.0 300.0 300.0
46.59314799769454 26 25481.0 28841.0 300.0 300.0 52 45577.0 49056.0 300.0 300.0
485.25690076698027 14 22055.0 25506.0 300.0 300.0 60 40241.0 43315.0 300.0 300.0
198.9000823518927 25 19331.0 22530.0 300.0 300.0 50 37300.0 40092.0 300.0 300.0
179.86861396857944 42 39476.0 41509.0 300.0 300.0 58 53152.0 56021.0 300.0 300.0
9.420904985354529 17 40040.0 43014.0 300.0 300.0 43 59470.0 62497.0 300.0 300.0
736.4773106954591 44 43141.0 45671.0 300.0 300.0 54 62673.0 64504.0 300.0 300.0
936.0833417946138 17 44338.0 46719.0 300.0 300.0 31 63465.0 66977.0 300.0 300.0
21.598660897666488 55 23485.0 25372.0 300.0 300.0 31 43059.0 45313.0 300.0 300.0
457.76720880484424 20 21436.0 24843.0 300.0 300.0 38 37429.0 39394.0 300.0 300.0
800.6600371738276 60 49196.0 51834.0 300.0 300.0 54 63235.0 65957.0 300.0 300.0
284.01038998867836 46 44053.0 47217.0 300.0 300.0 52 64463.0 67540.0 300.0 300.0
735.4182190904045 27 27631.0 30403.0 300.0 300.0 12 42212.0 45524.0 300.0 300.0
352.7885835956547 14 19344.0 22879.0 300.0 300.0 49 36038.0 38366.0 300.0 300.0
839.7451510375536 43 34405.0 36342.0 300.0 300.0 52 51229.0 53147.0 300.0 300.0
954.4786167269699 19 30016.0 32046.0 300.0 300.0 43 44932.0 48170.0 300.0 300.0
612.271919696722 32 44405.0 47505.0 300.0 300.0 29 62445.0 65507.0 300.0 300.0
25.440947146402216 34 33609.0 36557.0 300.0 300.0 46 49917.0 53297.0 300.0 300.0
398.70528980423813 22 45460.0 47751.0 300.0 300.0 15 62405.0 65581.0 300.0 300.0
542.0514812566342 33 26936.0 29237.0 300.0 300.0 28 43125.0 45675.0 300.0 300.0
953.9018476463579 26 36462.0 39644.0 300.0 300.0 23 56896.0 59659.0 300.0 300.0
188.32550430562233 33 19632.0 22426.0 300.0 300.0 56 33787.0 36763.0 300.0 300.0
495.29083029806844 43 51319.0 54897.0 300.0 300.0 60 72290.0 75230.0 300.0 300.0
99.73633479859745 12 18092.0 20738.0 300.0 300.0 59 31796.0 34684.0 300.0 300.0
70.64380863041231 36 44396.0 46362.0 300.0 300.0 32 58413.0 60806.0 300.0 300.0
644.0384703959171 40 48194.0 50762.0 300.0 300.0 56 64835.0 67875.0 300.0 300.0
844.5341304437167 47 35526.0 38119.0 300.0 300.0 25 49678.0 51710.0 300.0 300.0
387.83521689646403 10 39519.0 41966.0 300.0 300.0 29 55536.0 57957.0 300.0 300.0
963.5278360214234 11 42744.0 45079.0 300.0 300.0 16 57962.0 60965.0 300.0 300.0
725.6385166361272 19 21426.0 24934.0 300.0 300.0 54 37786.0 40798.0 300.0 300.0
248.98803606130292 21 19892.0 23197.0 300.0 300.0 18 34561.0 36780.0 300.0 300.0
85.9771155918312 27 46744.0 48921.0 300.0 300.0 37 62246.0 65841.0 300.0 300.0
831.5215299265124 32 43605.0 46876.0 300.0 300.0 11 62319.0 64949.0 300.0 300.0
255.82209936443456 17 36992.0 40414.0 300.0 300.0 32 57455.0 60932.0 300.0 300.0
460.0880512308448 26 29051.0 31937.0 300.0 300.0 47 42985.0 45626.0 300.0 300.0
618.6919343348657 45 53115.0 55977.0 300.0 300.0 29 69024.0 72098.0 300.0 300.0
53.54400165169493 60 23456.0 25386.0 300.0 300.0 34 38597.0 41915.0 300.0 300.0
31.124596156621664 34 41749.0 44523.0 300.0 300.0 54 57649.0 61214.0 300.0 300.0
809.1916743455673 15 25945.0 29431.0 300.0 300.0 53 41839.0 43976.0 300.0 300.0
573.9875593507537 13 22975.0 25600.0 300.0 300.0 57 36413.0 39966.0 300.0 300.0
22.41707758748246 43 42691.0 45026.0 300.0 300.0 13 60257.0 63055.0 300.0 300.0
525.9402077195334 12 40280.0 42655.0 300.0 300.0 30 54528.0 56815.0 300.0 300.0
618.7625106466772 26 20757.0 24027.0 300.0 300.0 54 40388.0 43900.0 300.0 300.0
992.2436388244143 38 19903.0 22369.0 300.0 300.0 16 36239.0 39422.0 300.0 300.0
154.20956315052302 60 19333.0 21149.0 300.0 300.0 31 34948.0 38030.0 300.0 300.0
668.3812442269511 53 30632.0 34045.0 300.0 300.0 14 51326.0 54425.0 300.0 300.0
834.8304983975141 49 52095.0 54147.0 300.0 300.0 44 66674.0 69772.0 300.0 300.0
69.33643654024291 34 20213.0 23172.0 300.0 300.0 39 40773.0 43682.0 300.0 300.0
561.4695713169865 50 40088.0 42564.0 300.0 300.0 27 58947.0 61552.0 300.0 300.0
165.9737199435738 58 21476.0 24979.0 300.0 300.0 21 41455.0 44842.0 300.0 300.0
471.27424121456943 12 35477.0 39000.0 300.0 300.0 60 51491.0 53396.0 300.0 300.0
53.261551665656384 42 32638.0 35495.0 300.0 300.0 38 50376.0 53387.0 300.0 300.0
262.6287493270264 54 47577.0 50243.0 300.0 300.0 10 64117.0 66557.0 300.0 300.0
953.9122779420105 30 45595.0 48345.0 300.0 300.0 52 61098.0 64578.0 300.0 300.0
324.6348925606585 40 30163.0 32318.0 300.0 300.0 18 48754.0 51153.0 300.0 300.0
317.62209513904185 53 36834.0 39348.0 300.0 300.0 55 53369.0 55630.0 300.0 300.0
402.40131717470763 41 44040.0 47148.0 300.0 300.0 36 60480.0 62713.0 300.0 300.0
902.0747730679403 31 40223.0 43451.0 300.0 300.0 35 57804.0 60339.0 300.0 300.0
5.085540096888441 60 23381.0 26198.0 300.0 300.0 36 38237.0 40632.0 300.0 300.0
768.2018979338425 40 49826.0 51780.0 300.0 300.0 39 65747.0 68304.0 300.0 300.0
779.2902221289257 54 31226.0 33502.0 300.0 300.0 34 50626.0 52526.0 300.0 300.0
949.2228079513201 15 31230.0 33929.0 300.0 300.0 41 49772.0 52175.0 300.0 300.0
634.8437993456283 16 18776.0 21699.0 300.0 300.0 10 38162.0 40786.0 300.0 300.0
880.4449923036667 46 38963.0 42079.0 300.0 300.0 40 56065.0 59634.0 300.0 300.0
16.351237566323395 24 35414.0 38203.0 300.0 300.0 25 55780.0 58259.0 300.0 300.0
333.7914087732287 59 39487.0 41742.0 300.0 300.0 55 55802.0 58686.0 300.0 300.0
589.7296592386575 15 31619.0 33975.0 300.0 300.0 24 51469.0 55065.0 300.0 300.0
776.0136112417629 21 50230.0 52913.0 300.0 300.0 45 64376.0 67901.0 300.0 300.0
970.1554885926361 57 29647.0 32700.0 300.0 300.0 14 45838.0 47893.0 300.0 300.0
560.3972651555314 11 51975.0 54723.0 300.0 300.0 37 70346.0 73257.0 300.0 300.0
402.7343941247852 19 36867.0 39350.0 300.0 300.0 49 56286.0 59276.0 300.0 300.0
825.6991862594518 47 39899.0 42127.0 300.0 300.0 33 54090.0 57083.0 300.0 300.0
450.4294361100892 19 26257.0 28846.0 300.0 300.0 46 40867.0 43986.0 300.0 300.0
179.6721363682835 45 27293.0 29799.0 300.0 300.0 24 41892.0 45222.0 300.0 300.0
410.3807001777471 27 43619.0 46345.0 300.0 300.0 14 58050.0 61400.0 300.0 300.0
313.8119199174977 16 49570.0 51828.0 300.0 300.0 31 68277.0 71355.0 300.0 300.0
19.140672701733365 29 19652.0 21526.0 300.0 300.0 23 37256.0 40561.0 300.0 300.0
366.2537896641973 44 35204.0 37855.0 300.0 300.0 55 52834.0 55665.0 300.0 300.0
903.3181155991444 18 28823.0 32267.0 300.0 300.0 33 44218.0 47559.0 300.0 300.0
715.7762703724549 30 49547.0 51791.0 300.0 300.0 49 65196.0 68532.0 300.0 300.0
552.8369646699873 12 44082.0 46884.0 300.0 300.0 57 64078.0 67265.0 300.0 300.0
655.7439575665564 54 38694.0 42183.0 300.0 300.0 38 58875.0 60781.0 300.0 300.0
442.01182469786227 43 38273.0 40856.0 300.0 300.0 54 51813.0 53683.0 300.0 300.0
126.01123135822756 13 33268.0 36854.0 300.0 300.0 43 52786.0 54676.0 300.0 300.0
385.83493399543966 59 33713.0 36072.0 300.0 300.0 16 49073.0 51396.0 300.0 300.0
46.16932730455614 50 34741.0 37246.0 300.0 300.0 11 54825.0 57820.0 300.0 300.0
616.547110945654 41 50018.0 52521.0 300.0 300.0 55 69133.0 71471.0 300.0 300.0
327.2757268195512 10 24198.0 26318.0 300.0 300.0 13 42206.0 44506.0 300.0 300.0
204.39395459985965 24 24886.0 27542.0 300.0 300.0 23 44656.0 46572.0 300.0 300.0
982.9577457267554 31 28603.0 30817.0 300.0 300.0 52 41827.0 44721.0 300.0 300.0
866.4857452374808 56 38238.0 40396.0 300.0 300.0 37 55649.0 58270.0 300.0 300.0
915.5113161918183 21 48100.0 50740.0 300.0 300.0 44 63326.0 66028.0 300.0 300.0
433.2995685521177 49 30763.0 32617.0 300.0 300.0 55 49592.0 51840.0 300.0 300.0
528.6687843185665 33 53894.0 56640.0 300.0 300.0 43 69560.0 72901.0 300.0 300.0
32.37460693521077 47 50448.0 52535.0 300.0 300.0 37 68578.0 71012.0 300.0 300.0
785.8154127784403 45 28021.0 30804.0 300.0 300.0 15 42355.0 45522.0 300.0 300.0
646.3204253576438 47 38860.0 41211.0 300.0 300.0 35 53926.0 57105.0 300.0 300.0
269.69450342102573 35 35066.0 38073.0 300.0 300.0 48 54808.0 57227.0 300.0 300.0
84.92100075719034 21 33602.0 36509.0 300.0 300.0 32 52702.0 54849.0 300.0 300.0
145.5305144811283 51 20623.0 23845.0 300.0 300.0 53 39245.0 42284.0 300.0 300.0
540.7911909481276 17 36072.0 39135.0 300.0 300.0 40 52807.0 54618.0 300.0 300.0
231.8719373374296 29 24138.0 27558.0 300.0 300.0 15 41000.0 44273.0 300.0 300.0
971.0130349614759 51 47225.0 50385.0 300.0 300.0 15 65470.0 67741.0 300.0 300.0
49.535806377603464 34 34629.0 37035.0 300.0 300.0 13 48307.0 51476.0 300.0 300.0
244.1131187986434 54 21796.0 25382.0 300.0 300.0 55 37196.0 40441.0 300.0 300.0
265.4266517679609 47 25619.0 28228.0 300.0 300.0 20 46058.0 49334.0 300.0 300.0
727.6778106152212 15 36134.0 38431.0 300.0 300.0 46 54270.0 56190.0 300.0 300.0
250.6795409196616 32 31219.0 34295.0 300.0 300.0 24 47630.0 50014.0 300.0 300.0
166.2533531920003 18 51671.0 55202.0 300.0 300.0 26 67445.0 70355.0 300.0 300.0
16.892246482962946 24 40536.0 43110.0 300.0 300.0 35 55378.0 58665.0 300.0 300.0
945.7336820411906 32 45647.0 47486.0 300.0 300.0 26 60822.0 63431.0 300.0 300.0
924.8919264936138 46 30077.0 33146.0 300.0 300.0 19 46745.0 50245.0 300.0 300.0
277.3624860424385 52 30153.0 33558.0 300.0 300.0 20 44701.0 48087.0 300.0 300.0
731.6276742280021 12 36316.0 39129.0 300.0 300.0 52 56203.0 58458.0 300.0 300.0
314.30754114484915 21 24355.0 27305.0 300.0 300.0 20 39085.0 41008.0 300.0 300.0
565.8698869249945 26 53635.0 55496.0 300.0 300.0 45 69834.0 72987.0 300.0 300.0
573.4196639581562 22 39822.0 42826.0 300.0 300.0 42 54867.0 57603.0 300.0 300.0
725.2809632112543 31 28029.0 31054.0 300.0 300.0 43 43807.0 47312.0 300.0 300.0
345.5516584731472 60 49588.0 51622.0 300.0 300.0 42 64504.0 66411.0 300.0 300.0
48.32660578990122 21 43653.0 45871.0 300.0 300.0 52 61934.0 64444.0 300.0 300.0
595.3530634636578 25 30796.0 32601.0 300.0 300.0 33 46004.0 48876.0 300.0 300.0
426.02405223168984 16 34045.0 36594.0 300.0 300.0 58 54055.0 57492.0 300.0 300.0
465.80897398643594 32 52682.0 54501.0 300.0 300.0 38 67880.0 70617.0 300.0 300.0
531.6503593256978 32 50866.0 53706.0 300.0 300.0 34 71512.0 74783.0 300.0 300.0
188.372637460253 33 39007.0 41591.0 300.0 300.0 56 59430.0 61273.0 300.0 300.0
421.61037527415624 23 37684.0 40721.0 300.0 300.0 13 57125.0 59592.0 300.0 300.0
465.13966364387795 56 42934.0 45790.0 300.0 300.0 44 62351.0 65525.0 300.0 300.0
517.4187405117274 12 29814.0 31957.0 300.0 300.0 28 49041.0 51568.0 300.0 300.0
228.2916254715388 18 45362.0 48020.0 300.0 300.0 52 64099.0 66272.0 300.0 300.0
946.2832996260646 39 21741.0 24497.0 300.0 300.0 50 42026.0 45427.0 300.0 300.0
821.5357014404227 53 50846.0 53794.0 300.0 300.0 54 65800.0 67758.0 300.0 300.0
984.565656690633 48 31239.0 33359.0 300.0 300.0 45 47003.0 49013.0 300.0 300.0
800.4017152679992 59 48924.0 51318.0 300.0 300.0 16 63411.0 65799.0 300.0 300.0
712.2899752948244 46 41023.0 43708.0 300.0 300.0 39 59655.0 63162.0 300.0 300.0
659.3147355479849 50 48811.0 51522.0 300.0 300.0 40 64036.0 65941.0 300.0 300.0
105.10056150992841 42 37640.0 40399.0 300.0 300.0 21 56502.0 60082.0 300.0 300.0
294.00623886979014 52 38261.0 40539.0 300.0 300.0 22 51922.0 55336.0 300.0 300.0
929.2318023416818 50 51108.0 53139.0 300.0 300.0 21 71056.0 73788.0 300.0 300.0
63.09800925740061 50 36853.0 39228.0 300.0 300.0 49 56279.0 59869.0 300.0 300.0
591.130560249248 41 37564.0 40531.0 300.0 300.0 28 56955.0 60328.0 300.0 300.0
72.00459354997247 18 49986.0 53151.0 300.0 300.0 53 63981.0 65813.0 300.0 300.0
761.7093729811132 51 43534.0 45857.0 300.0 300.0 30 59175.0 61518.0 300.0 300.0
149.44142825827066 59 22328.0 25448.0 300.0 300.0 14 39913.0 42740.0 300.0 300.0
240.53740844714378 57 33151.0 35989.0 300.0 300.0 30 50147.0 52880.0 300.0 300.0
789.9604798018107 20 26278.0 28165.0 300.0 300.0 47 45002.0 47796.0 300.0 300.0
351.69608400102294 54 32448.0 35387.0 300.0 300.0 27 51965.0 55223.0 300.0 300.0
697.6032517566063 51 35702.0 37915.0 300.0 300.0 10 50033.0 51992.0 300.0 300.0
734.0137820127834 35 51218.0 54366.0 300.0 300.0 34 69746.0 73326.0 300.0 300.0
72.87509788060187 19 27779.0 30966.0 300.0 300.0 45 45848.0 48058.0 300.0 300.0
876.8014618015534 37 51483.0 53911.0 300.0 300.0 38 66054.0 67995.0 300.0 300.0
259.09514842817913 29 25577.0 28471.0 300.0 300.0 23 41540.0 43506.0 300.0 300.0
190.26379088877 44 44854.0 47727.0 300.0 300.0 59 59452.0 61474.0 300.0 300.0
110.42618394193937 51 32779.0 35999.0 300.0 300.0 14 49878.0 52390.0 300.0 300.0
929.0614646410886 56 32229.0 34660.0 300.0 300.0 41 49822.0 52938.0 300.0 300.0
502.5782957558048 33 49094.0 52500.0 300.0 300.0 51 64089.0 66989.0 300.0 300.0
409.02486078049816 13 53993.0 56716.0 300.0 300.0 28 74668.0 76524.0 300.0 300.0
802.7218647537239 49 25998.0 28302.0 300.0 300.0 34 43746.0 47125.0 300.0 300.0
781.1199209180469 19 47126.0 49085.0 300.0 300.0 14 64362.0 66519.0 300.0 300.0
106.32963895408753 16 26619.0 29202.0 300.0 300.0 44 41404.0 43858.0 300.0 300.0
123.16970252009718 46 51881.0 55090.0 300.0 300.0 36 71929.0 75140.0 300.0 300.0
378.6587152663091 55 22483.0 25284.0 300.0 300.0 52 37301.0 39136.0 300.0 300.0
857.6416960180532 60 29971.0 33345.0 300.0 300.0 33 50960.0 53125.0 300.0 300.0
784.9178221370712 22 34380.0 37042.0 300.0 300.0 34 55012.0 58245.0 300.0 300.0
941.4980964867617 13 31610.0 34348.0 300.0 300.0 33 47945.0 50117.0 300.0 300.0
917.7610644902901 20 44319.0 47829.0 300.0 300.0 56 61084.0 64136.0 300.0 300.0
949.524496144775 37 28433.0 32021.0 300.0 300.0 29 48605.0 50736.0 300.0 300.0
29.892139714282507 29 41195.0 44752.0 300.0 300.0 35 61050.0 64350.0 300.0 300.0
992.9306220145775 31 51073.0 53404.0 300.0 300.0 33 66939.0 69175.0 300.0 300.0
933.9184742412666 55 33810.0 36464.0 300.0 300.0 44 47946.0 50873.0 300.0 300.0
396.95339910573455 23 23088.0 26636.0 300.0 300.0 29 37712.0 39668.0 300.0 300.0
856.2022328947836 58 39970.0 43340.0 300.0 300.0 33 56731.0 59740.0 300.0 300.0
580.6671892446054 29 35715.0 39258.0 300.0 300.0 53 56865.0 59691.0 300.0 300.0
125.72749173786013 58 38705.0 41835.0 300.0 300.0 33 54254.0 57761.0 300.0 300.0
624.5679693641018 38 34444.0 36680.0 300.0 300.0 41 50597.0 54030.0 300.0 300.0
276.7299974453263 15 48890.0 51600.0 300.0 300.0 37 68226.0 71660.0 300.0 300.0
421.4752785533945 19 28367.0 30812.0 300.0 300.0 48 46025.0 48093.0 300.0 300.0
563.1821464751921 18 50765.0 54233.0 300.0 300.0 16 67767.0 70531.0 300.0 300.0
37.98905861911339 12 45279.0 48863.0 300.0 300.0 17 63403.0 66281.0 300.0 300.0
376.7291387548573 32 41443.0 43558.0 300.0 300.0 18 56044.0 59073.0 300.0 300.0
280.6244468817082 44 34249.0 37130.0 300.0 300.0 34 47962.0 49794.0 300.0 300.0
964.2473104035271 58 38622.0 41059.0 300.0 300.0 40 57587.0 59488.0 300.0 300.0
385.6785805439391 44 50347.0 52536.0 300.0 300.0 20 67020.0 69447.0 300.0 300.0
728.1326942568995 42 24500.0 26756.0 300.0 300.0 23 38565.0 41112.0 300.0 300.0
17.084593169538476 56 36858.0 39789.0 300.0 300.0 32 52350.0 54323.0 300.0 300.0
317.3879416629034 47 29361.0 31846.0 300.0 300.0 46 45204.0 47502.0 300.0 300.0
253.5822288113009 59 33078.0 35019.0 300.0 300.0 36 51181.0 54546.0 300.0 300.0
470.6016164179877 32 39585.0 42467.0 300.0 300.0 49 53692.0 55510.0 300.0 300.0
226.45804105989353 56 45035.0 48410.0 300.0 300.0 44 66256.0 69563.0 300.0 300.0
927.4162800290037 29 44660.0 46650.0 300.0 300.0 54 59965.0 62741.0 300.0 300.0
392.231610621673 44 19407.0 21719.0 300.0 300.0 34 34475.0 36647.0 300.0 300.0
691.8527166685377 46 38307.0 40625.0 300.0 300.0 32 53908.0 56253.0 300.0 300.0
810.7158217624935 55 52874.0 55204.0 300.0 300.0 56 71447.0 74030.0 300.0 300.0
2.057988592352178 58 34554.0 37178.0 300.0 300.0 25 50279.0 53535.0 300.0 300.0
76.95890654086568 35 24180.0 27237.0 300.0 300.0 43 45106.0 48030.0 300.0 300.0
764.2176948036692 56 18606.0 22074.0 300.0 300.0 48 35786.0 38845.0 300.0 300.0
914.1614067421148 13 48445.0 51907.0 300.0 300.0 57 65388.0 68680.0 300.0 300.0
155.42754766164168 21 27033.0 30468.0 300.0 300.0 27 45587.0 49156.0 300.0 300.0
671.6037627392498 45 53838.0 56582.0 300.0 300.0 26 73093.0 75694.0 300.0 300.0
37.54928682341474 17 28035.0 30099.0 300.0 300.0 60 47070.0 50314.0 300.0 300.0
744.1455419247409 16 46453.0 49361.0 300.0 300.0 15 64155.0 66011.0 300.0 300.0
682.1421285922148 14 20679.0 22697.0 300.0 300.0 16 37899.0 40937.0 300.0 300.0
4.568494889920505 30 28148.0 30431.0 300.0 300.0 16 42196.0 44334.0 300.0 300.0
750.5043413041438 23 19750.0 23241.0 300.0 300.0 36 34379.0 37943.0 300.0 300.0
842.9082427462608 50 48007.0 50104.0 300.0 300.0 58 61933.0 64271.0 300.0 300.0
152.0922585354092 31 30442.0 33024.0 300.0 300.0 20 48387.0 51816.0 300.0 300.0
73.30438537065143 14 45746.0 48036.0 300.0 300.0 29 59184.0 61210.0 300.0 300.0
202.89845971897458 41 42179.0 45381.0 300.0 300.0 53 63293.0 66083.0 300.0 300.0
393.5251741500557 36 27546.0 30926.0 300.0 300.0 44 46456.0 48917.0 300.0 300.0
790.9265339604077 51 21372.0 23339.0 300.0 300.0 40 38895.0 41124.0 300.0 300.0
969.2885442978785 53 35106.0 38563.0 300.0 300.0 59 55539.0 57848.0 300.0 300.0
131.23966981756973 20 18546.0 21377.0 300.0 300.0 55 33459.0 35959.0 300.0 300.0
128.28706658872912 45 44810.0 47794.0 300.0 300.0 10 64656.0 67224.0 300.0 300.0
245.09709196733732 48 39804.0 42764.0 300.0 300.0 58 53897.0 57154.0 300.0 300.0
760.2769736606781 51 48232.0 51217.0 300.0 300.0 53 64718.0 66699.0 300.0 300.0
847.7137496705973 40 35485.0 38357.0 300.0 300.0 29 55058.0 57631.0 300.0 300.0
361.94297013744614 25 18337.0 21892.0 300.0 300.0 19 35986.0 38916.0 300.0 300.0
682.8510435748419 17 47957.0 51358.0 300.0 300.0 23 69208.0 71074.0 300.0 300.0
380.0965827325686 30 25038.0 28035.0 300.0 300.0 46 40272.0 42682.0 300.0 300.0
39.80755799097491 10 22932.0 25893.0 300.0 300.0 56 42264.0 45092.0 300.0 300.0
595.0889229181291 34 24572.0 27308.0 300.0 300.0 36 39674.0 42927.0 300.0 300.0
753.842460071201 29 26300.0 28496.0 300.0 300.0 14 41774.0 44925.0 300.0 300.0
358.4648360540775 60 33779.0 36549.0 300.0 300.0 26 51804.0 54374.0 300.0 300.0
183.42036516500616 35 34277.0 37343.0 300.0 300.0 20 48992.0 51002.0 300.0 300.0
24.585927792713626 26 19021.0 20954.0 300.0 300.0 35 34626.0 37677.0 300.0 300.0
720.0789477002493 21 48294.0 50226.0 300.0 300.0 15 63276.0 65546.0 300.0 300.0
474.30299089562465 58 29294.0 31974.0 300.0 300.0 48 43639.0 45930.0 300.0 300.0
296.7279260557101 57 26479.0 29015.0 300.0 300.0 28 42695.0 46078.0 300.0 300.0
158.2421018845146 26 29220.0 31064.0 300.0 300.0 36 43404.0 45517.0 300.0 300.0
79.70478278994975 30 26254.0 29164.0 300.0 300.0 26 46859.0 48950.0 300.0 300.0
135.7346829089029 44 22031.0 24649.0 300.0 300.0 58 38649.0 41479.0 300.0 300.0
255.22756549688907 15 22386.0 25302.0 300.0 300.0 53 40880.0 43720.0 300.0 300.0
560.0957370048357 35 43405.0 45373.0 300.0 300.0 26 60457.0 62582.0 300.0 300.0
232.66303223601014 23 35055.0 37962.0 300.0 300.0 22 51700.0 54803.0 300.0 300.0
478.4388523820242 38 52910.0 55012.0 300.0 300.0 51 69626.0 73150.0 300.0 300.0
100.30678272957871 31 35961.0 38338.0 300.0 300.0 12 56214.0 58284.0 300.0 300.0
550.4876083055426 13 33848.0 36008.0 300.0 300.0 52 50748.0 53623.0 300.0 300.0
183.56704623523035 45 42318.0 45474.0 300.0 300.0 13 59501.0 62847.0 300.0 300.0
831.252016722561 37 30065.0 32847.0 300.0 300.0 54 47698.0 50857.0 300.0 300.0
704.3422854006683 25 23421.0 25264.0 300.0 300.0 36 40787.0 42616.0 300.0 300.0
451.7121636450873 27 21689.0 25195.0 300.0 300.0 29 41184.0 44631.0 300.0 300.0
942.151383450817 29 33432.0 36075.0 300.0 300.0 58 47766.0 50717.0 300.0 300.0
323.8921014913422 32 35361.0 38621.0 300.0 300.0 30 54486.0 57807.0 300.0 300.0
804.7495364375171 48 41499.0 44615.0 300.0 300.0 40 57725.0 59986.0 300.0 300.0
705.3890815127597 14 42919.0 44757.0 300.0 300.0 39 57700.0 60715.0 300.0 300.0
165.46106528609795 22 33436.0 36273.0 300.0 300.0 14 52516.0 55038.0 300.0 300.0
6.401685783659072 49 27273.0 30072.0 300.0 300.0 59 47098.0 48953.0 300.0 300.0
787.5681610912798 37 36091.0 38552.0 300.0 300.0 33 50000.0 51830.0 300.0 300.0
891.7979386131989 30 24796.0 27991.0 300.0 300.0 33 44005.0 46771.0 300.0 300.0
688.4771285275507 14 47242.0 50378.0 300.0 300.0 10 67201.0 69792.0 300.0 300.0
913.3861146774337 46 36355.0 38918.0 300.0 300.0 28 51153.0 53767.0 300.0 300.0
688.0814910604898 17 22507.0 25076.0 300.0 300.0 33 38508.0 40917.0 300.0 300.0
354.2708247830307 11 36550.0 39327.0 300.0 300.0 40 51530.0 54227.0 300.0 300.0
911.1654413684222 36 53097.0 56672.0 300.0 300.0 18 71607.0 73852.0 300.0 300.0
38.34772674726905 52 49962.0 52353.0 300.0 300.0 10 68307.0 71777.0 300.0 300.0
681.633439202024 38 28340.0 30841.0 300.0 300.0 29 43515.0 46898.0 300.0 300.0
773.3385072244023 59 49590.0 52506.0 300.0 300.0 43 64537.0 66495.0 300.0 300.0
549.9753223915627 44 35429.0 37383.0 300.0 300.0 20 50818.0 52962.0 300.0 300.0
184.39426949978522 56 50262.0 52088.0 300.0 300.0 52 67553.0 70591.0 300.0 300.0
862.2192703336303 34 19690.0 21843.0 300.0 300.0 21 36606.0 39861.0 300.0 300.0
645.678054020243 46 18766.0 21569.0 300.0 300.0 59 36219.0 38769.0 300.0 300.0
20.602539509532726 42 28328.0 31742.0 300.0 300.0 50 43913.0 46414.0 300.0 300.0
127.32622302517338 12 27777.0 30422.0 300.0 300.0 42 47692.0 50853.0 300.0 300.0
349.5917008676721 16 25010.0 28338.0 300.0 300.0 35 44864.0 47370.0 300.0 300.0
202.01098143314488 30 53364.0 55660.0 300.0 300.0 36 68473.0 71658.0 300.0 300.0
696.3714020148984 57 43944.0 46012.0 300.0 300.0 43 63158.0 65732.0 300.0 300.0
465.5842817871231 49 49810.0 51642.0 300.0 300.0 39 62718.0 64915.0 300.0 300.0
727.5367697283287 22 24314.0 27676.0 300.0 300.0 33 43448.0 46168.0 300.0 300.0
845.9526595138494 53 32557.0 35464.0 300.0 300.0 41 52819.0 56200.0 300.0 300.0
482.8789896796767 29 48949.0 51455.0 300.0 300.0 31 65025.0 67541.0 300.0 300.0
938.7645817823884 24 35065.0 36941.0 300.0 300.0 32 54630.0 58061.0 300.0 300.0
496.63914321121064 10 44781.0 46646.0 300.0 300.0 19 63706.0 66473.0 300.0 300.0
712.4153000100353 16 34947.0 37212.0 300.0 300.0 42 54880.0 57137.0 300.0 300.0
564.5841578993358 48 34972.0 37244.0 300.0 300.0 42 51666.0 54298.0 300.0 300.0
872.3861503503223 29 40642.0 42563.0 300.0 300.0 18 56016.0 58460.0 300.0 300.0
624.2695662038103 13 20993.0 23687.0 300.0 300.0 58 36186.0 39176.0 300.0 300.0
429.51843397719415 31 51619.0 54326.0 300.0 300.0 38 66483.0 69868.0 300.0 300.0
812.8124926224456 24 29535.0 31796.0 300.0 300.0 49 44222.0 46135.0 300.0 300.0
751.3214258181058 53 33280.0 35944.0 300.0 300.0 32 53460.0 56596.0 300.0 300.0
392.69198540396167 38 47109.0 50468.0 300.0 300.0 35 64885.0 68261.0 300.0 300.0
622.0620509265112 54 40783.0 42808.0 300.0 300.0 16 56317.0 58497.0 300.0 300.0
197.1877705906421 40 44520.0 47544.0 300.0 300.0 43 62406.0 65017.0 300.0 300.0
737.7772889872065 33 25349.0 27852.0 300.0 300.0 38 44274.0 46359.0 300.0 300.0
583.1014070146491 29 25214.0 28151.0 300.0 300.0 39 45454.0 48023.0 300.0 300.0
117.46976849733937 58 27619.0 30364.0 300.0 300.0 37 44171.0 47409.0 300.0 300.0
613.7896512525832 26 27606.0 30027.0 300.0 300.0 14 46979.0 48886.0 300.0 300.0
231.940555276418 54 51543.0 53529.0 300.0 300.0 30 69700.0 73152.0 300.0 300.0
589.0679725254568 25 22903.0 25816.0 300.0 300.0 46 37280.0 40175.0 300.0 300.0
206.71019203178875 51 19353.0 22237.0 300.0 300.0 15 39980.0 43491.0 300.0 300.0
833.3760332902772 11 48318.0 50170.0 300.0 300.0 59 66362.0 69669.0 300.0 300.0
324.3787421715073 23 36584.0 39033.0 300.0 300.0 19 53848.0 56965.0 300.0 300.0
327.2766111022105 49 37851.0 41187.0 300.0 300.0 37 58905.0 61213.0 300.0 300.0
673.0569723872125 53 20862.0 22929.0 300.0 300.0 13 38053.0 40984.0 300.0 300.0
781.7978238901693 21 26504.0 29333.0 300.0 300.0 38 44390.0 46787.0 300.0 300.0
209.01282528767484 24 33467.0 36877.0 300.0 300.0 34 52773.0 54960.0 300.0 300.0
806.6156263491889 34 47680.0 50609.0 300.0 300.0 13 65637.0 68446.0 300.0 300.0
630.6487293958132 47 32296.0 34517.0 300.0 300.0 26 50749.0 53137.0 300.0 300.0
92.2728986350172 32 41042.0 44323.0 300.0 300.0 17 59232.0 62675.0 300.0 300.0
313.95622063076587 39 47875.0 51425.0 300.0 300.0 27 66490.0 69993.0 300.0 300.0
928.5820713116964 13 27891.0 29704.0 300.0 300.0 47 45548.0 48234.0 300.0 300.0
512.6626134525652 42 27203.0 30622.0 300.0 300.0 49 45129.0 48559.0 300.0 300.0
815.4751020113983 55 52449.0 55122.0 300.0 300.0 12 72860.0 74865.0 300.0 300.0
64.73971486080465 40 27357.0 29937.0 300.0 300.0 54 47360.0 49586.0 300.0 300.0
522.6349704114637 49 52921.0 55594.0 300.0 300.0 12 73220.0 76070.0 300.0 300.0
815.5158948765766 28 43583.0 46329.0 300.0 300.0 56 60853.0 63228.0 300.0 300.0
338.43292519613686 15 50835.0 52927.0 300.0 300.0 21 70249.0 73121.0 300.0 300.0
820.4196222374474 43 47736.0 50035.0 300.0 300.0 51 62369.0 64182.0 300.0 300.0
769.5426835122018 26 27607.0 30895.0 300.0 300.0 14 47936.0 50398.0 300.0 300.0
440.86216132443366 48 23072.0 25881.0 300.0 300.0 14 36779.0 40124.0 300.0 300.0
947.0222208982391 53 28265.0 31301.0 300.0 300.0 15 45617.0 48837.0 300.0 300.0
617.7922468629337 47 37889.0 39959.0 300.0 300.0 41 54727.0 57521.0 300.0 300.0
33.93353495166318 27 52373.0 55183.0 300.0 300.0 58 71767.0 73780.0 300.0 300.0
681.2498301314561 29 29107.0 32319.0 300.0 300.0 33 44315.0 47795.0 300.0 300.0
69.37542649250229 57 36099.0 37906.0 300.0 300.0 11 52643.0 55741.0 300.0 300.0
922.4147967697928 16 31696.0 33584.0 300.0 300.0 44 47807.0 50733.0 300.0 300.0
714.1738387073964 26 37422.0 40779.0 300.0 300.0 42 52126.0 54184.0 300.0 300.0
68.16287588417214 24 39476.0 41311.0 300.0 300.0 25 55667.0 58422.0 300.0 300.0
58.8199172713203 48 35250.0 38129.0 300.0 300.0 46 51079.0 52890.0 300.0 300.0
617.3591610665046 51 18381.0 20706.0 300.0 300.0 28 33230.0 35257.0 300.0 300.0
23.361272223597517 46 21024.0 24448.0 300.0 300.0 25 38495.0 41955.0 300.0 300.0
442.76419197106753 57 42056.0 44096.0 300.0 300.0 19 56813.0 59188.0 300.0 300.0
414.9960545314043 33 52567.0 55452.0 300.0 300.0 39 73390.0 75922.0 300.0 300.0
961.6015403416434 23 35841.0 38036.0 300.0 300.0 15 50973.0 54090.0 300.0 300.0
639.6348712694617 14 22679.0 26171.0 300.0 300.0 25 40565.0 43462.0 300.0 300.0
720.014767324138 44 48824.0 51295.0 300.0 300.0 39 65410.0 68901.0 300.0 300.0
600.5955944423965 57 43677.0 46040.0 300.0 300.0 27 63756.0 66889.0 300.0 300.0
219.67788834152046 50 23771.0 26040.0 300.0 300.0 14 37667.0 39693.0 300.0 300.0
907.1684634377402 47 37494.0 40762.0 300.0 300.0 10 55919.0 58083.0 300.0 300.0
895.9426490223887 39 22408.0 24940.0 300.0 300.0 40 40797.0 43095.0 300.0 300.0
88.69949401161247 27 43611.0 45440.0 300.0 300.0 28 62935.0 65274.0 300.0 300.0
102.71103416538018 60 20498.0 23810.0 300.0 300.0 22 35009.0 38538.0 300.0 300.0
731.1269876251897 34 41579.0 44280.0 300.0 300.0 52 57520.0 60886.0 300.0 300.0
895.6871600891646 33 33442.0 35438.0 300.0 300.0 44 48939.0 51679.0 300.0 300.0
971.9832039515111 16 53425.0 56141.0 300.0 300.0 20 67392.0 69631.0 300.0 300.0
68.14229502834124 54 49400.0 51590.0 300.0 300.0 10 63765.0 66366.0 300.0 300.0
490.52986785441044 22 49559.0 52630.0 300.0 300.0 25 67356.0 70321.0 300.0 300.0
876.5461241838985 51 47937.0 51342.0 300.0 300.0 50 68010.0 70764.0 300.0 300.0
380.0973344786077 58 19800.0 22983.0 300.0 300.0 13 34856.0 38032.0 300.0 300.0
901.477197734951 41 33649.0 36567.0 300.0 300.0 40 51122.0 53579.0 300.0 300.0
192.379829297198 20 48491.0 51411.0 300.0 300.0 23 68508.0 71818.0 300.0 300.0
585.6047244948002 28 37644.0 40280.0 300.0 300.0 21 52659.0 55196.0 300.0 300.0
85.31969013514652 30 47193.0 50303.0 300.0 300.0 48 64144.0 66028.0 300.0 300.0
848.0807530192367 38 25716.0 27722.0 300.0 300.0 25 39364.0 42138.0 300.0 300.0
708.5791878371189 15 35569.0 39085.0 300.0 300.0 28 53967.0 55969.0 300.0 300.0
325.6262089471036 60 41053.0 43104.0 300.0 300.0 57 57955.0 60553.0 300.0 300.0
29.11434208105712 13 34661.0 36599.0 300.0 300.0 37 53258.0 55630.0 300.0 300.0
876.5350742355815 28 48702.0 51056.0 300.0 300.0 46 63616.0 65559.0 300.0 300.0
274.0698891553558 32 41897.0 44682.0 300.0 300.0 57 56246.0 58691.0 300.0 300.0
5.736888247065863 34 50201.0 52535.0 300.0 300.0 55 66636.0 68972.0 300.0 300.0
73.52230147125415 55 31815.0 34416.0 300.0 300.0 11 52404.0 55040.0 300.0 300.0
437.2983481219338 39 52010.0 54810.0 300.0 300.0 31 69514.0 72050.0 300.0 300.0
480.29770388316774 60 47472.0 50913.0 300.0 300.0 20 68092.0 71594.0 300.0 300.0
645.0386711224261 56 42876.0 45208.0 300.0 300.0 28 59745.0 61652.0 300.0 300.0
71.34738448300415 49 20657.0 22872.0 300.0 300.0 60 36148.0 39517.0 300.0 300.0
331.3803233863691 49 32221.0 34788.0 300.0 300.0 54 51110.0 54500.0 300.0 300.0
772.5149869354451 12 47179.0 50716.0 300.0 300.0 59 63469.0 65355.0 300.0 300.0
557.6340967789353 25 41092.0 43000.0 300.0 300.0 43 56223.0 59741.0 300.0 300.0
357.8899586852574 31 20141.0 23247.0 300.0 300.0 16 40152.0 42463.0 300.0 300.0
23.477162212970914 16 25290.0 27311.0 300.0 300.0 19 42323.0 45562.0 300.0 300.0
952.600445635566 54 26179.0 28574.0 300.0 300.0 42 42267.0 44439.0 300.0 300.0
276.65099613388253 39 50866.0 53889.0 300.0 300.0 26 70194.0 73131.0 300.0 300.0
994.5204019441907 60 26343.0 28167.0 300.0 300.0 40 41490.0 44362.0 300.0 300.0
922.4835281182253 53 50218.0 52349.0 300.0 300.0 14 65196.0 68629.0 300.0 300.0
400.9883283539559 14 45507.0 48131.0 300.0 300.0 37 64444.0 66724.0 300.0 300.0
72.70467816609583 49 53364.0 56472.0 300.0 300.0 32 72245.0 75162.0 300.0 300.0
540.6728568030535 31 30969.0 33571.0 300.0 300.0 59 49550.0 52361.0 300.0 300.0
809.5279872686807 57 25401.0 27376.0 300.0 300.0 41 39272.0 41095.0 300.0 300.0
661.9639838613482 27 45027.0 48175.0 300.0 300.0 56 65945.0 68235.0 300.0 300.0
688.8373395281461 60 45393.0 48218.0 300.0 300.0 38 66068.0 67947.0 300.0 300.0
795.8794918584706 20 36702.0 39009.0 300.0 300.0 18 52287.0 54901.0 300.0 300.0
719.6529358079478 34 50631.0 53400.0 300.0 300.0 41 68698.0 72138.0 300.0 300.0
685.9958993906213 22 41050.0 44291.0 300.0 300.0 37 56829.0 60063.0 300.0 300.0
649.3265042435153 50 43997.0 47125.0 300.0 300.0 27 63064.0 66405.0 300.0 300.0
837.2537966089105 18 49523.0 51899.0 300.0 300.0 28 63568.0 66666.0 300.0 300.0
177.98766755193483 31 18508.0 21577.0 300.0 300.0 23 33151.0 36496.0 300.0 300.0
390.9394850718396 58 26046.0 29072.0 300.0 300.0 17 40421.0 43253.0 300.0 300.0
203.8548830164849 41 47596.0 50134.0 300.0 300.0 35 63071.0 66244.0 300.0 300.0
780.3714476086654 34 43628.0 45562.0 300.0 300.0 28 57703.0 60783.0 300.0 300.0
754.7396757470135 27 48583.0 51685.0 300.0 300.0 60 67291.0 70680.0 300.0 300.0
290.8610106402338 14 35738.0 37623.0 300.0 300.0 32 54998.0 57036.0 300.0 300.0
641.3865554848585 40 40600.0 43002.0 300.0 300.0 25 56326.0 59190.0 300.0 300.0
12.785117220480258 15 43951.0 46194.0 300.0 300.0 42 63847.0 66342.0 300.0 300.0
435.55542059189287 48 42038.0 44378.0 300.0 300.0 52 59021.0 61935.0 300.0 300.0
746.8947039880236 25 34781.0 37751.0 300.0 300.0 26 49295.0 51925.0 300.0 300.0
349.69532187245744 26 23894.0 27327.0 300.0 300.0 57 43366.0 45611.0 300.0 300.0
189.45000529233712 44 34561.0 37932.0 300.0 300.0 51 52244.0 54074.0 300.0 300.0
304.7788574990408 47 46046.0 49195.0 300.0 300.0 59 64115.0 67526.0 300.0 300.0
918.9598401629011 25 49825.0 52683.0 300.0 300.0 23 65983.0 68663.0 300.0 300.0
606.8426781238275 21 37823.0 41144.0 300.0 300.0 25 53843.0 56387.0 300.0 300.0
38.12489660217933 48 34328.0 37387.0 300.0 300.0 42 48497.0 51407.0 300.0 300.0
508.8621916738563 36 27205.0 29248.0 300.0 300.0 57 44256.0 46259.0 300.0 300.0
740.3288013957145 44 36403.0 38878.0 300.0 300.0 21 53451.0 56063.0 300.0 300.0
670.0051407277303 42 37507.0 40607.0 300.0 300.0 59 52927.0 56419.0 300.0 300.0
0.3530572204440974 33 44238.0 47618.0 300.0 300.0 56 61537.0 64764.0 300.0 300.0
405.6603757576698 30 34497.0 37509.0 300.0 300.0 19 51474.0 54095.0 300.0 300.0
198.9512905453772 50 47478.0 50369.0 300.0 300.0 27 63057.0 66479.0 300.0 300.0
274.90085714630675 48 38327.0 41535.0 300.0 300.0 11 56281.0 58754.0 300.0 300.0
929.9163587843813 44 39659.0 41780.0 300.0 300.0 58 53925.0 56644.0 300.0 300.0
212.56657874098318 37 44221.0 47136.0 300.0 300.0 33 62773.0 64924.0 300.0 300.0
890.1035359338214 20 20831.0 23841.0 300.0 300.0 44 40005.0 42406.0 300.0 300.0
175.6685918534161 51 48342.0 51474.0 300.0 300.0 11 66615.0 68888.0 300.0 300.0
485.69495908348216 47 27558.0 30145.0 300.0 300.0 27 46220.0 48140.0 300.0 300.0
342.4235490651293 51 42207.0 45153.0 300.0 300.0 19 57934.0 61184.0 300.0 300.0
204.34570150662512 43 31627.0 34552.0 300.0 300.0 59 46209.0 48074.0 300.0 300.0
840.4022414783226 11 40181.0 43473.0 300.0 300.0 46 58817.0 62119.0 300.0 300.0
489.6539087405151 11 25353.0 28857.0 300.0 300.0 23 43297.0 45678.0 300.0 300.0
960.8712706662603 57 36297.0 38502.0 300.0 300.0 36 56401.0 58700.0 300.0 300.0
632.9349334272413 21 45617.0 49005.0 300.0 300.0 44 63089.0 66523.0 300.0 300.0
871.6469063094237 55 31614.0 33617.0 300.0 300.0 11 45555.0 47826.0 300.0 300.0
373.21737595159277 17 40542.0 44105.0 300.0 300.0 38 59769.0 61579.0 300.0 300.0
112.26874000040543 36 52740.0 56300.0 300.0 300.0 15 69816.0 73193.0 300.0 300.0
509.75514516438193 47 41310.0 43248.0 300.0 300.0 60 57832.0 60697.0 300.0 300.0
144.01307363534443 35 33542.0 35445.0 300.0 300.0 49 46545.0 48587.0 300.0 300.0
906.5798156458985 19 18662.0 21489.0 300.0 300.0 37 34034.0 36840.0 300.0 300.0
43.55357304938623 22 25552.0 28125.0 300.0 300.0 47 43202.0 46303.0 300.0 300.0
64.48876624083277 53 42318.0 45681.0 300.0 300.0 38 61229.0 63603.0 300.0 300.0
42.667614796317196 45 50553.0 53342.0 300.0 300.0 12 66436.0 69682.0 300.0 300.0
695.542801453823 26 37368.0 39326.0 300.0 300.0 44 53689.0 56808.0 300.0 300.0
106.3801959559888 53 26297.0 29770.0 300.0 300.0 44 44309.0 47699.0 300.0 300.0
936.1701209673602 26 45750.0 47676.0 300.0 300.0 36 63776.0 66288.0 300.0 300.0
546.8118421143238 42 42479.0 46030.0 300.0 300.0 16 63884.0 65873.0 300.0 300.0
439.25531564768926 27 28558.0 32150.0 300.0 300.0 22 45232.0 48320.0 300.0 300.0
837.6037931336101 42 18936.0 21389.0 300.0 300.0 19 36593.0 38729.0 300.0 300.0
289.42380470497653 24 33083.0 36540.0 300.0 300.0 16 52881.0 55166.0 300.0 300.0
231.35784386830406 51 35555.0 38388.0 300.0 300.0 13 55398.0 58052.0 300.0 300.0
669.7740388408222 46 40469.0 43306.0 300.0 300.0 33 57788.0 59999.0 300.0 300.0
506.65353378359634 59 48494.0 51528.0 300.0 300.0 36 66275.0 69447.0 300.0 300.0
387.6054444650845 13 26401.0 29643.0 300.0 300.0 48 45989.0 48843.0 300.0 300.0
557.8670397619977 40 40796.0 42993.0 300.0 300.0 37 60072.0 63146.0 300.0 300.0
640.6495960762381 49 27551.0 29628.0 300.0 300.0 11 42125.0 45009.0 300.0 300.0
575.5654677791143 23 39275.0 41162.0 300.0 300.0 44 53375.0 55643.0 300.0 300.0
907.7267020803946 32 45208.0 47172.0 300.0 300.0 31 61185.0 64011.0 300.0 300.0
92.41499495526784 42 39147.0 42212.0 300.0 300.0 47 58217.0 61088.0 300.0 300.0
196.78365161629463 60 45683.0 48734.0 300.0 300.0 42 65074.0 67536.0 300.0 300.0
143.42192116333175 37 28200.0 31543.0 300.0 300.0 32 44293.0 47732.0 300.0 300.0
431.45985634735405 18 43186.0 45494.0 300.0 300.0 46 62993.0 65668.0 300.0 300.0
523.3994217177577 16 47719.0 49596.0 300.0 300.0 37 62894.0 65283.0 300.0 300.0
841.5906780963871 30 45914.0 48358.0 300.0 300.0 29 60558.0 63142.0 300.0 300.0
541.6707814048895 14 31552.0 34064.0 300.0 300.0 42 47427.0 51023.0 300.0 300.0
414.6820057261583 27 28378.0 31615.0 300.0 300.0 42 42802.0 46053.0 300.0 300.0
556.4089922274345 13 53108.0 56287.0 300.0 300.0 56 67378.0 70941.0 300.0 300.0
820.0373653454864 50 41429.0 44730.0 300.0 300.0 37 56467.0 59027.0 300.0 300.0
810.2744301307434 31 31037.0 33924.0 300.0 300.0 21 50105.0 53631.0 300.0 300.0
524.9324812014567 38 18174.0 20564.0 300.0 300.0 41 36726.0 38615.0 300.0 300.0
936.1224814407377 32 34302.0 37596.0 300.0 300.0 20 50637.0 53313.0 300.0 300.0
857.4219652027999 11 41806.0 45352.0 300.0 300.0 15 59510.0 61534.0 300.0 300.0
816.8652546932382 25 51521.0 53957.0 300.0 300.0 44 70673.0 72772.0 300.0 300.0
541.8212229937825 17 52331.0 55469.0 300.0 300.0 20 72790.0 74752.0 300.0 300.0
986.8094694976845 35 31127.0 34434.0 300.0 300.0 56 47022.0 49489.0 300.0 300.0
233.79449700344924 21 25899.0 28319.0 300.0 300.0 46 39392.0 42208.0 300.0 300.0
282.0603995494063 44 40148.0 43680.0 300.0 300.0 48 57113.0 59858.0 300.0 300.0
39.840371846479485 35 22922.0 26483.0 300.0 300.0 60 41692.0 45273.0 300.0 300.0
173.35486705606905 11 36420.0 38852.0 300.0 300.0 28 50112.0 51967.0 300.0 300.0
132.70794556664688 59 47785.0 49751.0 300.0 300.0 60 63527.0 66135.0 300.0 300.0
943.8154607507892 44 36788.0 40133.0 300.0 300.0 37 54367.0 56728.0 300.0 300.0
816.1946356770125 17 27691.0 30293.0 300.0 300.0 20 46087.0 48191.0 300.0 300.0
263.83189593058245 32 49340.0 51997.0 300.0 300.0 29 64664.0 67691.0 300.0 300.0
680.5299373637482 54 23257.0 25687.0 300.0 300.0 15 39536.0 41682.0 300.0 300.0
532.1737364489051 16 32847.0 34923.0 300.0 300.0 58 47985.0 50106.0 300.0 300.0
488.1806337712955 45 28726.0 31954.0 300.0 300.0 46 47644.0 51204.0 300.0 300.0
722.4986278933098 26 51190.0 53911.0 300.0 300.0 53 69240.0 71092.0 300.0 300.0
788.8330168034078 23 23179.0 25490.0 300.0 300.0 41 41394.0 43282.0 300.0 300.0
132.9931119126798 37 53435.0 56138.0 300.0 300.0 30 67612.0 71184.0 300.0 300.0
865.3095605721996 30 37686.0 41232.0 300.0 300.0 37 57457.0 59906.0 300.0 300.0
978.6962268199752 32 42109.0 44392.0 300.0 300.0 19 55584.0 58203.0 300.0 300.0
827.4208596478984 58 36812.0 39824.0 300.0 300.0 60 53932.0 55972.0 300.0 300.0
895.2105683327476 53 46763.0 50162.0 300.0 300.0 24 63326.0 65244.0 300.0 300.0
600.7807918408611 29 31998.0 35070.0 300.0 300.0 47 51055.0 53791.0 300.0 300.0
202.4767824839965 49 22702.0 25794.0 300.0 300.0 59 41939.0 45460.0 300.0 300.0
289.337152137111 37 38817.0 41579.0 300.0 300.0 31 56824.0 59381.0 300.0 300.0
880.9297730726873 35 48328.0 50222.0 300.0 300.0 49 63670.0 66727.0 300.0 300.0
245.07905545268173 50 37507.0 40455.0 300.0 300.0 37 51770.0 53722.0 300.0 300.0
171.89201214900785 30 35410.0 38753.0 300.0 300.0 11 51262.0 53408.0 300.0 300.0
961.7421956484618 31 30171.0 32399.0 300.0 300.0 51 44158.0 46023.0 300.0 300.0
171.0943328382818 59 26079.0 29609.0 300.0 300.0 26 46369.0 49835.0 300.0 300.0
161.38148239327253 20 36027.0 38480.0 300.0 300.0 16 49697.0 52180.0 300.0 300.0
739.7242096500363 55 51900.0 54055.0 300.0 300.0 56 66116.0 69526.0 300.0 300.0
687.8322051674213 25 25592.0 27400.0 300.0 300.0 28 41182.0 43593.0 300.0 300.0
121.73577569396521 44 18197.0 20434.0 300.0 300.0 25 34852.0 37531.0 300.0 300.0
818.1243731312877 41 27016.0 30240.0 300.0 300.0 60 42360.0 45908.0 300.0 300.0
299.0434225345321 39 45184.0 48679.0 300.0 300.0 26 62078.0 64692.0 300.0 300.0
595.0145964384726 18 36335.0 39184.0 300.0 300.0 29 56102.0 58811.0 300.0 300.0
916.7617839083688 48 39486.0 42443.0 300.0 300.0 35 59138.0 61751.0 300.0 300.0
748.4949019242194 30 27334.0 29378.0 300.0 300.0 36 45873.0 48907.0 300.0 300.0
507.3255402144022 16 38489.0 41830.0 300.0 300.0 19 54991.0 58259.0 300.0 300.0
673.3423114445733 18 19343.0 21640.0 300.0 300.0 55 34524.0 37061.0 300.0 300.0
282.9768060722039 34 39608.0 42260.0 300.0 300.0 40 59064.0 61102.0 300.0 300.0
959.7753044754159 13 47566.0 51010.0 300.0 300.0 42 64445.0 67683.0 300.0 300.0
357.96835623775945 38 41003.0 44531.0 300.0 300.0 59 55944.0 59316.0 300.0 300.0
815.7484643947051 60 35742.0 38161.0 300.0 300.0 21 52805.0 56024.0 300.0 300.0
421.50382949353184 59 30448.0 33449.0 300.0 300.0 52 45550.0 47732.0 300.0 300.0
787.3829241179258 43 21876.0 24113.0 300.0 300.0 29 41139.0 43076.0 300.0 300.0
485.8936262827542 42 23714.0 26453.0 300.0 300.0 32 39259.0 41415.0 300.0 300.0
877.912593840494 22 43549.0 45531.0 300.0 300.0 59 58669.0 61653.0 300.0 300.0
867.0024200087055 13 44932.0 47330.0 300.0 300.0 36 59904.0 62403.0 300.0 300.0
119.11204832493405 60 46642.0 49652.0 300.0 300.0 51 66054.0 69218.0 300.0 300.0
360.52493038094144 24 24430.0 26971.0 300.0 300.0 43 41177.0 43924.0 300.0 300.0
980.6280344177736 31 45225.0 48529.0 300.0 300.0 15 66110.0 68060.0 300.0 300.0
112.05500031929927 48 33401.0 36690.0 300.0 300.0 32 48991.0 51880.0 300.0 300.0
564.4986218950257 13 49321.0 52310.0 300.0 300.0 39 68548.0 71277.0 300.0 300.0
754.7826903105437 33 27874.0 30855.0 300.0 300.0 38 46831.0 49564.0 300.0 300.0
161.32954796472677 57 40304.0 43732.0 300.0 300.0 27 57282.0 59750.0 300.0 300.0
428.81975629951575 45 30424.0 32378.0 300.0 300.0 25 45861.0 49177.0 300.0 300.0
512.3923095930925 25 23079.0 26103.0 300.0 300.0 43 40131.0 43335.0 300.0 300.0
582.839408293217 43 28406.0 30286.0 300.0 300.0 57 48205.0 50427.0 300.0 300.0
583.9791283294809 11 40882.0 42855.0 300.0 300.0 55 54734.0 57893.0 300.0 300.0
383.52498044972293 49 34489.0 37116.0 300.0 300.0 13 51749.0 54541.0 300.0 300.0
106.73480076265629 46 24630.0 27789.0 300.0 300.0 11 44355.0 47314.0 300.0 300.0
872.2294403315816 41 21437.0 24815.0 300.0 300.0 35 38942.0 41444.0 300.0 300.0
837.7970389420177 39 53071.0 55826.0 300.0 300.0 32 73797.0 76668.0 300.0 300.0
71.60654473590967 13 23515.0 26288.0 300.0 300.0 25 43035.0 45180.0 300.0 300.0
976.2073007536019 29 46571.0 48449.0 300.0 300.0 57 61170.0 64663.0 300.0 300.0
277.5093057096675 44 33052.0 35507.0 300.0 300.0 30 53488.0 56703.0 300.0 300.0
395.36428465892516 46 30832.0 32678.0 300.0 300.0 32 46606.0 48479.0 300.0 300.0
102.2664089637232 17 32444.0 34871.0 300.0 300.0 58 51327.0 54741.0 300.0 300.0
77.82361541334204 36 41182.0 44467.0 300.0 300.0 15 58529.0 61734.0 300.0 300.0
153.01643982714143 59 29605.0 32999.0 300.0 300.0 21 47069.0 49545.0 300.0 300.0
59.411591273980434 51 45690.0 49265.0 300.0 300.0 35 64441.0 68020.0 300.0 300.0
830.9569715950189 19 45432.0 48919.0 300.0 300.0 35 66618.0 68542.0 300.0 300.0
257.7106683690339 38 42220.0 44038.0 300.0 300.0 47 57557.0 59660.0 300.0 300.0
781.3751838543346 40 18223.0 20346.0 300.0 300.0 34 37158.0 39269.0 300.0 300.0
205.14916346926037 50 26851.0 29507.0 300.0 300.0 53 40364.0 42233.0 300.0 300.0
276.7723313211764 38 36221.0 39508.0 300.0 300.0 53 54923.0 58053.0 300.0 300.0
94.23057038415162 21 44686.0 48254.0 300.0 300.0 14 66082.0 69632.0 300.0 300.0
902.2509962598357 17 19203.0 22136.0 300.0 300.0 31 36358.0 39518.0 300.0 300.0
821.2807466395083 37 47134.0 49233.0 300.0 300.0 49 65296.0 68836.0 300.0 300.0
568.9542375455757 24 26259.0 29427.0 300.0 300.0 53 46659.0 49778.0 300.0 300.0
269.2638783026656 37 31860.0 34116.0 300.0 300.0 26 49461.0 52642.0 300.0 300.0
202.45516270388586 11 22179.0 24275.0 300.0 300.0 53 40471.0 42745.0 300.0 300.0
767.8838613813963 24 32861.0 35434.0 300.0 300.0 42 48572.0 50458.0 300.0 300.0
642.6971893604322 39 33004.0 34972.0 300.0 300.0 57 46412.0 48457.0 300.0 300.0
112.88711828372999 11 52089.0 53996.0 300.0 300.0 25 67493.0 70506.0 300.0 300.0
913.8535959810173 43 53727.0 56968.0 300.0 300.0 56 74702.0 77895.0 300.0 300.0
303.1282980162199 13 24488.0 27756.0 300.0 300.0 60 44968.0 47325.0 300.0 300.0
249.163408200463 53 34532.0 37478.0 300.0 300.0 24 54246.0 56460.0 300.0 300.0
84.84165658582855 28 20872.0 23815.0 300.0 300.0 58 41757.0 44437.0 300.0 300.0
119.6356848144221 55 48741.0 51664.0 300.0 300.0 24 64452.0 67272.0 300.0 300.0
783.3428352808581 44 33273.0 36192.0 300.0 300.0 43 53651.0 56452.0 300.0 300.0
158.09518298959156 54 41186.0 43053.0 300.0 300.0 43 54389.0 57854.0 300.0 300.0
793.1052830585568 58 36744.0 39401.0 300.0 300.0 37 54317.0 57850.0 300.0 300.0
792.3495146143918 57 23440.0 27037.0 300.0 300.0 19 42453.0 44508.0 300.0 300.0
512.2300036142544 39 47637.0 49845.0 300.0 300.0 26 63689.0 66705.0 300.0 300.0
713.6386530113695 56 40500.0 43584.0 300.0 300.0 47 60533.0 63871.0 300.0 300.0
705.5417869926878 25 24255.0 26897.0 300.0 300.0 37 38120.0 40212.0 300.0 300.0
978.7125406563739 25 34283.0 37801.0 300.0 300.0 37 54744.0 58317.0 300.0 300.0
5.067464744861749 41 45147.0 47378.0 300.0 300.0 24 58364.0 60976.0 300.0 300.0
654.9695721382676 18 47923.0 49870.0 300.0 300.0 31 66939.0 69809.0 300.0 300.0
985.0181120241028 56 50054.0 52286.0 300.0 300.0 16 63959.0 66460.0 300.0 300.0
906.5575039647234 25 30353.0 32444.0 300.0 300.0 55 49627.0 52913.0 300.0 300.0
442.52365605992605 60 22156.0 24687.0 300.0 300.0 45 38920.0 41989.0 300.0 300.0
333.0381225599479 57 25145.0 27245.0 300.0 300.0 49 43655.0 45459.0 300.0 300.0
871.5423035009666 39 50649.0 53571.0 300.0 300.0 23 65078.0 67079.0 300.0 300.0
118.37549957546356 22 22921.0 25618.0 300.0 300.0 48 41733.0 44808.0 300.0 300.0
816.2545716962151 56 19173.0 21986.0 300.0 300.0 58 35174.0 37416.0 300.0 300.0
143.226759482741 55 35897.0 39208.0 300.0 300.0 12 55771.0 58398.0 300.0 300.0
746.8898982222958 29 42828.0 45587.0 300.0 300.0 40 63413.0 66738.0 300.0 300.0
33.7691174990965 52 32960.0 34922.0 300.0 300.0 56 45878.0 48398.0 300.0 300.0
214.73725188158633 16 39873.0 42967.0 300.0 300.0 15 59589.0 62537.0 300.0 300.0
150.94074620529295 22 32072.0 35227.0 300.0 300.0 37 51236.0 54399.0 300.0 300.0
447.85046064692824 10 52089.0 53904.0 300.0 300.0 50 66456.0 69835.0 300.0 300.0
609.7308180950008 30 23257.0 26437.0 300.0 300.0 19 41064.0 44038.0 300.0 300.0
862.8351135856166 30 31447.0 34453.0 300.0 300.0 41 50802.0 53303.0 300.0 300.0
513.1290577873589 52 24870.0 27736.0 300.0 300.0 39 39893.0 42700.0 300.0 300.0
543.6396564560016 58 46588.0 49381.0 300.0 300.0 56 60837.0 62762.0 300.0 300.0
3.0125083943853825 24 28586.0 30683.0 300.0 300.0 39 48401.0 51076.0 300.0 300.0
912.3789206683668 30 29602.0 31849.0 300.0 300.0 14 44132.0 47089.0 300.0 300.0
393.4582224938771 39 20387.0 23169.0 300.0 300.0 55 37254.0 40502.0 300.0 300.0
161.18682542693352 10 36176.0 38433.0 300.0 300.0 38 54704.0 58242.0 300.0 300.0
342.95476851181394 33 37043.0 39266.0 300.0 300.0 36 56323.0 58293.0 300.0 300.0
583.5863462572188 43 29027.0 31870.0 300.0 300.0 41 43607.0 47149.0 300.0 300.0
632.3395725931557 42 26660.0 30052.0 300.0 300.0 15 45564.0 47429.0 300.0 300.0
528.9217424078678 60 52066.0 54833.0 300.0 300.0 13 72065.0 75019.0 300.0 300.0
895.994463364075 26 44201.0 47074.0 300.0 300.0 19 64341.0 66246.0 300.0 300.0
78.43238130589192 44 27522.0 29995.0 300.0 300.0 56 45358.0 47660.0 300.0 300.0
465.2362831260848 18 33667.0 35940.0 300.0 300.0 30 52055.0 54755.0 300.0 300.0
715.3483745649887 22 42448.0 45392.0 300.0 300.0 16 60038.0 62999.0 300.0 300.0
44.67260106211401 52 39119.0 41259.0 300.0 300.0 46 52691.0 55229.0 300.0 300.0
727.1215461391587 47 21253.0 23860.0 300.0 300.0 33 40412.0 42844.0 300.0 300.0
83.65314134944812 27 37125.0 40284.0 300.0 300.0 25 51991.0 55461.0 300.0 300.0
63.10750797616882 31 47111.0 49247.0 300.0 300.0 38 66427.0 69361.0 300.0 300.0
614.3144243016982 21 43572.0 46783.0 300.0 300.0 32 64564.0 67530.0 300.0 300.0
87.6019497380841 16 19689.0 22042.0 300.0 300.0 52 36028.0 39232.0 300.0 300.0
802.9388679639341 54 21125.0 24441.0 300.0 300.0 25 36387.0 38546.0 300.0 300.0
562.394410185178 20 53640.0 56483.0 300.0 300.0 51 68591.0 70411.0 300.0 300.0
159.65617946714428 39 20983.0 23362.0 300.0 300.0 36 40847.0 42748.0 300.0 300.0
195.6009827946934 22 33827.0 36877.0 300.0 300.0 16 48303.0 51179.0 300.0 300.0
39.50715460015475 48 53796.0 56268.0 300.0 300.0 19 68421.0 71320.0 300.0 300.0
869.5112936391325 36 37251.0 40616.0 300.0 300.0 38 58083.0 60283.0 300.0 300.0
871.5442684046088 41 47599.0 50571.0 300.0 300.0 43 61872.0 64952.0 300.0 300.0
858.9502323598005 51 46163.0 49025.0 300.0 300.0 34 61448.0 63417.0 300.0 300.0
207.30897149915873 46 24095.0 26179.0 300.0 300.0 36 38551.0 40660.0 300.0 300.0
856.9988871357522 30 29604.0 31885.0 300.0 300.0 14 45799.0 49111.0 300.0 300.0
780.4340996378806 11 39363.0 41269.0 300.0 300.0 13 56238.0 58427.0 300.0 300.0
805.0076726821001 29 51613.0 53734.0 300.0 300.0 11 70521.0 73536.0 300.0 300.0
19.36586504446458 29 44735.0 46763.0 300.0 300.0 11 62186.0 64593.0 300.0 300.0
481.2050905646423 43 25146.0 27560.0 300.0 300.0 50 45140.0 48689.0 300.0 300.0
918.7674125508469 37 53701.0 55527.0 300.0 300.0 19 68215.0 71286.0 300.0 300.0
623.7729839748383 39 41245.0 44462.0 300.0 300.0 30 56468.0 59825.0 300.0 300.0
524.8997759144987 15 45927.0 47793.0 300.0 300.0 38 63218.0 66281.0 300.0 300.0
371.31307676247627 49 44601.0 46733.0 300.0 300.0 22 62517.0 66045.0 300.0 300.0
58.40847757237499 25 40133.0 43412.0 300.0 300.0 48 58679.0 61813.0 300.0 300.0
801.8319851385866 13 41167.0 44390.0 300.0 300.0 51 57075.0 60323.0 300.0 300.0
526.0719430283813 57 19251.0 21811.0 300.0 300.0 38 35455.0 38353.0 300.0 300.0
880.7651062215701 57 42155.0 45540.0 300.0 300.0 46 57253.0 60027.0 300.0 300.0
562.171362770099 22 33113.0 35542.0 300.0 300.0 33 49687.0 52629.0 300.0 300.0
713.554346380437 49 45291.0 48687.0 300.0 300.0 22 66514.0 69713.0 300.0 300.0
800.5700919276932 45 48423.0 51985.0 300.0 300.0 42 64136.0 66317.0 300.0 300.0
397.6822125320727 49 49710.0 52672.0 300.0 300.0 36 70202.0 72258.0 300.0 300.0
780.071523321008 53 28953.0 31994.0 300.0 300.0 56 47702.0 50058.0 300.0 300.0
226.00853457882542 13 44969.0 46933.0 300.0 300.0 30 60099.0 62779.0 300.0 300.0
807.2590854524412 42 36076.0 39188.0 300.0 300.0 60 50347.0 52730.0 300.0 300.0
485.2944395497618 10 46267.0 48137.0 300.0 300.0 54 65277.0 67187.0 300.0 300.0
281.28704361351373 60 41946.0 44712.0 300.0 300.0 22 57947.0 59923.0 300.0 300.0
582.8464324227524 22 28600.0 30653.0 300.0 300.0 58 46707.0 50245.0 300.0 300.0
271.83765549579806 32 22902.0 25107.0 300.0 300.0 41 38960.0 41649.0 300.0 300.0
916.5598709400099 59 51078.0 54006.0 300.0 300.0 38 67142.0 70306.0 300.0 300.0
41.91610940498758 38 52968.0 55101.0 300.0 300.0 40 72128.0 75618.0 300.0 300.0
459.9494373739387 37 24336.0 27681.0 300.0 300.0 25 45476.0 47329.0 300.0 300.0
237.91947390503776 18 29599.0 32580.0 300.0 300.0 24 49265.0 52730.0 300.0 300.0
879.0651217966757 23 49614.0 52195.0 300.0 300.0 22 63189.0 65813.0 300.0 300.0
506.4689165046655 34 22880.0 25439.0 300.0 300.0 51 40366.0 42390.0 300.0 300.0
531.9170452791343 12 52860.0 55291.0 300.0 300.0 24 67812.0 70352.0 300.0 300.0
826.1841004036469 33 21019.0 22972.0 300.0 300.0 34 35532.0 38049.0 300.0 300.0
556.9638299610175 32 27764.0 30356.0 300.0 300.0 58 42774.0 45837.0 300.0 300.0
207.6339348510976 12 42953.0 45000.0 300.0 300.0 34 57572.0 59860.0 300.0 300.0
553.5173599509637 56 37016.0 40016.0 300.0 300.0 50 51056.0 53926.0 300.0 300.0
70.21962823632677 47 27796.0 29712.0 300.0 300.0 48 45001.0 46843.0 300.0 300.0
946.1237514294355 39 19815.0 22099.0 300.0 300.0 43 33526.0 36047.0 300.0 300.0
364.2096465595207 51 35339.0 37656.0 300.0 300.0 54 55635.0 57999.0 300.0 300.0
844.0090731285924 59 28629.0 31933.0 300.0 300.0 18 48190.0 50901.0 300.0 300.0
792.4052367704631 46 39436.0 42448.0 300.0 300.0 27 53946.0 56751.0 300.0 300.0
126.81730003761248 57 37887.0 39833.0 300.0 300.0 25 54184.0 56546.0 300.0 300.0
581.1950089402936 35 42241.0 45558.0 300.0 300.0 60 56452.0 58723.0 300.0 300.0
164.78230991875998 39 48432.0 51808.0 300.0 300.0 44 68284.0 70351.0 300.0 300.0
546.6587419547894 38 48429.0 51169.0 300.0 300.0 14 65777.0 67919.0 300.0 300.0
305.2041654948118 10 44376.0 47101.0 300.0 300.0 18 62468.0 65544.0 300.0 300.0
448.8828277688007 18 41015.0 43849.0 300.0 300.0 40 56034.0 57934.0 300.0 300.0
302.05568424240835 23 28338.0 31207.0 300.0 300.0 56 42960.0 45178.0 300.0 300.0
187.10068646644095 39 21470.0 24078.0 300.0 300.0 22 36227.0 39821.0 300.0 300.0
740.5189792923737 48 34837.0 37166.0 300.0 300.0 57 49501.0 51861.0 300.0 300.0
479.4022271965059 47 25800.0 29394.0 300.0 300.0 56 40524.0 42673.0 300.0 300.0
206.40588733302744 11 52571.0 55521.0 300.0 300.0 37 68483.0 71706.0 300.0 300.0
622.6628742980762 11 49155.0 52040.0 300.0 300.0 19 68855.0 72279.0 300.0 300.0
199.29092135048032 21 32381.0 35867.0 300.0 300.0 52 46712.0 49174.0 300.0 300.0
429.50784640555884 19 36594.0 39182.0 300.0 300.0 24 53993.0 57371.0 300.0 300.0
299.694497577826 42 35312.0 37795.0 300.0 300.0 29 53870.0 56793.0 300.0 300.0
787.3962447029821 54 31807.0 34011.0 300.0 300.0 34 45848.0 48930.0 300.0 300.0
821.0860589272463 12 40259.0 43257.0 300.0 300.0 19 56009.0 59569.0 300.0 300.0
