50 1000
7000.0 1 14400.0 79200.0
2000.0 2 14400.0 79200.0
7000.0 1 14400.0 79200.0
10000.0 5 14400.0 79200.0
10000.0 1 14400.0 79200.0
5000.0 3 14400.0 79200.0
2000.0 5 14400.0 79200.0
5000.0 8 14400.0 79200.0
7000.0 8 14400.0 79200.0
2000.0 4 14400.0 79200.0
10000.0 5 14400.0 79200.0
7000.0 9 14400.0 79200.0
7000.0 6 14400.0 79200.0
7000.0 2 14400.0 79200.0
7000.0 0 14400.0 79200.0
2000.0 2 14400.0 79200.0
7000.0 0 14400.0 79200.0
7000.0 5 14400.0 79200.0
10000.0 8 14400.0 79200.0
7000.0 2 14400.0 79200.0
5000.0 0 14400.0 79200.0
2000.0 5 14400.0 79200.0
2000.0 6 14400.0 79200.0
10000.0 9 14400.0 79200.0
10000.0 4 14400.0 79200.0
5000.0 4 14400.0 79200.0
2000.0 5 14400.0 79200.0
2000.0 5 14400.0 79200.0
2000.0 2 14400.0 79200.0
5000.0 4 14400.0 79200.0
10000.0 0 14400.0 79200.0
5000.0 7 14400.0 79200.0
2000.0 7 14400.0 79200.0
5000.0 1 14400.0 79200.0
2000.0 3 14400.0 79200.0
2000.0 2 14400.0 79200.0
10000.0 0 14400.0 79200.0
10000.0 6 14400.0 79200.0
10000.0 1 14400.0 79200.0
5000.0 7 14400.0 79200.0
2000.0 4 14400.0 79200.0
5000.0 7 14400.0 79200.0
10000.0 3 14400.0 79200.0
10000.0 8 14400.0 79200.0
2000.0 9 14400.0 79200.0
5000.0 2 14400.0 79200.0
2000.0 7 14400.0 79200.0
5000.0 3 14400.0 79200.0
10000.0 3 14400.0 79200.0
10000.0 5 14400.0 79200.0
963.8521498654706 59 45277.0 47187.0 300.0 300.0 45 60202.0 63126.0 300.0 300.0
733.0304285625745 21 45439.0 47774.0 300.0 300.0 15 65551.0 68420.0 300.0 300.0
259.9868826517678 23 52382.0 54752.0 300.0 300.0 56 65673.0 68503.0 300.0 300.0
987.7704892559759 44 37698.0 40548.0 300.0 300.0 34 54119.0 56399.0 300.0 300.0
906.1641521696628 12 48039.0 50696.0 300.0 300.0 25 67964.0 70871.0 300.0 300.0
465.34673678910775 12 24926.0 27165.0 300.0 300.0 46 42842.0 46162.0 300.0 300.0
769.4581752887432 12 31792.0 34572.0 300.0 300.0 19 51452.0 53539.0 300.0 300.0
814.2774707959975 40 28810.0 31804.0 300.0 300.0 30 45145.0 48628.0 300.0 300.0
494.78174509621965 24 52734.0 56169.0 300.0 300.0 27 73601.0 76755.0 300.0 300.0
591.8065758390937 35 44193.0 46203.0 300.0 300.0 45 61190.0 63066.0 300.0 300.0
650.0313229966816 10 49673.0 52330.0 300.0 300.0 56 66526.0 68788.0 300.0 300.0
249.53151995571022 27 34920.0 37901.0 300.0 300.0 55 49688.0 52400.0 300.0 300.0
238.68809479306628 32 49328.0 51800.0 300.0 300.0 25 63221.0 65690.0 300.0 300.0
546.4390405232651 29 50735.0 53076.0 300.0 300.0 51 65161.0 67097.0 300.0 300.0
114.52087731318095 46 18389.0 20251.0 300.0 300.0 36 31911.0 35393.0 300.0 300.0
722.4362571168216 15 45246.0 47134.0 300.0 300.0 22 62933.0 65740.0 300.0 300.0
236.05715427979567 44 23871.0 26309.0 300.0 300.0 40 44122.0 47082.0 300.0 300.0
73.36030531991689 20 20597.0 23282.0 300.0 300.0 26 40659.0 42564.0 300.0 300.0
206.42621636157176 20 43712.0 46993.0 300.0 300.0 51 60890.0 64300.0 300.0 300.0
530.5814757327252 44 32116.0 34813.0 300.0 300.0 22 46230.0 48708.0 300.0 300.0
189.26255107931468 27 32435.0 35980.0 300.0 300.0 55 48030.0 51542.0 300.0 300.0
770.3463301011817 35 23573.0 26974.0 300.0 300.0 56 41801.0 44141.0 300.0 300.0
215.19041614753442 51 26433.0 29853.0 300.0 300.0 16 42062.0 45309.0 300.0 300.0
299.9768010965075 28 40155.0 42446.0 300.0 300.0 46 53509.0 56756.0 300.0 300.0
596.9656230671194 20 39214.0 42333.0 300.0 300.0 37 57699.0 60450.0 300.0 300.0
914.3660430503528 53 33393.0 36458.0 300.0 300.0 40 52602.0 54874.0 300.0 300.0
764.9829390895716 22 35261.0 37747.0 300.0 300.0 28 53808.0 56815.0 300.0 300.0
145.6758839588308 34 21352.0 24946.0 300.0 300.0 45 37615.0 40797.0 300.0 300.0
288.2913365417492 26 38060.0 41028.0 300.0 300.0 54 52342.0 54331.0 300.0 300.0
584.9134644422833 45 49800.0 53049.0 300.0 300.0 49 64888.0 67514.0 300.0 300.0
238.59693301294593 53 18563.0 20954.0 300.0 300.0 44 38710.0 41364.0 300.0 300.0
713.6806672624996 13 33010.0 36300.0 300.0 300.0 29 51414.0 54398.0 300.0 300.0
824.4519922864939 48 52028.0 55188.0 300.0 300.0 42 68548.0 70446.0 300.0 300.0
609.7668034726319 45 31578.0 33760.0 300.0 300.0 55 47400.0 50805.0 300.0 300.0
417.7780709114449 20 47738.0 50959.0 300.0 300.0 50 67393.0 70639.0 300.0 300.0
277.67889097431606 22 32150.0 35171.0 300.0 300.0 56 49663.0 52906.0 300.0 300.0
622.280372250642 57 29621.0 33053.0 300.0 300.0 22 50014.0 51998.0 300.0 300.0
585.340994018925 20 41580.0 44149.0 300.0 300.0 50 57483.0 59687.0 300.0 300.0
909.7786559041759 32 49095.0 52634.0 300.0 300.0 18 63439.0 65292.0 300.0 300.0
776.082674912179 38 40363.0 43164.0 300.0 300.0 17 58217.0 61297.0 300.0 300.0
951.9857351843361 26 25524.0 28054.0 300.0 300.0 56 44063.0 47469.0 300.0 300.0
170.08968417236957 39 24687.0 27364.0 300.0 300.0 46 41094.0 43764.0 300.0 300.0
87.15751133440686 41 28077.0 30498.0 300.0 300.0 12 47284.0 49985.0 300.0 300.0
105.49961172024157 33 49451.0 52161.0 300.0 300.0 20 68094.0 71198.0 300.0 300.0
228.04740198077113 18 35467.0 37599.0 300.0 300.0 24 49106.0 52083.0 300.0 300.0
14.45127243154898 14 25380.0 28724.0 300.0 300.0 44 43482.0 46389.0 300.0 300.0
893.821989397636 48 19552.0 21609.0 300.0 300.0 18 35473.0 38084.0 300.0 300.0
136.181965766203 26 18364.0 20253.0 300.0 300.0 50 31448.0 33398.0 300.0 300.0
247.51213195599098 60 49674.0 52414.0 300.0 300.0 51 64341.0 67777.0 300.0 300.0
74.62335126590946 58 39248.0 41116.0 300.0 300.0 40 54214.0 57360.0 300.0 300.0
965.0360942672088 21 34570.0 37691.0 300.0 300.0 46 51959.0 55078.0 300.0 300.0
783.1638616876301 15 40011.0 42456.0 300.0 300.0 30 56873.0 59288.0 300.0 300.0
234.06340765546585 13 49015.0 52228.0 300.0 300.0 46 69227.0 72010.0 300.0 300.0
659.9881345246546 32 22242.0 25824.0 300.0 300.0 55 38829.0 41525.0 300.0 300.0
72.5940699839318 20 49607.0 52671.0 300.0 300.0 42 68142.0 70132.0 300.0 300.0
53.71014765098225 30 24479.0 27599.0 300.0 300.0 28 38973.0 41429.0 300.0 300.0
719.0819408262158 30 32496.0 35042.0 300.0 300.0 53 46918.0 50017.0 300.0 300.0
385.3011040187013 32 28875.0 30990.0 300.0 300.0 17 46729.0 48695.0 300.0 300.0
938.5863942454342 42 38809.0 42137.0 300.0 300.0 20 58098.0 61119.0 300.0 300.0
297.36467816580847 18 40986.0 43269.0 300.0 300.0 24 59658.0 63236.0 300.0 300.0
432.5186909507851 59 42150.0 44550.0 300.0 300.0 13 56570.0 59926.0 300.0 300.0
238.79417108063961 15 31823.0 33873.0 300.0 300.0 51 46478.0 49256.0 300.0 300.0
962.1611319742206 56 39039.0 42599.0 300.0 300.0 59 55562.0 57659.0 300.0 300.0
909.300228528998 22 52616.0 55909.0 300.0 300.0 54 71375.0 74390.0 300.0 300.0
486.75275147247766 38 45669.0 47640.0 300.0 300.0 41 65561.0 68511.0 300.0 300.0
236.13315571364356 54 22500.0 24711.0 300.0 300.0 49 40212.0 42829.0 300.0 300.0
373.41021272998364 28 45822.0 48262.0 300.0 300.0 35 65665.0 69109.0 300.0 300.0
480.8356524450554 34 21415.0 24515.0 300.0 300.0 50 37362.0 39664.0 300.0 300.0
215.7082466776674 49 24269.0 26963.0 300.0 300.0 54 37885.0 41439.0 300.0 300.0
607.7091272143759 20 49192.0 51162.0 300.0 300.0 38 62028.0 64609.0 300.0 300.0
766.9868821211638 31 29326.0 32343.0 300.0 300.0 47 43239.0 45322.0 300.0 300.0
852.9004612523086 15 48905.0 51843.0 300.0 300.0 32 67352.0 69565.0 300.0 300.0
79.35635769890803 56 37343.0 40895.0 300.0 300.0 47 52605.0 54904.0 300.0 300.0
163.03200993219025 47 48223.0 50417.0 300.0 300.0 11 66116.0 68641.0 300.0 300.0
875.2870860432079 11 21520.0 24947.0 300.0 300.0 49 40207.0 43262.0 300.0 300.0
708.8909940458685 58 28356.0 31195.0 300.0 300.0 30 42051.0 44104.0 300.0 300.0
60.329313849331825 14 52319.0 55773.0 300.0 300.0 45 68125.0 71096.0 300.0 300.0
391.0332384387416 24 52351.0 55458.0 300.0 300.0 39 72952.0 75455.0 300.0 300.0
817.0042354543584 23 30483.0 33541.0 300.0 300.0 13 50901.0 52934.0 300.0 300.0
242.77622476208006 56 48371.0 51563.0 300.0 300.0 26 68589.0 70425.0 300.0 300.0
964.7254171104448 26 45993.0 47969.0 300.0 300.0 54 63395.0 65862.0 300.0 300.0
988.8747704328295 21 27261.0 29489.0 300.0 300.0 37 42166.0 45168.0 300.0 300.0
901.5929234360575 43 25571.0 27616.0 300.0 300.0 10 38521.0 42010.0 300.0 300.0
56.475447109754604 19 22398.0 24934.0 300.0 300.0 34 37273.0 40617.0 300.0 300.0
993.2856033918971 14 34184.0 37078.0 300.0 300.0 59 52513.0 54349.0 300.0 300.0
864.3992028873267 49 51483.0 54201.0 300.0 300.0 14 69043.0 71418.0 300.0 300.0
383.65442420651254 56 39739.0 41881.0 300.0 300.0 35 59359.0 61391.0 300.0 300.0
777.4442036705186 37 21719.0 24264.0 300.0 300.0 58 41220.0 43893.0 300.0 300.0
871.9733398142342 31 42182.0 44502.0 300.0 300.0 57 58796.0 61612.0 300.0 300.0
228.64589871128226 43 21486.0 23324.0 300.0 300.0 16 39269.0 42046.0 300.0 300.0
343.4827815745811 60 20792.0 24210.0 300.0 300.0 34 38106.0 41141.0 300.0 300.0
943.0685835208847 35 40287.0 42711.0 300.0 300.0 22 55947.0 58016.0 300.0 300.0
722.5914832862694 38 40788.0 42967.0 300.0 300.0 54 58875.0 61046.0 300.0 300.0
184.89676012672862 22 47902.0 50763.0 300.0 300.0 31 62312.0 64373.0 300.0 300.0
120.9870632982506 51 51681.0 54065.0 300.0 300.0 35 67207.0 70762.0 300.0 300.0
472.88255074158656 47 38481.0 41272.0 300.0 300.0 44 53450.0 55778.0 300.0 300.0
714.4212624936899 17 46094.0 49240.0 300.0 300.0 58 63046.0 65218.0 300.0 300.0
229.5042201741261 52 39029.0 41682.0 300.0 300.0 34 55425.0 58755.0 300.0 300.0
449.93190466868094 46 27192.0 29539.0 300.0 300.0 24 42446.0 44657.0 300.0 300.0
542.7866003440968 58 35398.0 38468.0 300.0 300.0 12 50006.0 52715.0 300.0 300.0
366.96998679991754 26 51272.0 54723.0 300.0 300.0 14 66075.0 69385.0 300.0 300.0
307.2932546696868 30 47686.0 49950.0 300.0 300.0 54 62843.0 64884.0 300.0 300.0
627.9151768072293 46 48466.0 51380.0 300.0 300.0 41 62466.0 65209.0 300.0 300.0
887.3603926866285 56 29755.0 33107.0 300.0 300.0 47 46727.0 49628.0 300.0 300.0
171.76564010035023 51 25693.0 29270.0 300.0 300.0 26 46221.0 48782.0 300.0 300.0
510.6182071002546 34 51447.0 53485.0 300.0 300.0 13 71357.0 73856.0 300.0 300.0
714.7279412961111 49 37758.0 40541.0 300.0 300.0 19 53635.0 55698.0 300.0 300.0
487.0257661689799 33 51794.0 55338.0 300.0 300.0 47 69828.0 72139.0 300.0 300.0
967.7384386866433 18 44601.0 48096.0 300.0 300.0 14 65900.0 69183.0 300.0 300.0
176.19432598482655 57 31988.0 35526.0 300.0 300.0 16 49350.0 51628.0 300.0 300.0
877.7185081191298 33 39708.0 42940.0 300.0 300.0 44 58880.0 62307.0 300.0 300.0
246.23102689296027 60 26760.0 29970.0 300.0 300.0 17 43947.0 46594.0 300.0 300.0
240.08031895950788 50 25365.0 27476.0 300.0 300.0 28 38469.0 42061.0 300.0 300.0
17.612929539943202 53 20919.0 24187.0 300.0 300.0 20 38053.0 39954.0 300.0 300.0
597.5089663335282 19 22094.0 25034.0 300.0 300.0 21 42495.0 45930.0 300.0 300.0
636.9910537274526 33 28597.0 32087.0 300.0 300.0 32 47540.0 49915.0 300.0 300.0
216.57554266122813 54 27961.0 31201.0 300.0 300.0 11 46541.0 48399.0 300.0 300.0
33.988155268327105 45 47000.0 49228.0 300.0 300.0 24 63640.0 67179.0 300.0 300.0
510.8893044507241 53 50655.0 53305.0 300.0 300.0 49 68054.0 70632.0 300.0 300.0
369.03202794051657 51 32458.0 35596.0 300.0 300.0 30 52796.0 54795.0 300.0 300.0
308.2468992062394 49 47915.0 50083.0 300.0 300.0 35 62000.0 65303.0 300.0 300.0
256.4725309625792 30 32974.0 36501.0 300.0 300.0 50 48014.0 49959.0 300.0 300.0
199.94039041093248 13 29036.0 31590.0 300.0 300.0 58 43194.0 46517.0 300.0 300.0
953.4537680984442 41 52413.0 54405.0 300.0 300.0 20 67934.0 69795.0 300.0 300.0
82.76335994861206 55 33308.0 36651.0 300.0 300.0 52 52300.0 55547.0 300.0 300.0
934.4172096076068 54 45560.0 47564.0 300.0 300.0 28 63630.0 66790.0 300.0 300.0
237.41408470709345 36 38259.0 40435.0 300.0 300.0 10 53672.0 55778.0 300.0 300.0
551.2363209519672 38 24467.0 27609.0 300.0 300.0 39 44187.0 46744.0 300.0 300.0
569.4070193798077 11 49759.0 51824.0 300.0 300.0 34 66674.0 68577.0 300.0 300.0
521.7422531021775 55 27223.0 29713.0 300.0 300.0 24 40705.0 42575.0 300.0 300.0
268.1250202228591 54 48337.0 51221.0 300.0 300.0 24 64224.0 67104.0 300.0 300.0
741.0820133408977 30 48537.0 51333.0 300.0 300.0 59 65377.0 67714.0 300.0 300.0
273.49829788596816 10 50432.0 53741.0 300.0 300.0 42 68185.0 70747.0 300.0 300.0
801.6211894738224 56 21384.0 24954.0 300.0 300.0 11 41216.0 44134.0 300.0 300.0
844.5852162847492 37 47759.0 50790.0 300.0 300.0 47 63857.0 66281.0 300.0 300.0
802.9978951168137 40 20496.0 23609.0 300.0 300.0 60 35204.0 38528.0 300.0 300.0
826.030333840162 24 22190.0 25486.0 300.0 300.0 22 42884.0 46409.0 300.0 300.0
683.8731739077433 20 31586.0 34242.0 300.0 300.0 46 45533.0 48413.0 300.0 300.0
142.3395234760122 48 20540.0 23407.0 300.0 300.0 23 40837.0 43321.0 300.0 300.0
794.6875609995382 52 34690.0 38176.0 300.0 300.0 17 52765.0 55534.0 300.0 300.0
710.8646352348783 54 53879.0 56215.0 300.0 300.0 59 67118.0 70658.0 300.0 300.0
624.494889205277 36 49903.0 53404.0 300.0 300.0 27 67540.0 69662.0 300.0 300.0
556.4358917391198 36 31372.0 33227.0 300.0 300.0 53 48822.0 50800.0 300.0 300.0
97.23581955410532 35 38554.0 41052.0 300.0 300.0 41 52630.0 55118.0 300.0 300.0
997.1920766048312 23 32558.0 35666.0 300.0 300.0 40 46677.0 49191.0 300.0 300.0
250.55409282953713 16 50491.0 52404.0 300.0 300.0 13 68910.0 71024.0 300.0 300.0
525.1915543561217 58 33147.0 35648.0 300.0 300.0 21 50901.0 53817.0 300.0 300.0
224.73297077521215 25 53993.0 56481.0 300.0 300.0 42 68387.0 71690.0 300.0 300.0
459.06442751048894 16 38111.0 40330.0 300.0 300.0 46 52113.0 54229.0 300.0 300.0
626.2047732760828 12 38702.0 40584.0 300.0 300.0 54 52862.0 56318.0 300.0 300.0
740.8925916984748 25 19712.0 22623.0 300.0 300.0 58 39583.0 41849.0 300.0 300.0
529.4004956246064 12 45141.0 47642.0 300.0 300.0 46 59542.0 62287.0 300.0 300.0
886.6536767961277 36 36244.0 38802.0 300.0 300.0 49 56099.0 58586.0 300.0 300.0
666.8738540081736 33 26541.0 29122.0 300.0 300.0 13 41041.0 44474.0 300.0 300.0
189.29080074429461 29 30190.0 33578.0 300.0 300.0 16 48176.0 51565.0 300.0 300.0
989.4428620803659 40 28945.0 31327.0 300.0 300.0 10 47657.0 49476.0 300.0 300.0
785.4974158424009 51 20253.0 22633.0 300.0 300.0 47 34251.0 36516.0 300.0 300.0
498.70794075926693 53 43529.0 45399.0 300.0 300.0 57 61682.0 63695.0 300.0 300.0
210.73845357939769 34 49548.0 52748.0 300.0 300.0 11 64362.0 66411.0 300.0 300.0
541.2656960983443 51 29682.0 31787.0 300.0 300.0 13 48564.0 50922.0 300.0 300.0
20.340535363797983 38 35267.0 37608.0 300.0 300.0 29 55218.0 58595.0 300.0 300.0
69.15784869361286 36 52121.0 54437.0 300.0 300.0 54 67500.0 70553.0 300.0 300.0
995.5281718127386 47 27320.0 29520.0 300.0 300.0 22 46867.0 48822.0 300.0 300.0
410.86274718721006 34 39115.0 42014.0 300.0 300.0 24 53880.0 57399.0 300.0 300.0
289.28495403752777 10 50784.0 53496.0 300.0 300.0 42 67722.0 70902.0 300.0 300.0
42.11740743854053 51 34878.0 37598.0 300.0 300.0 12 51410.0 53548.0 300.0 300.0
614.4814760236841 34 52492.0 54834.0 300.0 300.0 17 70768.0 73544.0 300.0 300.0
611.090273134308 18 28416.0 31558.0 300.0 300.0 44 43170.0 46397.0 300.0 300.0
611.8103910201315 31 52404.0 54674.0 300.0 300.0 30 69503.0 71487.0 300.0 300.0
957.3228442777457 45 44438.0 47288.0 300.0 300.0 58 59334.0 61420.0 300.0 300.0
843.0564542853544 13 33513.0 35621.0 300.0 300.0 19 46566.0 49100.0 300.0 300.0
202.20951095365936 23 22294.0 24890.0 300.0 300.0 37 42712.0 45725.0 300.0 300.0
280.83133149051474 13 29537.0 32885.0 300.0 300.0 10 44238.0 47764.0 300.0 300.0
798.7571321087567 48 25103.0 27855.0 300.0 300.0 56 45331.0 48154.0 300.0 300.0
663.2211946786134 42 26260.0 29271.0 300.0 300.0 25 46686.0 49300.0 300.0 300.0
62.49333134738488 18 37994.0 40182.0 300.0 300.0 34 53109.0 56005.0 300.0 300.0
964.306154084668 54 46661.0 49458.0 300.0 300.0 29 63925.0 67295.0 300.0 300.0
500.59345658453725 47 50473.0 53282.0 300.0 300.0 10 67646.0 70807.0 300.0 300.0
422.0664846297221 32 41515.0 44346.0 300.0 300.0 17 56330.0 58923.0 300.0 300.0
783.8570297909765 40 31840.0 35310.0 300.0 300.0 13 48979.0 52254.0 300.0 300.0
846.0166332718236 47 33367.0 36946.0 300.0 300.0 59 53000.0 55337.0 300.0 300.0
521.7509176849547 33 35079.0 37129.0 300.0 300.0 17 50072.0 52651.0 300.0 300.0
189.6077368887329 52 27075.0 29558.0 300.0 300.0 20 45444.0 47466.0 300.0 300.0
894.386263631566 36 20005.0 23422.0 300.0 300.0 26 39458.0 42109.0 300.0 300.0
867.9871055620898 57 48968.0 50942.0 300.0 300.0 50 67343.0 70449.0 300.0 300.0
441.4242116357526 59 53333.0 55841.0 300.0 300.0 38 71505.0 74163.0 300.0 300.0
890.452485840942 17 26127.0 28561.0 300.0 300.0 47 40698.0 43328.0 300.0 300.0
915.3009478029866 54 31944.0 34357.0 300.0 300.0 21 50601.0 53652.0 300.0 300.0
278.61453739081685 13 34838.0 37362.0 300.0 300.0 60 50031.0 53601.0 300.0 300.0
567.988695616404 56 36370.0 38848.0 300.0 300.0 33 54220.0 57424.0 300.0 300.0
284.9868238658726 40 34854.0 38045.0 300.0 300.0 45 53501.0 56268.0 300.0 300.0
784.3060048080545 44 26667.0 28974.0 300.0 300.0 48 44268.0 47406.0 300.0 300.0
800.9318856650249 50 49962.0 53270.0 300.0 300.0 18 70046.0 73459.0 300.0 300.0
812.470953120487 30 32489.0 34748.0 300.0 300.0 27 49237.0 52460.0 300.0 300.0
845.460191400763 41 42439.0 45502.0 300.0 300.0 58 62717.0 66094.0 300.0 300.0
920.446005903241 36 21562.0 24035.0 300.0 300.0 46 41016.0 44564.0 300.0 300.0
814.5290788052392 24 24308.0 27159.0 300.0 300.0 32 38143.0 41145.0 300.0 300.0
555.3139442459318 34 49901.0 52842.0 300.0 300.0 45 67173.0 70278.0 300.0 300.0
10.824694960756997 30 39776.0 42104.0 300.0 300.0 33 56932.0 59512.0 300.0 300.0
667.4926548981458 39 18933.0 21121.0 300.0 300.0 32 35415.0 37980.0 300.0 300.0
992.5073404687012 54 44698.0 46540.0 300.0 300.0 45 60725.0 63226.0 300.0 300.0
931.4553108185236 41 31373.0 34571.0 300.0 300.0 18 49437.0 52662.0 300.0 300.0
211.4118744590351 15 21127.0 23552.0 300.0 300.0 55 35471.0 37638.0 300.0 300.0
33.56008340103078 48 26742.0 30242.0 300.0 300.0 24 44520.0 47448.0 300.0 300.0
851.4439664389434 26 44740.0 47847.0 300.0 300.0 30 60252.0 63455.0 300.0 300.0
873.7760550847551 31 51109.0 53837.0 300.0 300.0 59 67801.0 69671.0 300.0 300.0
430.50627673377306 58 23834.0 25760.0 300.0 300.0 41 42435.0 44933.0 300.0 300.0
544.055625923839 46 37218.0 39095.0 300.0 300.0 26 56313.0 58516.0 300.0 300.0
657.6967775690448 47 36169.0 38774.0 300.0 300.0 25 54829.0 57878.0 300.0 300.0
388.765978755161 59 30837.0 32893.0 300.0 300.0 34 50469.0 53551.0 300.0 300.0
914.6014503355029 39 18920.0 20807.0 300.0 300.0 36 36662.0 38781.0 300.0 300.0
643.2383553132076 44 50074.0 52550.0 300.0 300.0 13 70436.0 73748.0 300.0 300.0
87.47819220661435 13 53635.0 56029.0 300.0 300.0 50 70619.0 72551.0 300.0 300.0
890.7915541052924 59 24575.0 27366.0 300.0 300.0 18 44291.0 46547.0 300.0 300.0
957.6010706371591 34 23991.0 26108.0 300.0 300.0 51 39853.0 42818.0 300.0 300.0
416.57185891681905 42 26011.0 28867.0 300.0 300.0 44 44809.0 47571.0 300.0 300.0
960.9814386608464 24 24474.0 26330.0 300.0 300.0 23 40490.0 43925.0 300.0 300.0
992.6405853927595 20 47941.0 50321.0 300.0 300.0 46 65474.0 67734.0 300.0 300.0
466.45410566510526 34 35347.0 38483.0 300.0 300.0 33 55072.0 58318.0 300.0 300.0
461.72143432006874 44 39008.0 42602.0 300.0 300.0 47 54618.0 57948.0 300.0 300.0
262.44186848462834 53 39418.0 41502.0 300.0 300.0 60 58625.0 61025.0 300.0 300.0
940.0575077344366 48 52094.0 54584.0 300.0 300.0 14 65840.0 69234.0 300.0 300.0
266.6896573230811 30 40546.0 42466.0 300.0 300.0 50 54423.0 57461.0 300.0 300.0
510.4599446638053 50 26581.0 28731.0 300.0 300.0 60 39610.0 42262.0 300.0 300.0
518.3690155790676 21 53516.0 55886.0 300.0 300.0 11 71065.0 73427.0 300.0 300.0
886.7718077791008 52 24565.0 26710.0 300.0 300.0 39 41372.0 43914.0 300.0 300.0
826.0435105260863 31 27874.0 31421.0 300.0 300.0 39 45137.0 47784.0 300.0 300.0
896.9113700088438 45 51770.0 54426.0 300.0 300.0 40 71314.0 73124.0 300.0 300.0
435.28574245415774 12 36644.0 38865.0 300.0 300.0 41 53153.0 55633.0 300.0 300.0
434.0613410247319 21 39195.0 41566.0 300.0 300.0 51 55493.0 58348.0 300.0 300.0
262.8452094334734 54 31316.0 34878.0 300.0 300.0 25 50656.0 53734.0 300.0 300.0
179.47382152877356 44 21038.0 23289.0 300.0 300.0 50 35070.0 37470.0 300.0 300.0
496.162771850752 47 36068.0 39162.0 300.0 300.0 52 51591.0 54552.0 300.0 300.0
305.18160881535704 42 51324.0 54069.0 300.0 300.0 34 67370.0 70453.0 300.0 300.0
163.06089551073055 54 46532.0 49245.0 300.0 300.0 11 62948.0 65562.0 300.0 300.0
154.42920295968287 48 52611.0 55220.0 300.0 300.0 10 70983.0 73730.0 300.0 300.0
981.3384951190101 24 53397.0 56755.0 300.0 300.0 33 69897.0 73060.0 300.0 300.0
690.0304498399972 43 26077.0 28459.0 300.0 300.0 59 46267.0 48577.0 300.0 300.0
855.8635590866234 13 25249.0 27622.0 300.0 300.0 24 38556.0 41326.0 300.0 300.0
148.65992113295147 27 51949.0 55316.0 300.0 300.0 33 72180.0 74120.0 300.0 300.0
615.0652676639664 60 23079.0 25995.0 300.0 300.0 39 43085.0 46043.0 300.0 300.0
679.2073613224719 22 41275.0 43285.0 300.0 300.0 55 55358.0 57305.0 300.0 300.0
392.3294896622841 17 22164.0 24552.0 300.0 300.0 49 36038.0 38527.0 300.0 300.0
847.0574620299484 42 37118.0 39368.0 300.0 300.0 60 52589.0 55657.0 300.0 300.0
742.9252510725717 39 41220.0 44644.0 300.0 300.0 31 60753.0 64019.0 300.0 300.0
309.1655588613603 44 21953.0 25366.0 300.0 300.0 43 39975.0 42882.0 300.0 300.0
535.3353998030914 19 38070.0 40432.0 300.0 300.0 25 57771.0 60727.0 300.0 300.0
997.1214128813536 58 26782.0 29805.0 300.0 300.0 20 43487.0 46634.0 300.0 300.0
618.2101832460143 53 44076.0 47060.0 300.0 300.0 29 64089.0 66961.0 300.0 300.0
61.443372990304226 44 28892.0 31635.0 300.0 300.0 32 49414.0 52550.0 300.0 300.0
600.9581020489717 55 47380.0 49757.0 300.0 300.0 34 60761.0 63552.0 300.0 300.0
138.9120847026698 56 45332.0 48553.0 300.0 300.0 43 65490.0 68272.0 300.0 300.0
16.961220551830138 21 46949.0 49994.0 300.0 300.0 56 67136.0 70717.0 300.0 300.0
199.00160213101492 25 38783.0 41252.0 300.0 300.0 53 57380.0 59578.0 300.0 300.0
992.6546384725231 41 21577.0 24196.0 300.0 300.0 56 37506.0 39716.0 300.0 300.0
32.93333616036798 52 29380.0 32764.0 300.0 300.0 49 43700.0 47131.0 300.0 300.0
11.716260909085063 58 22520.0 25725.0 300.0 300.0 24 39712.0 43207.0 300.0 300.0
81.48180685633099 24 46808.0 48924.0 300.0 300.0 48 63092.0 66419.0 300.0 300.0
739.2275887678325 21 18342.0 20890.0 300.0 300.0 19 37103.0 39103.0 300.0 300.0
701.6867688753555 31 25397.0 28850.0 300.0 300.0 53 46708.0 48689.0 300.0 300.0
313.1142202278099 27 46809.0 49421.0 300.0 300.0 57 61258.0 64035.0 300.0 300.0
578.7396234542473 20 37390.0 40222.0 300.0 300.0 41 52601.0 55650.0 300.0 300.0
286.0565739614933 40 51195.0 53928.0 300.0 300.0 23 70274.0 73225.0 300.0 300.0
962.5522786457407 27 25719.0 27583.0 300.0 300.0 12 38989.0 41645.0 300.0 300.0
136.35674899687257 53 26980.0 30442.0 300.0 300.0 28 48441.0 50619.0 300.0 300.0
898.2967572674213 32 53789.0 57111.0 300.0 300.0 47 71624.0 74808.0 300.0 300.0
196.30405520451166 35 34487.0 38070.0 300.0 300.0 59 50455.0 53219.0 300.0 300.0
10.313945382376621 16 23479.0 26728.0 300.0 300.0 39 43423.0 46992.0 300.0 300.0
66.129733500075 32 52129.0 53962.0 300.0 300.0 33 70515.0 72461.0 300.0 300.0
557.39373414737 29 47921.0 51384.0 300.0 300.0 51 67097.0 69360.0 300.0 300.0
294.779418775039 35 29390.0 31497.0 300.0 300.0 16 48617.0 51355.0 300.0 300.0
7.064620513470565 32 20174.0 22431.0 300.0 300.0 59 33247.0 36155.0 300.0 300.0
878.9385840571679 12 47975.0 50480.0 300.0 300.0 53 67080.0 70329.0 300.0 300.0
864.1149916837417 50 36447.0 39563.0 300.0 300.0 30 53994.0 56210.0 300.0 300.0
131.87237887953506 31 46290.0 49445.0 300.0 300.0 51 66281.0 69713.0 300.0 300.0
755.3861172345959 52 32694.0 34765.0 300.0 300.0 31 51582.0 54833.0 300.0 300.0
735.912413206827 34 41029.0 43187.0 300.0 300.0 45 57328.0 60118.0 300.0 300.0
124.59678191429569 50 51670.0 54137.0 300.0 300.0 41 72046.0 74689.0 300.0 300.0
458.4432948574364 32 27561.0 30182.0 300.0 300.0 24 42580.0 45184.0 300.0 300.0
367.61674222263963 36 35535.0 38591.0 300.0 300.0 44 54218.0 56896.0 300.0 300.0
581.9845976164067 26 47356.0 49666.0 300.0 300.0 18 67008.0 69572.0 300.0 300.0
864.6173790486217 29 20151.0 23112.0 300.0 300.0 48 34328.0 37445.0 300.0 300.0
684.7839846635927 57 22184.0 24828.0 300.0 300.0 48 38504.0 41900.0 300.0 300.0
399.68092785501074 19 30769.0 33110.0 300.0 300.0 31 46544.0 49352.0 300.0 300.0
978.9575906607029 15 35456.0 37559.0 300.0 300.0 44 49673.0 52532.0 300.0 300.0
643.9083734586226 30 48213.0 51402.0 300.0 300.0 54 64359.0 67082.0 300.0 300.0
47.74021249429894 53 22018.0 25059.0 300.0 300.0 11 42166.0 43973.0 300.0 300.0
192.3710890028183 27 19005.0 21918.0 300.0 300.0 10 38868.0 40735.0 300.0 300.0
960.3127976166649 12 28076.0 30872.0 300.0 300.0 17 42794.0 44849.0 300.0 300.0
550.314537435184 24 21640.0 23536.0 300.0 300.0 19 36462.0 39902.0 300.0 300.0
429.81243534061474 60 42747.0 44912.0 300.0 300.0 35 58649.0 61276.0 300.0 300.0
156.13427798878942 55 25178.0 27978.0 300.0 300.0 24 45963.0 48034.0 300.0 300.0
824.7265970642525 13 39911.0 42884.0 300.0 300.0 54 54958.0 57481.0 300.0 300.0
188.46915048312107 36 20865.0 23728.0 300.0 300.0 50 40632.0 44046.0 300.0 300.0
462.52881322426407 27 20648.0 23381.0 300.0 300.0 54 40249.0 42997.0 300.0 300.0
447.3320932121022 56 37403.0 39817.0 300.0 300.0 39 57786.0 59892.0 300.0 300.0
83.10625676024097 14 25217.0 28004.0 300.0 300.0 13 42465.0 45020.0 300.0 300.0
923.9406099348588 19 20823.0 24352.0 300.0 300.0 29 37012.0 40304.0 300.0 300.0
703.6107618505879 20 27256.0 30802.0 300.0 300.0 19 45464.0 48662.0 300.0 300.0
914.6047269065998 25 41484.0 43725.0 300.0 300.0 29 58138.0 61035.0 300.0 300.0
40.559930601781204 15 35232.0 38547.0 300.0 300.0 52 53565.0 56365.0 300.0 300.0
308.84498403523406 59 26433.0 28292.0 300.0 300.0 23 46184.0 49055.0 300.0 300.0
303.42761669034326 44 37893.0 40056.0 300.0 300.0 57 51289.0 54800.0 300.0 300.0
343.3851994979075 34 53831.0 57207.0 300.0 300.0 56 69704.0 73184.0 300.0 300.0
730.067709976383 14 36122.0 38120.0 300.0 300.0 59 49565.0 52440.0 300.0 300.0
998.7088579607783 46 38228.0 41631.0 300.0 300.0 47 54928.0 57291.0 300.0 300.0
670.9641632461185 14 30729.0 34246.0 300.0 300.0 57 46564.0 49629.0 300.0 300.0
894.773296413932 39 35627.0 38091.0 300.0 300.0 29 50322.0 53413.0 300.0 300.0
118.72133765405479 52 49797.0 52077.0 300.0 300.0 22 68232.0 70642.0 300.0 300.0
72.90488999293765 57 32249.0 35840.0 300.0 300.0 52 50376.0 53909.0 300.0 300.0
213.0006193944286 20 32630.0 35086.0 300.0 300.0 49 46811.0 49527.0 300.0 300.0
221.89315038877265 28 27014.0 28997.0 300.0 300.0 45 44624.0 47472.0 300.0 300.0
680.2520281768508 22 24504.0 27348.0 300.0 300.0 51 42813.0 45705.0 300.0 300.0
492.272779765497 25 53612.0 56240.0 300.0 300.0 51 73146.0 76429.0 300.0 300.0
252.43187403482082 20 42556.0 45589.0 300.0 300.0 31 60509.0 63923.0 300.0 300.0
52.52215915447533 16 43883.0 47244.0 300.0 300.0 22 64718.0 66589.0 300.0 300.0
569.1675045342266 23 51499.0 53454.0 300.0 300.0 21 70085.0 72971.0 300.0 300.0
467.57630829782624 33 32471.0 35069.0 300.0 300.0 60 49672.0 53222.0 300.0 300.0
732.6288884274833 40 40578.0 43766.0 300.0 300.0 21 55490.0 57694.0 300.0 300.0
51.19321683355027 52 39561.0 42629.0 300.0 300.0 55 54336.0 57292.0 300.0 300.0
742.1710057909964 20 34383.0 36728.0 300.0 300.0 51 50184.0 53725.0 300.0 300.0
771.2366296105457 33 50199.0 52505.0 300.0 300.0 28 69827.0 72553.0 300.0 300.0
284.47194070024796 40 26835.0 30155.0 300.0 300.0 59 43168.0 45909.0 300.0 300.0
517.1362179615426 11 29233.0 32523.0 300.0 300.0 53 43355.0 46266.0 300.0 300.0
451.63615252000244 11 24862.0 27573.0 300.0 300.0 30 44198.0 46406.0 300.0 300.0
502.3216604884828 42 48625.0 50606.0 300.0 300.0 25 62327.0 65170.0 300.0 300.0
671.1619757871671 51 21840.0 25225.0 300.0 300.0 57 37121.0 39683.0 300.0 300.0
936.3389129180458 48 26384.0 28706.0 300.0 300.0 26 46517.0 48949.0 300.0 300.0
583.763666499957 19 26712.0 29342.0 300.0 300.0 38 41711.0 44098.0 300.0 300.0
511.0588591227526 19 46035.0 48202.0 300.0 300.0 42 62687.0 65243.0 300.0 300.0
533.1426827216976 22 53513.0 56369.0 300.0 300.0 52 67873.0 71345.0 300.0 300.0
586.6710204926962 46 43884.0 46022.0 300.0 300.0 52 62888.0 66142.0 300.0 300.0
330.64701651356575 40 30643.0 32994.0 300.0 300.0 30 46582.0 49475.0 300.0 300.0
604.1798504927384 22 24402.0 27183.0 300.0 300.0 42 44462.0 46772.0 300.0 300.0
731.4428187071649 58 33176.0 35374.0 300.0 300.0 28 49203.0 52304.0 300.0 300.0
294.43012514464783 27 51492.0 53970.0 300.0 300.0 60 70286.0 72253.0 300.0 300.0
670.8260701752265 48 32552.0 34954.0 300.0 300.0 20 47568.0 49489.0 300.0 300.0
786.1924829347079 12 18950.0 20981.0 300.0 300.0 34 34409.0 37939.0 300.0 300.0
432.4744830280675 24 18453.0 21213.0 300.0 300.0 12 36931.0 40315.0 300.0 300.0
58.831068055638205 17 40659.0 43792.0 300.0 300.0 11 55387.0 57242.0 300.0 300.0
87.00896949085546 50 18293.0 21300.0 300.0 300.0 27 38189.0 41506.0 300.0 300.0
144.21636246155967 36 29648.0 31659.0 300.0 300.0 38 49316.0 51445.0 300.0 300.0
390.79994415939143 15 47635.0 50980.0 300.0 300.0 36 62517.0 64719.0 300.0 300.0
597.8755605834556 20 38421.0 40547.0 300.0 300.0 21 56528.0 59576.0 300.0 300.0
872.494399135908 58 37657.0 40044.0 300.0 300.0 37 54999.0 58200.0 300.0 300.0
555.3060615076593 24 36599.0 40019.0 300.0 300.0 22 55757.0 57912.0 300.0 300.0
668.6058694706035 33 43526.0 46846.0 300.0 300.0 40 63278.0 65417.0 300.0 300.0
924.702089520383 56 43012.0 45711.0 300.0 300.0 45 60878.0 63394.0 300.0 300.0
269.427497400237 44 34632.0 37876.0 300.0 300.0 12 50545.0 53210.0 300.0 300.0
185.2258813734916 44 45580.0 47807.0 300.0 300.0 33 64536.0 66501.0 300.0 300.0
281.60075471204703 31 49140.0 51812.0 300.0 300.0 45 64133.0 67464.0 300.0 300.0
837.9307215741298 16 28507.0 31014.0 300.0 300.0 37 44139.0 47215.0 300.0 300.0
542.3750012561063 39 30329.0 32738.0 300.0 300.0 44 49957.0 52818.0 300.0 300.0
756.4288040453158 58 48075.0 49913.0 300.0 300.0 24 63059.0 65766.0 300.0 300.0
980.7774055898468 17 28845.0 30681.0 300.0 300.0 11 44148.0 47455.0 300.0 300.0
702.6810039496522 36 24376.0 27515.0 300.0 300.0 37 40000.0 42694.0 300.0 300.0
919.8057196169351 31 41094.0 42938.0 300.0 300.0 14 59065.0 60903.0 300.0 300.0
790.5311125441343 58 52175.0 53985.0 300.0 300.0 14 69792.0 72529.0 300.0 300.0
567.959512739021 16 30643.0 34066.0 300.0 300.0 15 46313.0 48271.0 300.0 300.0
110.85581047587479 23 34259.0 36723.0 300.0 300.0 34 51812.0 53729.0 300.0 300.0
133.9150860803765 38 41390.0 43818.0 300.0 300.0 13 60341.0 63352.0 300.0 300.0
476.8639686845849 50 26584.0 28699.0 300.0 300.0 51 44997.0 47916.0 300.0 300.0
800.2772256017555 27 42247.0 44635.0 300.0 300.0 44 55860.0 59315.0 300.0 300.0
939.9474632174763 36 44612.0 46917.0 300.0 300.0 18 63034.0 66268.0 300.0 300.0
55.833226668491996 48 36902.0 39327.0 300.0 300.0 18 51187.0 53969.0 300.0 300.0
483.72142029577725 39 31739.0 33934.0 300.0 300.0 42 49277.0 52123.0 300.0 300.0
64.6939268234904 10 37465.0 40949.0 300.0 300.0 11 52666.0 55422.0 300.0 300.0
979.0368988046436 42 40046.0 42620.0 300.0 300.0 21 59020.0 62046.0 300.0 300.0
658.6080122490107 20 50155.0 52429.0 300.0 300.0 41 65364.0 67926.0 300.0 300.0
912.7139362118512 29 45652.0 48927.0 300.0 300.0 32 65659.0 67907.0 300.0 300.0
598.4321118579103 16 36131.0 37955.0 300.0 300.0 11 52867.0 54678.0 300.0 300.0
658.8206609950353 60 48254.0 51415.0 300.0 300.0 30 62973.0 65589.0 300.0 300.0
244.4561762067806 21 42541.0 45600.0 300.0 300.0 16 62288.0 64342.0 300.0 300.0
699.1754164070855 44 51630.0 53726.0 300.0 300.0 34 70277.0 72308.0 300.0 300.0
94.62399460411109 51 46407.0 48296.0 300.0 300.0 30 62702.0 64529.0 300.0 300.0
509.41427996723996 41 27356.0 29495.0 300.0 300.0 33 43716.0 47206.0 300.0 300.0
545.6266761265613 38 35240.0 37754.0 300.0 300.0 28 50067.0 52046.0 300.0 300.0
82.86084391817616 10 24356.0 26759.0 300.0 300.0 35 39099.0 42008.0 300.0 300.0
64.73756972517731 21 18763.0 21833.0 300.0 300.0 26 36691.0 39852.0 300.0 300.0
775.3450982080512 14 34325.0 36225.0 300.0 300.0 42 52580.0 55241.0 300.0 300.0
949.8225836657094 19 46875.0 49217.0 300.0 300.0 51 60790.0 62618.0 300.0 300.0
313.21061940906327 23 22119.0 25369.0 300.0 300.0 10 42679.0 45721.0 300.0 300.0
330.3069090491012 36 20279.0 22416.0 300.0 300.0 13 34647.0 36897.0 300.0 300.0
141.5614814924393 53 18834.0 20827.0 300.0 300.0 57 35497.0 37524.0 300.0 300.0
711.4789920894495 55 26080.0 28179.0 300.0 300.0 54 41590.0 45107.0 300.0 300.0
512.246625228609 10 38065.0 40730.0 300.0 300.0 40 53062.0 56173.0 300.0 300.0
486.2209098984428 28 52160.0 55121.0 300.0 300.0 45 67975.0 71381.0 300.0 300.0
767.449043498828 23 20424.0 22433.0 300.0 300.0 20 33628.0 36402.0 300.0 300.0
589.2962113272456 30 30275.0 33676.0 300.0 300.0 29 50337.0 52968.0 300.0 300.0
595.7046655244748 48 30381.0 32637.0 300.0 300.0 43 45502.0 47303.0 300.0 300.0
116.30173456068083 22 18415.0 21343.0 300.0 300.0 47 32581.0 34733.0 300.0 300.0
787.7593104542152 57 36361.0 39418.0 300.0 300.0 37 51666.0 53856.0 300.0 300.0
898.2789073108305 39 20010.0 23316.0 300.0 300.0 36 39929.0 41954.0 300.0 300.0
349.29606604750177 40 48177.0 50238.0 300.0 300.0 10 61806.0 63969.0 300.0 300.0
949.1309942574673 17 33659.0 36644.0 300.0 300.0 12 53391.0 56703.0 300.0 300.0
120.0196693698935 31 24837.0 27889.0 300.0 300.0 28 41934.0 45339.0 300.0 300.0
481.1334169179866 39 41122.0 44285.0 300.0 300.0 10 60752.0 62665.0 300.0 300.0
172.03128917449718 31 36596.0 39510.0 300.0 300.0 41 53203.0 55348.0 300.0 300.0
18.057563037617186 33 36819.0 40174.0 300.0 300.0 54 51228.0 54177.0 300.0 300.0
817.4078789959759 36 21383.0 23309.0 300.0 300.0 15 36026.0 38945.0 300.0 300.0
589.2272469723683 29 34772.0 37314.0 300.0 300.0 16 51489.0 54779.0 300.0 300.0
632.3266563997952 39 37324.0 40297.0 300.0 300.0 29 52599.0 55992.0 300.0 300.0
234.04833490651234 23 19275.0 21132.0 300.0 300.0 32 38719.0 41712.0 300.0 300.0
324.2382672662116 25 47407.0 50861.0 300.0 300.0 34 66701.0 68769.0 300.0 300.0
117.41605998510285 27 24032.0 27321.0 300.0 300.0 59 40146.0 43398.0 300.0 300.0
835.1549056492743 16 31137.0 34081.0 300.0 300.0 58 49562.0 53073.0 300.0 300.0
593.5190425628545 49 52525.0 55790.0 300.0 300.0 26 66596.0 69613.0 300.0 300.0
828.1209911014759 17 26744.0 29871.0 300.0 300.0 59 43146.0 46322.0 300.0 300.0
59.8952888487102 22 35303.0 37118.0 300.0 300.0 33 54455.0 57349.0 300.0 300.0
669.7889898712014 25 33549.0 35529.0 300.0 300.0 45 50299.0 53358.0 300.0 300.0
525.509373871138 26 19977.0 22976.0 300.0 300.0 17 38940.0 40918.0 300.0 300.0
458.5195744269877 42 38883.0 41868.0 300.0 300.0 26 58291.0 61805.0 300.0 300.0
445.83458130472206 22 43172.0 45371.0 300.0 300.0 30 62402.0 65984.0 300.0 300.0
297.727840880589 15 32843.0 35841.0 300.0 300.0 17 52188.0 54365.0 300.0 300.0
633.5429068875934 29 35798.0 39124.0 300.0 300.0 52 54480.0 56439.0 300.0 300.0
355.8463218090451 32 26251.0 29650.0 300.0 300.0 14 43637.0 46553.0 300.0 300.0
373.9057282727596 54 22671.0 24998.0 300.0 300.0 13 36797.0 39851.0 300.0 300.0
749.1816607905994 49 19915.0 22625.0 300.0 300.0 34 37715.0 40184.0 300.0 300.0
307.23877465185643 36 46963.0 49103.0 300.0 300.0 23 63775.0 67038.0 300.0 300.0
628.3988318308674 55 37503.0 39378.0 300.0 300.0 53 51815.0 54918.0 300.0 300.0
93.9150464755727 12 41022.0 42903.0 300.0 300.0 36 60481.0 62450.0 300.0 300.0
224.03367583487744 25 37353.0 40878.0 300.0 300.0 27 53557.0 55649.0 300.0 300.0
367.2192866200884 49 26775.0 29377.0 300.0 300.0 57 46911.0 50152.0 300.0 300.0
926.3553006282248 50 29193.0 31969.0 300.0 300.0 34 45865.0 48701.0 300.0 300.0
381.60420809902354 57 42001.0 45334.0 300.0 300.0 58 61022.0 64155.0 300.0 300.0
639.4839422709965 49 23061.0 26140.0 300.0 300.0 54 40850.0 42663.0 300.0 300.0
64.08314332710752 18 39067.0 42506.0 300.0 300.0 30 54380.0 56516.0 300.0 300.0
792.7102707894288 59 48524.0 51539.0 300.0 300.0 39 65376.0 67242.0 300.0 300.0
719.2836058492851 25 45949.0 48355.0 300.0 300.0 57 60505.0 64100.0 300.0 300.0
131.6203555840294 59 33488.0 35812.0 300.0 300.0 55 50512.0 53538.0 300.0 300.0
378.19154204923655 44 22163.0 24858.0 300.0 300.0 53 37890.0 41315.0 300.0 300.0
100.44622721299967 44 44075.0 46363.0 300.0 300.0 51 58156.0 60387.0 300.0 300.0
30.315232757523013 33 19279.0 22057.0 300.0 300.0 28 34809.0 37386.0 300.0 300.0
601.9504558226904 42 35155.0 37568.0 300.0 300.0 57 49020.0 52029.0 300.0 300.0
661.7403754836905 50 34399.0 37612.0 300.0 300.0 29 53963.0 56213.0 300.0 300.0
753.4010274923764 46 43453.0 45894.0 300.0 300.0 40 62271.0 64664.0 300.0 300.0
919.5624376216485 55 22939.0 25503.0 300.0 300.0 21 39742.0 41934.0 300.0 300.0
2.4673277843219044 36 34661.0 37099.0 300.0 300.0 34 53845.0 56427.0 300.0 300.0
228.06840596180788 14 38592.0 41330.0 300.0 300.0 29 54184.0 57689.0 300.0 300.0
415.20473221639065 57 20774.0 23356.0 300.0 300.0 10 35208.0 37133.0 300.0 300.0
544.7764978323106 55 29866.0 32033.0 300.0 300.0 40 49720.0 52985.0 300.0 300.0
874.1114509311102 44 44758.0 47063.0 300.0 300.0 41 63056.0 65636.0 300.0 300.0
525.3781137223426 57 21322.0 24507.0 300.0 300.0 44 39113.0 41962.0 300.0 300.0
336.32383288205034 22 32692.0 35157.0 300.0 300.0 52 52648.0 56212.0 300.0 300.0
385.49073799493294 15 46862.0 48890.0 300.0 300.0 22 60347.0 62235.0 300.0 300.0
693.5298167285472 33 45306.0 48021.0 300.0 300.0 43 65400.0 67668.0 300.0 300.0
33.02213913048813 51 44248.0 46651.0 300.0 300.0 15 59407.0 62075.0 300.0 300.0
373.66482080795595 12 53366.0 55343.0 300.0 300.0 36 69865.0 73356.0 300.0 300.0
286.34501467283235 53 26594.0 28899.0 300.0 300.0 31 42824.0 45176.0 300.0 300.0
841.8222571124629 33 29067.0 31632.0 300.0 300.0 37 48677.0 51430.0 300.0 300.0
988.2350277288616 25 28884.0 31130.0 300.0 300.0 33 46907.0 49220.0 300.0 300.0
40.35267832633404 48 30359.0 33310.0 300.0 300.0 60 47056.0 50581.0 300.0 300.0
230.8645644652514 36 46618.0 49369.0 300.0 300.0 32 62103.0 65296.0 300.0 300.0
486.50447534994004 20 35307.0 38509.0 300.0 300.0 59 51989.0 54898.0 300.0 300.0
489.66650918332397 15 35382.0 38889.0 300.0 300.0 51 56677.0 58551.0 300.0 300.0
885.214917252769 11 18861.0 20794.0 300.0 300.0 21 31677.0 33506.0 300.0 300.0
349.5690689227542 29 44305.0 46540.0 300.0 300.0 60 63741.0 66800.0 300.0 300.0
364.2059068192721 53 21023.0 24084.0 300.0 300.0 32 38749.0 41638.0 300.0 300.0
431.29888594619916 51 53811.0 56342.0 300.0 300.0 44 70496.0 72928.0 300.0 300.0
682.1647821158325 57 26989.0 29382.0 300.0 300.0 33 42677.0 45524.0 300.0 300.0
682.8892526072658 35 33528.0 35853.0 300.0 300.0 26 49696.0 52102.0 300.0 300.0
366.65985661909303 15 40411.0 42594.0 300.0 300.0 28 59291.0 61368.0 300.0 300.0
96.30825827884004 59 39310.0 42395.0 300.0 300.0 50 55374.0 57259.0 300.0 300.0
809.0919468677439 28 32066.0 35251.0 300.0 300.0 52 50098.0 52921.0 300.0 300.0
204.71963834365258 41 34683.0 38000.0 300.0 300.0 55 54036.0 57031.0 300.0 300.0
966.3324693571916 12 49775.0 52657.0 300.0 300.0 48 65209.0 67376.0 300.0 300.0
85.1548998699262 27 42167.0 45264.0 300.0 300.0 46 58531.0 60396.0 300.0 300.0
814.0329901991806 23 22876.0 25886.0 300.0 300.0 58 38159.0 40140.0 300.0 300.0
566.5382347619537 24 44331.0 47423.0 300.0 300.0 15 62281.0 64323.0 300.0 300.0
870.5757008433048 54 47611.0 51156.0 300.0 300.0 31 63906.0 67023.0 300.0 300.0
565.6658479456759 44 50516.0 52325.0 300.0 300.0 27 70178.0 72619.0 300.0 300.0
503.30774709400725 31 45828.0 49022.0 300.0 300.0 17 60029.0 62877.0 300.0 300.0
944.8749139374175 55 42253.0 45133.0 300.0 300.0 49 62361.0 65166.0 300.0 300.0
864.4791761415713 13 49976.0 53103.0 300.0 300.0 57 66279.0 69766.0 300.0 300.0
615.098272749593 48 44797.0 48329.0 300.0 300.0 24 60824.0 62734.0 300.0 300.0
941.9720777433813 56 39767.0 41764.0 300.0 300.0 44 57178.0 59179.0 300.0 300.0
266.51194374683394 15 46139.0 47986.0 300.0 300.0 44 64160.0 67465.0 300.0 300.0
592.6345026612903 15 53479.0 56656.0 300.0 300.0 29 73045.0 75595.0 300.0 300.0
675.1493476766877 19 23461.0 26977.0 300.0 300.0 45 38422.0 40930.0 300.0 300.0
531.3512984866046 59 30876.0 33341.0 300.0 300.0 54 47884.0 50215.0 300.0 300.0
946.152019131344 41 37392.0 39278.0 300.0 300.0 58 55191.0 57961.0 300.0 300.0
38.814542179029466 43 24404.0 26460.0 300.0 300.0 26 37435.0 39294.0 300.0 300.0
860.6048136979945 21 26659.0 29108.0 300.0 300.0 41 46512.0 49640.0 300.0 300.0
821.5828241627156 56 37666.0 39519.0 300.0 300.0 33 56901.0 58815.0 300.0 300.0
100.39042882869454 33 23723.0 26526.0 300.0 300.0 45 41641.0 44104.0 300.0 300.0
690.1094958037314 15 44440.0 47210.0 300.0 300.0 43 63720.0 66060.0 300.0 300.0
50.79493526139856 38 18710.0 20550.0 300.0 300.0 18 33639.0 35626.0 300.0 300.0
929.010568171338 54 18508.0 21015.0 300.0 300.0 34 37583.0 39424.0 300.0 300.0
999.6792506547956 42 27216.0 30165.0 300.0 300.0 49 44037.0 46331.0 300.0 300.0
818.3507950705051 36 33386.0 35780.0 300.0 300.0 32 52474.0 54582.0 300.0 300.0
350.2529603949993 45 43150.0 46467.0 300.0 300.0 27 60817.0 63273.0 300.0 300.0
358.93755917112213 57 32460.0 35487.0 300.0 300.0 15 49814.0 52188.0 300.0 300.0
286.5738513659599 42 46470.0 49852.0 300.0 300.0 44 62405.0 65059.0 300.0 300.0
976.6923033457597 42 52969.0 55612.0 300.0 300.0 40 66612.0 68715.0 300.0 300.0
630.9481213158992 54 31991.0 34589.0 300.0 300.0 37 50233.0 52364.0 300.0 300.0
683.6577173403464 13 18348.0 20412.0 300.0 300.0 45 35318.0 38765.0 300.0 300.0
223.90280921154627 11 30207.0 32640.0 300.0 300.0 36 49895.0 53083.0 300.0 300.0
693.008077191369 19 25507.0 27957.0 300.0 300.0 12 38829.0 42104.0 300.0 300.0
463.1913619605935 38 29545.0 32221.0 300.0 300.0 31 49571.0 52210.0 300.0 300.0
893.8510450510053 43 35118.0 37028.0 300.0 300.0 33 53178.0 55969.0 300.0 300.0
940.6040477764838 23 49390.0 52988.0 300.0 300.0 56 64925.0 67648.0 300.0 300.0
444.3045181817181 28 20691.0 23748.0 300.0 300.0 56 39609.0 42028.0 300.0 300.0
805.7890244330548 46 52786.0 56013.0 300.0 300.0 29 72846.0 75190.0 300.0 300.0
328.3415621937711 34 48417.0 50717.0 300.0 300.0 18 66037.0 68705.0 300.0 300.0
315.8219619748721 15 49437.0 51912.0 300.0 300.0 22 63306.0 65296.0 300.0 300.0
317.6341139468757 60 37103.0 39607.0 300.0 300.0 43 53977.0 56637.0 300.0 300.0
358.2456110529577 34 42649.0 45532.0 300.0 300.0 10 61695.0 64825.0 300.0 300.0
892.880325638147 44 18189.0 21478.0 300.0 300.0 23 38860.0 41464.0 300.0 300.0
783.4613495896474 23 43521.0 45588.0 300.0 300.0 47 62180.0 64655.0 300.0 300.0
303.036617910486 44 36375.0 38915.0 300.0 300.0 24 53043.0 55320.0 300.0 300.0
478.79399567663273 53 44075.0 46295.0 300.0 300.0 24 60877.0 63175.0 300.0 300.0
803.0307940299587 24 19742.0 23004.0 300.0 300.0 50 35374.0 37249.0 300.0 300.0
949.7458674020215 37 44242.0 46810.0 300.0 300.0 60 59883.0 61822.0 300.0 300.0
922.8233129474338 59 36998.0 39657.0 300.0 300.0 47 51605.0 54358.0 300.0 300.0
41.757807379652846 58 38776.0 40719.0 300.0 300.0 24 57106.0 60291.0 300.0 300.0
329.3972805558109 40 52335.0 55157.0 300.0 300.0 25 71124.0 74696.0 300.0 300.0
495.43018351467714 40 40094.0 43445.0 300.0 300.0 55 54720.0 57764.0 300.0 300.0
879.058069079783 36 49801.0 51787.0 300.0 300.0 56 65362.0 68224.0 300.0 300.0
546.2267325776921 15 47831.0 49996.0 300.0 300.0 22 63994.0 66573.0 300.0 300.0
985.3517659351594 51 18747.0 21964.0 300.0 300.0 41 33259.0 35849.0 300.0 300.0
382.1663992759071 41 53218.0 56056.0 300.0 300.0 60 70394.0 72306.0 300.0 300.0
597.378905045594 53 34001.0 36896.0 300.0 300.0 58 50856.0 53788.0 300.0 300.0
195.25296636082524 22 45170.0 48635.0 300.0 300.0 29 59944.0 63338.0 300.0 300.0
278.0777461657097 34 44634.0 48169.0 300.0 300.0 55 60824.0 63982.0 300.0 300.0
899.1273060079328 49 25814.0 28165.0 300.0 300.0 29 44802.0 47898.0 300.0 300.0
960.3423453527023 41 43487.0 45637.0 300.0 300.0 49 62353.0 65790.0 300.0 300.0
540.7530248946587 48 53881.0 56721.0 300.0 300.0 23 73014.0 75869.0 300.0 300.0
543.1648360629076 15 27650.0 29724.0 300.0 300.0 60 47060.0 50064.0 300.0 300.0
571.340193020066 16 18382.0 21339.0 300.0 300.0 10 36742.0 39628.0 300.0 300.0
157.261786605424 13 29609.0 31826.0 300.0 300.0 17 49234.0 52487.0 300.0 300.0
634.0255602517354 46 42959.0 44975.0 300.0 300.0 24 60077.0 63159.0 300.0 300.0
501.1508300102188 49 31386.0 34380.0 300.0 300.0 51 46274.0 48249.0 300.0 300.0
405.2864262390802 39 47625.0 49576.0 300.0 300.0 28 61359.0 64196.0 300.0 300.0
430.0507219954658 28 33263.0 35664.0 300.0 300.0 17 46531.0 48977.0 300.0 300.0
435.2729353970969 27 34746.0 37591.0 300.0 300.0 25 49691.0 52188.0 300.0 300.0
11.322754579081717 37 40116.0 43496.0 300.0 300.0 14 57770.0 60060.0 300.0 300.0
370.1742139418298 25 21374.0 24094.0 300.0 300.0 46 38835.0 41538.0 300.0 300.0
565.8701135304264 44 19442.0 22595.0 300.0 300.0 11 33594.0 36713.0 300.0 300.0
517.7404662338417 34 40775.0 42955.0 300.0 300.0 55 58090.0 60412.0 300.0 300.0
53.75233236756927 47 43163.0 46625.0 300.0 300.0 18 57543.0 59408.0 300.0 300.0
404.8927366627725 15 42312.0 45848.0 300.0 300.0 19 57437.0 60493.0 300.0 300.0
277.41854889791415 18 33667.0 35531.0 300.0 300.0 45 51343.0 54397.0 300.0 300.0
853.0637905248033 58 18060.0 21604.0 300.0 300.0 10 39470.0 43033.0 300.0 300.0
244.95491289947225 37 26381.0 29010.0 300.0 300.0 21 42404.0 45319.0 300.0 300.0
601.0079288887197 59 31552.0 35086.0 300.0 300.0 57 48594.0 51197.0 300.0 300.0
120.49310525499301 52 39855.0 43026.0 300.0 300.0 25 55278.0 58535.0 300.0 300.0
684.1417056392921 23 35132.0 37452.0 300.0 300.0 60 50026.0 53314.0 300.0 300.0
185.72580483685596 49 44822.0 47219.0 300.0 300.0 57 63155.0 65423.0 300.0 300.0
541.2615446800089 47 27297.0 29585.0 300.0 300.0 16 40746.0 43814.0 300.0 300.0
325.98742494146603 58 25162.0 27864.0 300.0 300.0 60 40281.0 43257.0 300.0 300.0
180.32804495255317 60 41184.0 43481.0 300.0 300.0 49 59277.0 61417.0 300.0 300.0
651.6211732638563 58 39095.0 41345.0 300.0 300.0 55 52416.0 55046.0 300.0 300.0
70.88661194100587 51 38829.0 42174.0 300.0 300.0 21 56187.0 58805.0 300.0 300.0
869.7828931587144 45 49248.0 52829.0 300.0 300.0 21 64149.0 66020.0 300.0 300.0
726.9628688384437 36 30680.0 32927.0 300.0 300.0 48 45553.0 48150.0 300.0 300.0
67.21519682749744 11 30237.0 32328.0 300.0 300.0 54 43235.0 46200.0 300.0 300.0
45.65438303476266 34 53995.0 57370.0 300.0 300.0 52 73059.0 74954.0 300.0 300.0
269.0277433358621 19 41142.0 44305.0 300.0 300.0 22 60860.0 63761.0 300.0 300.0
327.2397897928958 49 21629.0 23669.0 300.0 300.0 20 36076.0 39154.0 300.0 300.0
854.6792537356009 39 40119.0 42428.0 300.0 300.0 50 54189.0 56647.0 300.0 300.0
835.9187538667385 13 49138.0 52287.0 300.0 300.0 59 67632.0 70604.0 300.0 300.0
977.0882515881467 25 18521.0 20725.0 300.0 300.0 38 35455.0 38789.0 300.0 300.0
689.1329303302284 36 50439.0 53131.0 300.0 300.0 53 67952.0 70613.0 300.0 300.0
115.39265712288515 29 36462.0 38575.0 300.0 300.0 52 53581.0 55523.0 300.0 300.0
570.0263975492771 13 18087.0 19931.0 300.0 300.0 32 35621.0 37665.0 300.0 300.0
851.994591155174 43 33725.0 36398.0 300.0 300.0 53 53649.0 57122.0 300.0 300.0
133.58333516798004 35 53878.0 57399.0 300.0 300.0 54 72370.0 74182.0 300.0 300.0
690.2090066911776 21 45494.0 48313.0 300.0 300.0 40 64130.0 67564.0 300.0 300.0
273.3118749941896 41 41351.0 43663.0 300.0 300.0 51 54765.0 56865.0 300.0 300.0
994.4938745820039 49 38197.0 41252.0 300.0 300.0 29 58196.0 60550.0 300.0 300.0
492.37129641092247 49 39125.0 41805.0 300.0 300.0 29 54101.0 56299.0 300.0 300.0
949.6655233492463 47 31076.0 34529.0 300.0 300.0 25 48412.0 51179.0 300.0 300.0
200.4989188348445 52 42066.0 44696.0 300.0 300.0 46 58987.0 62105.0 300.0 300.0
291.8611970229098 50 50311.0 52376.0 300.0 300.0 54 63419.0 66041.0 300.0 300.0
665.0779870600938 28 32247.0 34957.0 300.0 300.0 18 49885.0 53278.0 300.0 300.0
689.8378564612599 58 42841.0 46405.0 300.0 300.0 44 63710.0 66837.0 300.0 300.0
769.6803594285266 54 29544.0 33097.0 300.0 300.0 27 50617.0 52735.0 300.0 300.0
262.4089396268274 41 42661.0 45683.0 300.0 300.0 22 63026.0 65510.0 300.0 300.0
474.2656185977827 56 39682.0 42879.0 300.0 300.0 23 53723.0 55766.0 300.0 300.0
252.70580574913672 12 31437.0 34767.0 300.0 300.0 45 47162.0 50288.0 300.0 300.0
585.1509495262377 52 30419.0 33212.0 300.0 300.0 55 46554.0 50082.0 300.0 300.0
273.1736328830143 26 37889.0 40226.0 300.0 300.0 33 53696.0 55610.0 300.0 300.0
896.4826056340906 55 28361.0 30390.0 300.0 300.0 29 41916.0 45439.0 300.0 300.0
451.810488318625 40 44409.0 46640.0 300.0 300.0 13 62278.0 65687.0 300.0 300.0
84.21888756133788 60 23435.0 25543.0 300.0 300.0 38 36480.0 38939.0 300.0 300.0
899.5487332978096 28 21029.0 23337.0 300.0 300.0 55 38241.0 40478.0 300.0 300.0
653.9264461511052 24 24121.0 26689.0 300.0 300.0 52 42204.0 45673.0 300.0 300.0
64.64642905858543 36 31585.0 34845.0 300.0 300.0 24 46765.0 49973.0 300.0 300.0
359.72307879584184 15 30805.0 33300.0 300.0 300.0 54 44312.0 46345.0 300.0 300.0
110.67039011189183 31 41074.0 43232.0 300.0 300.0 14 60070.0 62282.0 300.0 300.0
527.5735657524888 52 52880.0 55886.0 300.0 300.0 34 73051.0 75692.0 300.0 300.0
552.6473748494946 43 36004.0 38899.0 300.0 300.0 14 56691.0 60286.0 300.0 300.0
695.3353902736362 38 48890.0 51313.0 300.0 300.0 59 66631.0 69039.0 300.0 300.0
98.15319187053639 28 45112.0 48206.0 300.0 300.0 12 63614.0 66752.0 300.0 300.0
597.3121242113003 29 28778.0 30610.0 300.0 300.0 35 44134.0 46031.0 300.0 300.0
287.7875612390517 19 41511.0 44576.0 300.0 300.0 10 56928.0 59800.0 300.0 300.0
304.82786116945795 59 19582.0 21506.0 300.0 300.0 17 36371.0 38452.0 300.0 300.0
918.3106774692786 58 20879.0 22827.0 300.0 300.0 56 39266.0 41083.0 300.0 300.0
928.0901613618305 17 36075.0 38555.0 300.0 300.0 18 55078.0 57203.0 300.0 300.0
901.7350009355382 14 23049.0 25349.0 300.0 300.0 42 42297.0 44396.0 300.0 300.0
689.3372582431531 33 39318.0 41133.0 300.0 300.0 47 54676.0 57832.0 300.0 300.0
689.285900790321 58 29968.0 32676.0 300.0 300.0 31 48510.0 51207.0 300.0 300.0
3.318048147443853 19 29103.0 31917.0 300.0 300.0 13 44774.0 47458.0 300.0 300.0
429.1570022905704 25 48557.0 51035.0 300.0 300.0 49 62102.0 64122.0 300.0 300.0
918.2602533562124 40 43056.0 46044.0 300.0 300.0 32 57497.0 60069.0 300.0 300.0
874.5550685936745 13 42166.0 45293.0 300.0 300.0 45 58416.0 61900.0 300.0 300.0
457.7409627123791 57 42856.0 45158.0 300.0 300.0 20 56881.0 59246.0 300.0 300.0
691.1922765256288 47 23994.0 26900.0 300.0 300.0 13 41215.0 44472.0 300.0 300.0
999.7644540850661 41 29850.0 33175.0 300.0 300.0 18 46385.0 48578.0 300.0 300.0
193.05738373315563 60 51527.0 53975.0 300.0 300.0 50 65544.0 67881.0 300.0 300.0
381.7235241717031 60 42093.0 43982.0 300.0 300.0 10 61711.0 65084.0 300.0 300.0
858.2683269756963 46 43652.0 45611.0 300.0 300.0 34 61769.0 64546.0 300.0 300.0
336.00193004770915 34 34791.0 37463.0 300.0 300.0 12 52710.0 55036.0 300.0 300.0
923.7425030023531 38 38811.0 41019.0 300.0 300.0 13 58240.0 61212.0 300.0 300.0
657.364966924065 20 26876.0 30194.0 300.0 300.0 12 44228.0 47312.0 300.0 300.0
343.35637840418354 23 50314.0 53377.0 300.0 300.0 60 69321.0 72283.0 300.0 300.0
55.963432100328724 17 51136.0 54647.0 300.0 300.0 27 70887.0 73066.0 300.0 300.0
818.6166498280489 34 38765.0 42011.0 300.0 300.0 44 58319.0 61461.0 300.0 300.0
444.0906522899023 25 53463.0 56124.0 300.0 300.0 31 67202.0 69598.0 300.0 300.0
107.42056841610925 10 48135.0 50018.0 300.0 300.0 20 63857.0 65666.0 300.0 300.0
785.5131692564026 22 42361.0 45561.0 300.0 300.0 27 57469.0 60243.0 300.0 300.0
503.4071267406288 39 30516.0 33962.0 300.0 300.0 13 49682.0 52116.0 300.0 300.0
57.34126692759622 14 21310.0 24811.0 300.0 300.0 21 41958.0 45105.0 300.0 300.0
108.23213015556554 58 49342.0 52671.0 300.0 300.0 39 70018.0 72850.0 300.0 300.0
149.4954612066781 48 28632.0 30747.0 300.0 300.0 59 48588.0 51388.0 300.0 300.0
128.7543007835492 11 42923.0 45949.0 300.0 300.0 18 60208.0 62587.0 300.0 300.0
78.70834008159811 44 23681.0 26499.0 300.0 300.0 57 42560.0 45473.0 300.0 300.0
991.8830544351039 60 49889.0 53274.0 300.0 300.0 29 64984.0 67872.0 300.0 300.0
4.906105796590232 27 21889.0 25254.0 300.0 300.0 49 41214.0 44057.0 300.0 300.0
137.37879037588573 41 18300.0 20325.0 300.0 300.0 34 37995.0 40403.0 300.0 300.0
599.3410420407404 47 52921.0 55437.0 300.0 300.0 27 73170.0 76120.0 300.0 300.0
213.24837759822103 40 47145.0 49000.0 300.0 300.0 21 61089.0 63380.0 300.0 300.0
76.9731738701056 33 38231.0 40072.0 300.0 300.0 27 50991.0 53226.0 300.0 300.0
333.96136765389974 16 27248.0 29282.0 300.0 300.0 50 40211.0 42564.0 300.0 300.0
30.675602609605445 52 19973.0 22669.0 300.0 300.0 45 37795.0 40270.0 300.0 300.0
577.3093847735007 54 18536.0 20469.0 300.0 300.0 42 35461.0 38395.0 300.0 300.0
311.5930211262569 14 23734.0 26241.0 300.0 300.0 42 37282.0 39345.0 300.0 300.0
984.5111002629777 15 18615.0 20582.0 300.0 300.0 54 34337.0 36534.0 300.0 300.0
917.5156175604361 59 47023.0 49903.0 300.0 300.0 13 63829.0 65935.0 300.0 300.0
717.6653124258348 40 53710.0 56220.0 300.0 300.0 33 68200.0 71160.0 300.0 300.0
867.9191824810233 21 18099.0 20976.0 300.0 300.0 24 38068.0 40948.0 300.0 300.0
430.7875142637535 36 37739.0 40839.0 300.0 300.0 45 52958.0 55194.0 300.0 300.0
658.2177412400833 31 26398.0 28931.0 300.0 300.0 55 39958.0 42856.0 300.0 300.0
271.72394498536613 20 34410.0 37439.0 300.0 300.0 46 55244.0 57585.0 300.0 300.0
254.00357991188304 32 53692.0 55869.0 300.0 300.0 19 73854.0 77034.0 300.0 300.0
682.8805651050253 37 21094.0 22988.0 300.0 300.0 52 34763.0 37679.0 300.0 300.0
975.2141358604214 37 35951.0 37862.0 300.0 300.0 10 52875.0 54723.0 300.0 300.0
473.9764322971745 48 21642.0 24031.0 300.0 300.0 42 41854.0 44512.0 300.0 300.0
656.2402656179477 45 25581.0 28282.0 300.0 300.0 29 44274.0 46297.0 300.0 300.0
649.3420692217367 22 40393.0 43601.0 300.0 300.0 11 58180.0 61529.0 300.0 300.0
386.3291915946743 10 37110.0 39729.0 300.0 300.0 47 51699.0 54834.0 300.0 300.0
569.4252655160449 37 35051.0 38457.0 300.0 300.0 46 52671.0 55372.0 300.0 300.0
29.964584676899776 33 19069.0 20922.0 300.0 300.0 59 33072.0 35451.0 300.0 300.0
79.30071138447381 36 23907.0 26782.0 300.0 300.0 51 43168.0 45664.0 300.0 300.0
803.3250706627722 32 20646.0 23948.0 300.0 300.0 10 34967.0 37119.0 300.0 300.0
848.6488144404245 24 50636.0 53709.0 300.0 300.0 51 64886.0 68367.0 300.0 300.0
3.9111370062862028 39 49026.0 52131.0 300.0 300.0 56 65752.0 68362.0 300.0 300.0
924.782171742299 16 51418.0 53452.0 300.0 300.0 52 67827.0 70861.0 300.0 300.0
728.8368047791577 37 38920.0 41956.0 300.0 300.0 52 54791.0 58019.0 300.0 300.0
224.14927159160115 20 23952.0 26146.0 300.0 300.0 39 40069.0 42339.0 300.0 300.0
105.33615144531827 58 33971.0 37473.0 300.0 300.0 26 48277.0 50782.0 300.0 300.0
683.9949108541176 49 21713.0 24733.0 300.0 300.0 11 42388.0 45395.0 300.0 300.0
336.3346575864645 48 31965.0 34015.0 300.0 300.0 33 45040.0 47122.0 300.0 300.0
104.54563688284446 34 30940.0 33312.0 300.0 300.0 42 50967.0 54160.0 300.0 300.0
235.46141137375642 57 49392.0 52878.0 300.0 300.0 19 69905.0 72233.0 300.0 300.0
357.6311877323365 40 43915.0 47048.0 300.0 300.0 48 59058.0 62130.0 300.0 300.0
999.9772552525648 55 38256.0 40152.0 300.0 300.0 27 57624.0 60470.0 300.0 300.0
878.8367994774004 45 47301.0 49858.0 300.0 300.0 34 63170.0 66724.0 300.0 300.0
716.4978702906421 32 35199.0 37583.0 300.0 300.0 47 49989.0 52295.0 300.0 300.0
940.2716521019211 17 46187.0 49529.0 300.0 300.0 60 61094.0 63592.0 300.0 300.0
592.1966738070288 59 47324.0 50382.0 300.0 300.0 41 66501.0 69809.0 300.0 300.0
597.3744232058715 46 52049.0 54898.0 300.0 300.0 30 68325.0 70809.0 300.0 300.0
591.8595639431882 43 51506.0 54519.0 300.0 300.0 21 70207.0 72634.0 300.0 300.0
877.7717335160903 35 23500.0 25417.0 300.0 300.0 14 42170.0 45484.0 300.0 300.0
86.58228732715123 43 44643.0 46909.0 300.0 300.0 24 58934.0 62484.0 300.0 300.0
429.3487153075711 43 45434.0 47994.0 300.0 300.0 37 59121.0 61993.0 300.0 300.0
190.27895055913524 47 45075.0 48316.0 300.0 300.0 16 59702.0 63068.0 300.0 300.0
649.0459621264398 16 44113.0 47175.0 300.0 300.0 30 59789.0 63210.0 300.0 300.0
692.106855997245 38 39284.0 42113.0 300.0 300.0 51 59963.0 62709.0 300.0 300.0
188.50502689288885 38 31862.0 33788.0 300.0 300.0 30 50857.0 52657.0 300.0 300.0
262.38752011597745 57 41811.0 44254.0 300.0 300.0 20 58312.0 60908.0 300.0 300.0
576.9565456111903 48 26361.0 28190.0 300.0 300.0 10 39392.0 41371.0 300.0 300.0
901.9657991369786 22 39802.0 42189.0 300.0 300.0 51 59257.0 62099.0 300.0 300.0
649.4726022611425 33 18761.0 22021.0 300.0 300.0 10 37925.0 40308.0 300.0 300.0
264.9258327211653 18 50587.0 52942.0 300.0 300.0 32 64410.0 67471.0 300.0 300.0
138.0507918930577 29 35021.0 37573.0 300.0 300.0 16 50849.0 54390.0 300.0 300.0
466.27575608359837 33 45697.0 48383.0 300.0 300.0 32 62414.0 64613.0 300.0 300.0
526.5010323354595 41 18545.0 21127.0 300.0 300.0 30 33519.0 36777.0 300.0 300.0
603.0998434502985 19 50488.0 52581.0 300.0 300.0 47 70234.0 72870.0 300.0 300.0
424.6812880601921 32 18227.0 21569.0 300.0 300.0 29 33334.0 36286.0 300.0 300.0
392.6062450975032 38 42482.0 44360.0 300.0 300.0 45 61279.0 63887.0 300.0 300.0
854.5647024638893 44 20868.0 23958.0 300.0 300.0 16 39603.0 42325.0 300.0 300.0
845.7012442679569 24 25195.0 27694.0 300.0 300.0 19 40429.0 43924.0 300.0 300.0
15.582109060747973 33 27359.0 29378.0 300.0 300.0 58 41818.0 44094.0 300.0 300.0
641.7941957063747 49 52003.0 53839.0 300.0 300.0 53 67843.0 69897.0 300.0 300.0
99.70810427750487 19 34323.0 37467.0 300.0 300.0 46 49496.0 52490.0 300.0 300.0
100.46109143211712 24 48791.0 50802.0 300.0 300.0 17 64368.0 67698.0 300.0 300.0
332.26279650079283 45 41734.0 44420.0 300.0 300.0 20 61283.0 63360.0 300.0 300.0
218.7180949236017 29 28136.0 31178.0 300.0 300.0 56 43875.0 46784.0 300.0 300.0
631.1708335225193 22 40556.0 42594.0 300.0 300.0 52 54207.0 57442.0 300.0 300.0
878.708323168504 22 52662.0 54861.0 300.0 300.0 40 69137.0 71205.0 300.0 300.0
598.6214000908643 35 45178.0 47589.0 300.0 300.0 24 61196.0 63083.0 300.0 300.0
858.6843962117952 40 25307.0 27120.0 300.0 300.0 29 41513.0 43906.0 300.0 300.0
212.24338744632288 44 31438.0 33927.0 300.0 300.0 20 45703.0 48706.0 300.0 300.0
888.7550761751108 33 21463.0 23269.0 300.0 300.0 25 40216.0 43173.0 300.0 300.0
779.9668132261727 15 32676.0 36120.0 300.0 300.0 35 47056.0 49312.0 300.0 300.0
479.80637412081694 49 47547.0 50593.0 300.0 300.0 18 66104.0 68954.0 300.0 300.0
909.9701225324243 51 23534.0 27103.0 300.0 300.0 24 38279.0 41334.0 300.0 300.0
276.53358513829886 41 53273.0 55269.0 300.0 300.0 50 66495.0 70017.0 300.0 300.0
355.1794366863781 43 50318.0 53261.0 300.0 300.0 39 71023.0 74190.0 300.0 300.0
10.231116427424581 60 52836.0 54932.0 300.0 300.0 39 69593.0 72478.0 300.0 300.0
285.7294657981836 37 35515.0 38959.0 300.0 300.0 34 51258.0 54737.0 300.0 300.0
879.8599646259913 40 43096.0 46529.0 300.0 300.0 44 58485.0 61051.0 300.0 300.0
472.0287049680696 46 30623.0 33824.0 300.0 300.0 30 47909.0 51163.0 300.0 300.0
106.29777814809228 26 33518.0 35511.0 300.0 300.0 17 49451.0 51415.0 300.0 300.0
909.3851061022799 44 41512.0 44214.0 300.0 300.0 14 57383.0 59509.0 300.0 300.0
79.30246999333923 60 25794.0 28248.0 300.0 300.0 55 45475.0 47479.0 300.0 300.0
950.7048374097163 38 22081.0 24720.0 300.0 300.0 47 40809.0 43746.0 300.0 300.0
653.6862848311862 35 42382.0 45555.0 300.0 300.0 11 59464.0 61782.0 300.0 300.0
139.11673725823692 25 20564.0 23568.0 300.0 300.0 39 36550.0 38592.0 300.0 300.0
813.9828138503025 47 52284.0 54997.0 300.0 300.0 30 68530.0 71453.0 300.0 300.0
734.4109419825473 13 42392.0 44895.0 300.0 300.0 44 62685.0 65208.0 300.0 300.0
788.3422287045852 15 53726.0 55715.0 300.0 300.0 16 72290.0 75446.0 300.0 300.0
727.2022702047115 38 49418.0 52518.0 300.0 300.0 13 66406.0 69899.0 300.0 300.0
284.7412507916478 48 35542.0 38832.0 300.0 300.0 11 54354.0 57078.0 300.0 300.0
738.4014954944507 17 33367.0 36346.0 300.0 300.0 22 47410.0 50310.0 300.0 300.0
487.440839967026 37 35352.0 38468.0 300.0 300.0 29 49877.0 52512.0 300.0 300.0
148.93789964698502 45 40847.0 44314.0 300.0 300.0 33 58455.0 61611.0 300.0 300.0
789.9472152048666 55 34441.0 37022.0 300.0 300.0 10 54310.0 57881.0 300.0 300.0
620.1411952495171 35 49851.0 52662.0 300.0 300.0 56 68825.0 71268.0 300.0 300.0
562.8784909987012 38 48860.0 52149.0 300.0 300.0 53 65152.0 67676.0 300.0 300.0
607.546436835282 42 48482.0 50553.0 300.0 300.0 47 63760.0 66233.0 300.0 300.0
30.8390931898318 58 51909.0 54572.0 300.0 300.0 37 71896.0 73912.0 300.0 300.0
783.2983068414474 33 27270.0 29215.0 300.0 300.0 19 46294.0 48359.0 300.0 300.0
140.7577500053001 58 32019.0 35076.0 300.0 300.0 44 48607.0 51637.0 300.0 300.0
442.33821740854006 55 37860.0 41251.0 300.0 300.0 48 56423.0 58427.0 300.0 300.0
83.62818686433849 43 37131.0 39477.0 300.0 300.0 49 56513.0 58741.0 300.0 300.0
937.0747931130686 43 50547.0 52540.0 300.0 300.0 22 65323.0 68906.0 300.0 300.0
430.057862012967 47 48147.0 50475.0 300.0 300.0 38 65676.0 67898.0 300.0 300.0
160.55301913495146 13 41918.0 45356.0 300.0 300.0 19 61873.0 64613.0 300.0 300.0
64.70383265007995 14 35718.0 39036.0 300.0 300.0 19 50893.0 54390.0 300.0 300.0
759.9152170606621 34 51111.0 53764.0 300.0 300.0 23 68906.0 71890.0 300.0 300.0
772.159619827122 59 37600.0 40725.0 300.0 300.0 44 56265.0 58748.0 300.0 300.0
525.2256299113682 50 45651.0 49031.0 300.0 300.0 43 61475.0 64336.0 300.0 300.0
313.12741481333285 60 26778.0 29028.0 300.0 300.0 48 41139.0 43362.0 300.0 300.0
662.9251632056731 28 28638.0 32184.0 300.0 300.0 16 46731.0 48634.0 300.0 300.0
620.1194368641761 33 27377.0 29619.0 300.0 300.0 30 41531.0 43498.0 300.0 300.0
62.08166371697666 35 42933.0 46426.0 300.0 300.0 25 62000.0 64621.0 300.0 300.0
681.2055176954442 16 37749.0 39870.0 300.0 300.0 27 51777.0 54402.0 300.0 300.0
313.36904390093247 56 21885.0 24467.0 300.0 300.0 17 42467.0 45600.0 300.0 300.0
222.56504279526024 59 38754.0 42078.0 300.0 300.0 28 57024.0 59583.0 300.0 300.0
997.8840207594524 36 50707.0 53420.0 300.0 300.0 11 70362.0 73253.0 300.0 300.0
259.28331704771057 30 36615.0 38527.0 300.0 300.0 26 53284.0 55216.0 300.0 300.0
462.40617234666684 50 50613.0 52809.0 300.0 300.0 38 64207.0 66996.0 300.0 300.0
381.8107174032669 39 23534.0 25499.0 300.0 300.0 16 41470.0 44135.0 300.0 300.0
10.815234798174478 39 43812.0 45681.0 300.0 300.0 50 58059.0 61393.0 300.0 300.0
565.0011452877723 26 42823.0 45770.0 300.0 300.0 12 57477.0 59530.0 300.0 300.0
723.7631758853389 38 50126.0 51997.0 300.0 300.0 32 67023.0 69577.0 300.0 300.0
719.2671279425634 32 25126.0 27754.0 300.0 300.0 26 41807.0 44588.0 300.0 300.0
260.3937908409627 36 31661.0 34560.0 300.0 300.0 57 47196.0 49535.0 300.0 300.0
900.1090385470711 20 20721.0 22968.0 300.0 300.0 34 35123.0 36925.0 300.0 300.0
271.3298934005288 55 41285.0 43854.0 300.0 300.0 12 58423.0 60741.0 300.0 300.0
413.4475097386202 21 49144.0 51568.0 300.0 300.0 18 63525.0 65587.0 300.0 300.0
970.0878749423515 37 43796.0 47058.0 300.0 300.0 46 62196.0 65381.0 300.0 300.0
219.534614174398 32 22766.0 26172.0 300.0 300.0 18 40329.0 43923.0 300.0 300.0
963.7045662415821 48 18157.0 21145.0 300.0 300.0 39 35578.0 37386.0 300.0 300.0
376.84796485973095 59 35528.0 38187.0 300.0 300.0 45 52595.0 55495.0 300.0 300.0
360.20315140991335 20 29034.0 31321.0 300.0 300.0 24 47314.0 50843.0 300.0 300.0
467.7527102010058 53 26024.0 28965.0 300.0 300.0 29 41122.0 43135.0 300.0 300.0
162.50391295104217 26 28548.0 30613.0 300.0 300.0 56 42401.0 45998.0 300.0 300.0
307.7066438592405 53 42455.0 44646.0 300.0 300.0 55 61193.0 63568.0 300.0 300.0
971.7855531234445 56 26498.0 29834.0 300.0 300.0 23 46305.0 49647.0 300.0 300.0
916.6053893331797 34 22655.0 26090.0 300.0 300.0 48 38727.0 40977.0 300.0 300.0
488.7920111862415 56 33711.0 37079.0 300.0 300.0 32 50422.0 52871.0 300.0 300.0
991.1231201150825 38 37382.0 40325.0 300.0 300.0 32 55127.0 58568.0 300.0 300.0
384.1941681691856 51 32254.0 34585.0 300.0 300.0 24 51797.0 54740.0 300.0 300.0
586.5731761087056 11 43109.0 45481.0 300.0 300.0 45 61193.0 63276.0 300.0 300.0
958.2714778088487 38 34365.0 37111.0 300.0 300.0 51 53616.0 56833.0 300.0 300.0
631.2454247886006 24 26539.0 28789.0 300.0 300.0 45 40926.0 44448.0 300.0 300.0
9.66337880855528 33 38591.0 41617.0 300.0 300.0 41 57709.0 60402.0 300.0 300.0
350.0999555160573 14 41662.0 45016.0 300.0 300.0 48 61002.0 63883.0 300.0 300.0
350.9193179168745 17 40924.0 43725.0 300.0 300.0 52 59792.0 62760.0 300.0 300.0
872.2094879038862 14 33032.0 35213.0 300.0 300.0 33 47108.0 50695.0 300.0 300.0
47.587173816073694 56 20193.0 23492.0 300.0 300.0 55 41090.0 43789.0 300.0 300.0
800.9252765653185 37 21708.0 23676.0 300.0 300.0 13 36307.0 39670.0 300.0 300.0
304.5386314613914 52 22497.0 24757.0 300.0 300.0 40 40324.0 42528.0 300.0 300.0
510.2414005996817 16 47459.0 49571.0 300.0 300.0 52 62471.0 65281.0 300.0 300.0
799.4231300213273 43 26494.0 28799.0 300.0 300.0 13 44098.0 47027.0 300.0 300.0
427.4794561631724 22 18895.0 21408.0 300.0 300.0 26 34133.0 37162.0 300.0 300.0
474.23716510630896 41 47657.0 50535.0 300.0 300.0 53 64479.0 67806.0 300.0 300.0
712.8104173965462 17 39520.0 41978.0 300.0 300.0 15 53538.0 56586.0 300.0 300.0
382.0272149402827 59 32448.0 34398.0 300.0 300.0 27 46452.0 49828.0 300.0 300.0
51.248479750518605 10 41715.0 44695.0 300.0 300.0 32 57588.0 60809.0 300.0 300.0
171.1317353403038 53 34432.0 36943.0 300.0 300.0 57 54547.0 57154.0 300.0 300.0
842.9463343702458 35 46573.0 49008.0 300.0 300.0 40 62071.0 64676.0 300.0 300.0
432.89465568765996 18 32805.0 35097.0 300.0 300.0 56 48273.0 50513.0 300.0 300.0
882.6174541266882 55 27566.0 30580.0 300.0 300.0 21 47675.0 50638.0 300.0 300.0
183.6174773199254 12 25159.0 28326.0 300.0 300.0 54 43015.0 45923.0 300.0 300.0
737.8119833755933 24 29457.0 32365.0 300.0 300.0 18 49949.0 52459.0 300.0 300.0
675.1964711105003 43 49599.0 51886.0 300.0 300.0 22 64176.0 66026.0 300.0 300.0
907.0522714298465 39 27605.0 29762.0 300.0 300.0 19 41909.0 44460.0 300.0 300.0
993.3295483669797 54 42015.0 45231.0 300.0 300.0 20 62597.0 66161.0 300.0 300.0
510.34810696990274 39 47107.0 49818.0 300.0 300.0 59 65179.0 67896.0 300.0 300.0
203.66508451194397 36 31202.0 33088.0 300.0 300.0 41 47662.0 50936.0 300.0 300.0
643.581650060612 33 33858.0 37431.0 300.0 300.0 55 54795.0 56597.0 300.0 300.0
325.4638851822804 26 21032.0 23975.0 300.0 300.0 41 40552.0 42881.0 300.0 300.0
631.2839724534906 36 37582.0 39854.0 300.0 300.0 24 56475.0 59453.0 300.0 300.0
64.29628968773137 54 45684.0 48051.0 300.0 300.0 36 61816.0 63768.0 300.0 300.0
615.3924309604112 46 23091.0 25324.0 300.0 300.0 27 40490.0 42434.0 300.0 300.0
919.4131031891924 24 26255.0 28186.0 300.0 300.0 43 45246.0 47387.0 300.0 300.0
206.03434090046323 42 36113.0 38943.0 300.0 300.0 49 54403.0 57743.0 300.0 300.0
131.4996571480086 38 19549.0 22069.0 300.0 300.0 44 33460.0 35508.0 300.0 300.0
138.95305533149883 45 25854.0 29107.0 300.0 300.0 60 44925.0 46962.0 300.0 300.0
570.7121448679354 38 27506.0 30730.0 300.0 300.0 40 42574.0 44605.0 300.0 300.0
986.9794142082964 41 34624.0 37786.0 300.0 300.0 30 53852.0 56970.0 300.0 300.0
435.74252833235636 44 45129.0 48534.0 300.0 300.0 14 61265.0 64368.0 300.0 300.0
273.4316848678968 25 35908.0 39070.0 300.0 300.0 19 51443.0 53262.0 300.0 300.0
879.0776494270418 51 44799.0 47594.0 300.0 300.0 55 64726.0 67585.0 300.0 300.0
756.3512262119776 36 47886.0 51318.0 300.0 300.0 30 65616.0 69016.0 300.0 300.0
962.8976594275481 32 27949.0 30630.0 300.0 300.0 30 46274.0 48623.0 300.0 300.0
976.27658196621 13 30878.0 33753.0 300.0 300.0 37 46997.0 49042.0 300.0 300.0
739.8643495131615 48 19982.0 22630.0 300.0 300.0 12 34446.0 38034.0 300.0 300.0
278.42638599138604 37 43079.0 45430.0 300.0 300.0 45 58746.0 61782.0 300.0 300.0
533.4181542169074 45 25354.0 28599.0 300.0 300.0 31 44597.0 47294.0 300.0 300.0
683.678650219631 57 19554.0 23105.0 300.0 300.0 26 38261.0 40812.0 300.0 300.0
437.54998429748827 11 23553.0 26047.0 300.0 300.0 59 39191.0 41679.0 300.0 300.0
51.95173359672567 47 28000.0 30124.0 300.0 300.0 16 47050.0 50063.0 300.0 300.0
675.1274596747296 41 31470.0 33589.0 300.0 300.0 28 49408.0 52842.0 300.0 300.0
676.236762558444 50 52611.0 55738.0 300.0 300.0 10 71484.0 74878.0 300.0 300.0
239.90050064957947 47 49849.0 52507.0 300.0 300.0 44 68646.0 70796.0 300.0 300.0
594.7058834913746 15 42508.0 44744.0 300.0 300.0 11 59032.0 60893.0 300.0 300.0
427.82657584468484 41 19299.0 22640.0 300.0 300.0 48 39245.0 42661.0 300.0 300.0
700.4987453251711 60 27872.0 30394.0 300.0 300.0 38 43075.0 45915.0 300.0 300.0
650.2551652642676 54 24937.0 28309.0 300.0 300.0 59 43895.0 47453.0 300.0 300.0
961.8265690236865 35 38021.0 41006.0 300.0 300.0 53 55236.0 58263.0 300.0 300.0
761.0841651226564 40 18279.0 20170.0 300.0 300.0 53 37983.0 40832.0 300.0 300.0
396.15224227524595 13 40343.0 42806.0 300.0 300.0 51 56713.0 59345.0 300.0 300.0
952.9112350035035 36 32548.0 34539.0 300.0 300.0 27 50382.0 52460.0 300.0 300.0
638.0094932590223 29 48963.0 52431.0 300.0 300.0 10 64508.0 66609.0 300.0 300.0
748.4897235414354 45 25108.0 28122.0 300.0 300.0 52 39316.0 42101.0 300.0 300.0
126.49076392232584 52 47315.0 50847.0 300.0 300.0 43 67999.0 70195.0 300.0 300.0
382.8762901608949 24 26256.0 29550.0 300.0 300.0 43 47234.0 49669.0 300.0 300.0
850.9120028616884 45 38051.0 41185.0 300.0 300.0 49 58876.0 61133.0 300.0 300.0
822.3139824167746 40 40930.0 43968.0 300.0 300.0 29 60715.0 63397.0 300.0 300.0
826.382897446245 22 47725.0 49653.0 300.0 300.0 23 65368.0 67845.0 300.0 300.0
166.29559513701352 59 32876.0 35144.0 300.0 300.0 25 48940.0 50805.0 300.0 300.0
729.0704879139082 59 42156.0 44359.0 300.0 300.0 22 55574.0 57389.0 300.0 300.0
331.9344811800832 46 23192.0 25212.0 300.0 300.0 54 39511.0 41565.0 300.0 300.0
467.32290213878247 25 28764.0 31065.0 300.0 300.0 31 44486.0 47611.0 300.0 300.0
811.6511084655549 11 50675.0 52971.0 300.0 300.0 30 63801.0 66534.0 300.0 300.0
572.3677713915774 25 41176.0 44660.0 300.0 300.0 18 62219.0 64688.0 300.0 300.0
247.54870036334765 32 51519.0 55087.0 300.0 300.0 41 69251.0 71831.0 300.0 300.0
693.243409141341 59 27364.0 30261.0 300.0 300.0 56 45149.0 47329.0 300.0 300.0
384.367378504204 26 22497.0 24484.0 300.0 300.0 38 36367.0 39278.0 300.0 300.0
816.5623708103018 55 34981.0 38246.0 300.0 300.0 56 50255.0 53145.0 300.0 300.0
187.6111052261249 34 49921.0 52240.0 300.0 300.0 10 64357.0 67953.0 300.0 300.0
103.62221005873418 30 37750.0 40425.0 300.0 300.0 52 52692.0 56276.0 300.0 300.0
68.7491715273263 32 26276.0 29801.0 300.0 300.0 10 42105.0 44705.0 300.0 300.0
55.61947422824576 49 38955.0 41918.0 300.0 300.0 45 59343.0 62171.0 300.0 300.0
4.094134038928887 30 50460.0 53300.0 300.0 300.0 50 70192.0 73117.0 300.0 300.0
552.0166619318511 29 48638.0 50809.0 300.0 300.0 47 66403.0 69303.0 300.0 300.0
111.214065157341 14 37673.0 41059.0 300.0 300.0 37 57929.0 61477.0 300.0 300.0
736.5583046184995 32 48989.0 52372.0 300.0 300.0 11 67598.0 70557.0 300.0 300.0
934.0878222595476 15 34166.0 36326.0 300.0 300.0 45 52520.0 54948.0 300.0 300.0
688.5107132922964 46 18950.0 21014.0 300.0 300.0 32 33498.0 36675.0 300.0 300.0
247.57326307079808 58 53695.0 56292.0 300.0 300.0 41 70404.0 72550.0 300.0 300.0
861.2587326080846 45 42042.0 44649.0 300.0 300.0 23 56587.0 58568.0 300.0 300.0
819.416477410179 37 43609.0 46708.0 300.0 300.0 45 59996.0 62408.0 300.0 300.0
803.6613401332202 21 43084.0 44981.0 300.0 300.0 36 58209.0 61342.0 300.0 300.0
944.6517618188306 30 18169.0 21370.0 300.0 300.0 15 39259.0 42438.0 300.0 300.0
218.1454431484756 48 20435.0 23928.0 300.0 300.0 31 39530.0 41465.0 300.0 300.0
107.86474187197948 28 47930.0 51009.0 300.0 300.0 41 63003.0 66120.0 300.0 300.0
829.3825265543965 56 47804.0 49794.0 300.0 300.0 42 66877.0 68847.0 300.0 300.0
232.82906364768297 57 43800.0 46983.0 300.0 300.0 52 62591.0 64660.0 300.0 300.0
323.8949732691595 25 49059.0 52193.0 300.0 300.0 56 66060.0 69025.0 300.0 300.0
280.27000869918453 60 31467.0 33451.0 300.0 300.0 45 51385.0 54917.0 300.0 300.0
118.80680115166508 13 26717.0 28587.0 300.0 300.0 46 41214.0 44176.0 300.0 300.0
571.1202594112768 56 21333.0 24822.0 300.0 300.0 43 37528.0 39750.0 300.0 300.0
381.2876828285039 45 30501.0 33855.0 300.0 300.0 13 45893.0 48315.0 300.0 300.0
997.1513580513212 12 47314.0 49530.0 300.0 300.0 39 66290.0 68308.0 300.0 300.0
362.5152866073079 44 43123.0 45612.0 300.0 300.0 11 58749.0 60648.0 300.0 300.0
70.20632097590962 53 35919.0 39371.0 300.0 300.0 24 55706.0 58519.0 300.0 300.0
154.0526765743757 16 53822.0 57302.0 300.0 300.0 15 72561.0 74786.0 300.0 300.0
626.7101626988525 23 47200.0 49846.0 300.0 300.0 44 61162.0 63241.0 300.0 300.0
702.6295907822723 22 29635.0 33033.0 300.0 300.0 28 48803.0 50867.0 300.0 300.0
501.3616790144343 34 38340.0 40153.0 300.0 300.0 52 57843.0 59883.0 300.0 300.0
723.0308904184982 24 38313.0 40688.0 300.0 300.0 20 54457.0 57922.0 300.0 300.0
902.9510218217247 20 25027.0 27296.0 300.0 300.0 55 43764.0 46728.0 300.0 300.0
779.1098167915836 40 47543.0 50131.0 300.0 300.0 10 63915.0 67063.0 300.0 300.0
840.5159939248601 43 32089.0 34962.0 300.0 300.0 48 47888.0 51145.0 300.0 300.0
620.207812043903 27 30043.0 32852.0 300.0 300.0 17 46928.0 48969.0 300.0 300.0
268.3355558345685 22 53215.0 55209.0 300.0 300.0 31 68354.0 70461.0 300.0 300.0
84.20474713614634 21 52285.0 54439.0 300.0 300.0 45 68015.0 70136.0 300.0 300.0
636.7265872744972 36 52569.0 55866.0 300.0 300.0 58 68532.0 70758.0 300.0 300.0
838.1438626004112 45 32344.0 34561.0 300.0 300.0 14 50921.0 52908.0 300.0 300.0
979.7965017889763 28 28702.0 32077.0 300.0 300.0 56 46329.0 48210.0 300.0 300.0
611.3518347872995 56 31679.0 34195.0 300.0 300.0 53 52128.0 54882.0 300.0 300.0
253.1262919099444 31 27812.0 29725.0 300.0 300.0 35 46657.0 48587.0 300.0 300.0
682.0570838802886 14 21600.0 25192.0 300.0 300.0 13 41471.0 44793.0 300.0 300.0
300.1026876040465 46 19013.0 21637.0 300.0 300.0 13 33090.0 35831.0 300.0 300.0
363.92620589006617 26 52727.0 54652.0 300.0 300.0 20 65676.0 68780.0 300.0 300.0
5.951287202529465 53 53106.0 55222.0 300.0 300.0 30 66396.0 68540.0 300.0 300.0
370.2893944004032 53 48830.0 52380.0 300.0 300.0 13 69194.0 71502.0 300.0 300.0
58.47996320508708 29 48231.0 51155.0 300.0 300.0 59 65289.0 67435.0 300.0 300.0
837.0893550600371 27 22848.0 24813.0 300.0 300.0 25 36166.0 39315.0 300.0 300.0
423.54209980692303 31 28804.0 30630.0 300.0 300.0 59 42035.0 44511.0 300.0 300.0
696.1140151263332 36 43492.0 46458.0 300.0 300.0 48 57982.0 60782.0 300.0 300.0
545.0573288746567 40 44068.0 46694.0 300.0 300.0 41 58022.0 60806.0 300.0 300.0
102.58972920772547 16 50279.0 52644.0 300.0 300.0 28 68465.0 71614.0 300.0 300.0
262.2500983322509 14 49359.0 52208.0 300.0 300.0 35 68697.0 71878.0 300.0 300.0
939.8186748322173 59 18804.0 21223.0 300.0 300.0 36 37688.0 39850.0 300.0 300.0
103.12138534459747 41 36365.0 39099.0 300.0 300.0 46 56705.0 59145.0 300.0 300.0
611.7194858748124 22 36218.0 39764.0 300.0 300.0 35 52075.0 54846.0 300.0 300.0
549.9710901287783 37 32218.0 35401.0 300.0 300.0 43 53289.0 55353.0 300.0 300.0
564.7251726641916 32 47603.0 50837.0 300.0 300.0 30 66902.0 69752.0 300.0 300.0
901.3260449986744 12 38463.0 40995.0 300.0 300.0 47 56410.0 59213.0 300.0 300.0
285.7320973313098 15 43881.0 46455.0 300.0 300.0 55 62679.0 65883.0 300.0 300.0
780.5662800199193 15 33767.0 36916.0 300.0 300.0 33 51264.0 54576.0 300.0 300.0
44.28299183570239 22 26346.0 29279.0 300.0 300.0 35 41796.0 45110.0 300.0 300.0
204.91923209414142 18 47813.0 49669.0 300.0 300.0 10 61371.0 63224.0 300.0 300.0
885.8786225096662 47 51238.0 53517.0 300.0 300.0 23 68971.0 71514.0 300.0 300.0
453.7203792761931 54 31837.0 34056.0 300.0 300.0 35 49319.0 52455.0 300.0 300.0
449.60083736725664 50 36349.0 39018.0 300.0 300.0 35 50821.0 53910.0 300.0 300.0
20.71160345541523 19 31001.0 33525.0 300.0 300.0 15 49979.0 52922.0 300.0 300.0
46.820469480225555 59 28555.0 31860.0 300.0 300.0 26 43320.0 45187.0 300.0 300.0
444.82537460362346 20 28590.0 30451.0 300.0 300.0 41 41577.0 44527.0 300.0 300.0
177.75662800159188 24 21675.0 23882.0 300.0 300.0 42 40789.0 44303.0 300.0 300.0
264.92679205074586 46 23067.0 25414.0 300.0 300.0 13 40756.0 43407.0 300.0 300.0
717.5293565725104 46 33205.0 36763.0 300.0 300.0 45 50225.0 53327.0 300.0 300.0
198.267573496825 20 43699.0 46259.0 300.0 300.0 56 61566.0 64497.0 300.0 300.0
420.9533843603838 28 20358.0 22313.0 300.0 300.0 12 37790.0 40469.0 300.0 300.0
596.2365260939873 20 23558.0 26576.0 300.0 300.0 21 38546.0 40830.0 300.0 300.0
82.88563070399223 16 42306.0 44217.0 300.0 300.0 44 60166.0 62472.0 300.0 300.0
465.03484027156 52 37749.0 41302.0 300.0 300.0 12 54130.0 56082.0 300.0 300.0
665.0642809559683 25 21681.0 24646.0 300.0 300.0 28 38013.0 40582.0 300.0 300.0
768.1983830100208 20 48197.0 51794.0 300.0 300.0 49 66732.0 69117.0 300.0 300.0
337.03846813139836 55 44848.0 47553.0 300.0 300.0 19 58949.0 61175.0 300.0 300.0
251.84975589062753 22 49665.0 52373.0 300.0 300.0 34 63556.0 65611.0 300.0 300.0
663.3374467320172 33 29263.0 31972.0 300.0 300.0 31 48939.0 52110.0 300.0 300.0
785.9776043630484 56 47374.0 49854.0 300.0 300.0 34 66858.0 69282.0 300.0 300.0
946.19277055579 14 40833.0 44190.0 300.0 300.0 13 62154.0 65303.0 300.0 300.0
814.0735193886143 11 21733.0 25199.0 300.0 300.0 15 40006.0 42297.0 300.0 300.0
957.0072549739717 32 39510.0 42966.0 300.0 300.0 21 60316.0 63885.0 300.0 300.0
301.6486657763652 18 22837.0 25466.0 300.0 300.0 23 36338.0 39795.0 300.0 300.0
273.8389256810396 16 33756.0 35641.0 300.0 300.0 31 50914.0 53359.0 300.0 300.0
908.4145357678883 17 53394.0 56326.0 300.0 300.0 31 70071.0 71899.0 300.0 300.0
109.28537352293421 28 33732.0 35693.0 300.0 300.0 33 52759.0 54898.0 300.0 300.0
550.5362112960055 20 42052.0 44943.0 300.0 300.0 35 61524.0 63786.0 300.0 300.0
645.5435772889023 45 18410.0 21092.0 300.0 300.0 30 33026.0 36387.0 300.0 300.0
124.01487918604248 13 22519.0 24692.0 300.0 300.0 44 41089.0 43615.0 300.0 300.0
382.68179494908395 48 37816.0 40788.0 300.0 300.0 37 57290.0 60642.0 300.0 300.0
717.9693590338892 39 53618.0 55676.0 300.0 300.0 44 72308.0 74412.0 300.0 300.0
103.2705959318555 49 42541.0 44524.0 300.0 300.0 11 58689.0 61916.0 300.0 300.0
931.7763317176269 45 20217.0 22079.0 300.0 300.0 22 39950.0 41947.0 300.0 300.0
621.8319733787827 11 41834.0 44945.0 300.0 300.0 32 60250.0 62776.0 300.0 300.0
931.4871317804976 52 50972.0 54153.0 300.0 300.0 46 71569.0 73516.0 300.0 300.0
240.80362871867 38 46281.0 49043.0 300.0 300.0 27 65674.0 68578.0 300.0 300.0
131.82759291531488 51 34522.0 36961.0 300.0 300.0 14 48535.0 51645.0 300.0 300.0
604.9835634183864 45 29277.0 31608.0 300.0 300.0 34 49142.0 51908.0 300.0 300.0
97.94665236424183 43 19258.0 21900.0 300.0 300.0 46 34509.0 36534.0 300.0 300.0
622.1925511914917 54 49572.0 52484.0 300.0 300.0 49 65451.0 68437.0 300.0 300.0
637.8222704633424 51 21398.0 23522.0 300.0 300.0 10 40014.0 41850.0 300.0 300.0
97.0220472405463 55 29868.0 32995.0 300.0 300.0 59 49203.0 51043.0 300.0 300.0
548.1505735172456 39 47870.0 50659.0 300.0 300.0 22 65213.0 67263.0 300.0 300.0
364.2482748563308 59 52956.0 54993.0 300.0 300.0 24 69842.0 72900.0 300.0 300.0
14.297495228468682 48 18534.0 21011.0 300.0 300.0 52 37623.0 39978.0 300.0 300.0
275.3917286276748 19 24995.0 27510.0 300.0 300.0 56 44303.0 47178.0 300.0 300.0
913.5232738739204 49 38555.0 41360.0 300.0 300.0 21 58112.0 61033.0 300.0 300.0
511.9612516419906 26 25155.0 28214.0 300.0 300.0 47 44559.0 46962.0 300.0 300.0
879.6109548201384 46 48257.0 51663.0 300.0 300.0 33 67826.0 70547.0 300.0 300.0
107.49467910837186 28 24739.0 27370.0 300.0 300.0 23 43502.0 46752.0 300.0 300.0
840.0303409674297 38 50313.0 52263.0 300.0 300.0 29 66698.0 69143.0 300.0 300.0
852.3214777450996 33 43739.0 46304.0 300.0 300.0 11 57506.0 61045.0 300.0 300.0
202.01418931338443 15 32656.0 34651.0 300.0 300.0 55 52122.0 55115.0 300.0 300.0
634.1268804036599 32 44392.0 47704.0 300.0 300.0 55 63672.0 66058.0 300.0 300.0
43.949023607309236 33 53528.0 56279.0 300.0 300.0 18 67553.0 70410.0 300.0 300.0
797.3683023958251 28 41011.0 44439.0 300.0 300.0 42 61830.0 64657.0 300.0 300.0
650.2081028506091 50 50648.0 53860.0 300.0 300.0 40 70865.0 74367.0 300.0 300.0
958.2378851104422 54 52012.0 55144.0 300.0 300.0 10 69019.0 71825.0 300.0 300.0
832.2624845163906 33 32799.0 34769.0 300.0 300.0 50 47658.0 49907.0 300.0 300.0
921.4008706600868 30 25862.0 28629.0 300.0 300.0 33 46292.0 49272.0 300.0 300.0
512.2666748224624 50 31194.0 33111.0 300.0 300.0 11 49776.0 52644.0 300.0 300.0
51.775832035210186 25 49200.0 51658.0 300.0 300.0 19 63505.0 66462.0 300.0 300.0
547.3633492284137 27 24917.0 27183.0 300.0 300.0 24 40792.0 44212.0 300.0 300.0
660.1311462125833 12 27905.0 30611.0 300.0 300.0 25 48116.0 51056.0 300.0 300.0
268.1029001293772 47 43278.0 45852.0 300.0 300.0 52 61139.0 63199.0 300.0 300.0
275.6074334501336 45 32749.0 35671.0 300.0 300.0 58 46494.0 49420.0 300.0 300.0
451.41781693474894 57 25223.0 27208.0 300.0 300.0 53 42765.0 45369.0 300.0 300.0
571.162749593773 34 30589.0 33306.0 300.0 300.0 26 49172.0 51761.0 300.0 300.0
690.6911921667257 42 43511.0 45997.0 300.0 300.0 30 61566.0 64722.0 300.0 300.0
758.4779049104739 43 33158.0 36613.0 300.0 300.0 53 49761.0 52296.0 300.0 300.0
340.1538124004431 16 50292.0 53628.0 300.0 300.0 54 66443.0 69935.0 300.0 300.0
415.531054861178 38 45305.0 47602.0 300.0 300.0 12 59816.0 62557.0 300.0 300.0
360.048359408512 49 24333.0 26223.0 300.0 300.0 21 42912.0 45391.0 300.0 300.0
500.70360682649664 11 45224.0 47060.0 300.0 300.0 54 58471.0 60348.0 300.0 300.0
669.0023187920943 60 35441.0 39012.0 300.0 300.0 43 56239.0 58192.0 300.0 300.0
149.14117561004858 18 20631.0 24084.0 300.0 300.0 57 35873.0 38363.0 300.0 300.0
701.5153169377014 20 49815.0 52937.0 300.0 300.0 26 67627.0 70835.0 300.0 300.0
256.7655827484806 25 40035.0 42849.0 300.0 300.0 11 59792.0 62099.0 300.0 300.0
186.43419370955826 33 48007.0 50149.0 300.0 300.0 38 62972.0 65077.0 300.0 300.0
